RevID,VarID,LocID,TimeID,IndicatorID,SexID,Value
18,202,108,101,10,2,40.59
18,202,108,102,10,2,42.09
18,202,108,103,10,2,43.61
18,202,108,104,10,2,45.12
18,202,108,105,10,2,45.83
18,202,108,106,10,2,47.72
18,202,108,107,10,2,48.69
18,202,108,108,10,2,49.76
18,202,108,109,10,2,48.41
18,202,108,110,10,2,48.85
18,202,108,111,10,2,52.88
18,202,108,112,10,2,56.95
18,202,108,113,10,2,60.68
18,202,108,114,10,2,62.8
18,202,108,115,10,2,64.8647
18,202,108,116,10,2,66.7118
18,202,108,117,10,2,68.4986
18,202,108,118,10,2,70.1005
18,202,108,119,10,2,71.4722
18,202,108,120,10,2,72.7776
18,202,108,121,10,2,73.9605
18,202,108,122,10,2,75.1099
18,202,108,123,10,2,76.0008
18,202,108,124,10,2,76.944
18,202,108,125,10,2,77.7089
18,202,108,126,10,2,78.4734
18,202,108,127,10,2,79.1561
18,202,108,128,10,2,79.8774
18,202,108,129,10,2,80.6724
18,202,108,130,10,2,81.3144
18,204,108,101,10,2,40.59
18,204,108,102,10,2,42.09
18,204,108,103,10,2,43.61
18,204,108,104,10,2,45.12
18,204,108,105,10,2,45.83
18,204,108,106,10,2,47.72
18,204,108,107,10,2,48.69
18,204,108,108,10,2,49.76
18,204,108,109,10,2,48.41
18,204,108,110,10,2,48.85
18,204,108,111,10,2,52.88
18,204,108,112,10,2,56.95
18,204,108,113,10,2,60.68
18,204,108,114,10,2,62.8
18,204,108,115,10,2,63.3368
18,204,108,116,10,2,64.6076
18,204,108,117,10,2,65.5617
18,204,108,118,10,2,66.6767
18,204,108,119,10,2,67.7145
18,204,108,120,10,2,68.5956
18,204,108,121,10,2,69.567
18,204,108,122,10,2,70.1799
18,204,108,123,10,2,70.9576
18,204,108,124,10,2,71.5847
18,204,108,125,10,2,72.3701
18,204,108,126,10,2,73.2452
18,204,108,127,10,2,73.8113
18,204,108,128,10,2,74.3429
18,204,108,129,10,2,74.992
18,204,108,130,10,2,75.2343
18,203,108,101,10,2,40.59
18,203,108,102,10,2,42.09
18,203,108,103,10,2,43.61
18,203,108,104,10,2,45.12
18,203,108,105,10,2,45.83
18,203,108,106,10,2,47.72
18,203,108,107,10,2,48.69
18,203,108,108,10,2,49.76
18,203,108,109,10,2,48.41
18,203,108,110,10,2,48.85
18,203,108,111,10,2,52.88
18,203,108,112,10,2,56.95
18,203,108,113,10,2,60.68
18,203,108,114,10,2,62.8
18,203,108,115,10,2,66.1708
18,203,108,116,10,2,68.9108
18,203,108,117,10,2,71.2324
18,203,108,118,10,2,73.5044
18,203,108,119,10,2,75.2765
18,203,108,120,10,2,76.988
18,203,108,121,10,2,78.4876
18,203,108,122,10,2,79.5819
18,203,108,123,10,2,80.5758
18,203,108,124,10,2,81.4863
18,203,108,125,10,2,82.3615
18,203,108,126,10,2,83.2222
18,203,108,127,10,2,84.0071
18,203,108,128,10,2,84.7968
18,203,108,129,10,2,85.4914
18,203,108,130,10,2,86.1646
18,207,108,101,10,2,40.59
18,207,108,102,10,2,42.09
18,207,108,103,10,2,43.61
18,207,108,104,10,2,45.12
18,207,108,105,10,2,45.83
18,207,108,106,10,2,47.72
18,207,108,107,10,2,48.69
18,207,108,108,10,2,49.76
18,207,108,109,10,2,48.41
18,207,108,110,10,2,48.85
18,207,108,111,10,2,52.88
18,207,108,112,10,2,56.95
18,207,108,113,10,2,60.68
18,207,108,114,10,2,62.8
18,207,108,115,10,2,62.7139
18,207,108,116,10,2,63.5764
18,207,108,117,10,2,64.1054
18,207,108,118,10,2,65.1645
18,207,108,119,10,2,65.9184
18,207,108,120,10,2,66.5538
18,207,108,121,10,2,67.2985
18,207,108,122,10,2,67.609
18,207,108,123,10,2,68.3226
18,207,108,124,10,2,69.1013
18,207,108,125,10,2,69.374
18,207,108,126,10,2,70.0754
18,207,108,127,10,2,70.3874
18,207,108,128,10,2,70.9268
18,207,108,129,10,2,71.2768
18,207,108,130,10,2,71.6788
18,206,108,101,10,2,40.59
18,206,108,102,10,2,42.09
18,206,108,103,10,2,43.61
18,206,108,104,10,2,45.12
18,206,108,105,10,2,45.83
18,206,108,106,10,2,47.72
18,206,108,107,10,2,48.69
18,206,108,108,10,2,49.76
18,206,108,109,10,2,48.41
18,206,108,110,10,2,48.85
18,206,108,111,10,2,52.88
18,206,108,112,10,2,56.95
18,206,108,113,10,2,60.68
18,206,108,114,10,2,62.8
18,206,108,115,10,2,66.9446
18,206,108,116,10,2,70.0603
18,206,108,117,10,2,72.7774
18,206,108,118,10,2,75.2406
18,206,108,119,10,2,77.444
18,206,108,120,10,2,79.3051
18,206,108,121,10,2,80.3152
18,206,108,122,10,2,81.7328
18,206,108,123,10,2,82.7026
18,206,108,124,10,2,83.5649
18,206,108,125,10,2,84.8005
18,206,108,126,10,2,85.7923
18,206,108,127,10,2,86.4448
18,206,108,128,10,2,87.3636
18,206,108,129,10,2,87.7719
18,206,108,130,10,2,88.212
18,8,108,101,10,2,40.59
18,8,108,102,10,2,42.09
18,8,108,103,10,2,43.61
18,8,108,104,10,2,45.12
18,8,108,105,10,2,45.83
18,8,108,106,10,2,47.72
18,8,108,107,10,2,48.69
18,8,108,108,10,2,49.76
18,8,108,109,10,2,48.41
18,8,108,110,10,2,48.85
18,8,108,111,10,2,52.88
18,8,108,112,10,2,56.95
18,8,108,113,10,2,60.68
18,8,108,114,10,2,62.8
18,8,108,115,10,2,62.8
18,8,108,116,10,2,62.8
18,8,108,117,10,2,62.8
18,8,108,118,10,2,62.8
18,8,108,119,10,2,62.8
18,8,108,120,10,2,62.8
18,8,108,121,10,2,62.8
18,8,108,122,10,2,62.8
18,8,108,123,10,2,62.8
18,8,108,124,10,2,62.8
18,8,108,125,10,2,62.8
18,8,108,126,10,2,62.8
18,8,108,127,10,2,62.8
18,8,108,128,10,2,62.8
18,8,108,129,10,2,62.8
18,8,108,130,10,2,62.8
18,202,174,101,10,2,40
18,202,174,102,10,2,42
18,202,174,103,10,2,44
18,202,174,104,10,2,46
18,202,174,105,10,2,48.59
18,202,174,106,10,2,50.76
18,202,174,107,10,2,53.91
18,202,174,108,10,2,56.89
18,202,174,109,10,2,59.4
18,202,174,110,10,2,60.85
18,202,174,111,10,2,61.24
18,202,174,112,10,2,62.51
18,202,174,113,10,2,64.5
18,202,174,114,10,2,65.76
18,202,174,115,10,2,66.8459
18,202,174,116,10,2,67.896
18,202,174,117,10,2,68.716
18,202,174,118,10,2,69.5653
18,202,174,119,10,2,70.4462
18,202,174,120,10,2,71.3135
18,202,174,121,10,2,72.01
18,202,174,122,10,2,72.816
18,202,174,123,10,2,73.5012
18,202,174,124,10,2,74.1746
18,202,174,125,10,2,74.7641
18,202,174,126,10,2,75.344
18,202,174,127,10,2,75.9076
18,202,174,128,10,2,76.5545
18,202,174,129,10,2,77.1209
18,202,174,130,10,2,77.6955
18,204,174,101,10,2,40
18,204,174,102,10,2,42
18,204,174,103,10,2,44
18,204,174,104,10,2,46
18,204,174,105,10,2,48.59
18,204,174,106,10,2,50.76
18,204,174,107,10,2,53.91
18,204,174,108,10,2,56.89
18,204,174,109,10,2,59.4
18,204,174,110,10,2,60.85
18,204,174,111,10,2,61.24
18,204,174,112,10,2,62.51
18,204,174,113,10,2,64.5
18,204,174,114,10,2,65.76
18,204,174,115,10,2,65.6417
18,204,174,116,10,2,66.1208
18,204,174,117,10,2,66.6761
18,204,174,118,10,2,67.1831
18,204,174,119,10,2,67.5372
18,204,174,120,10,2,67.9758
18,204,174,121,10,2,68.4943
18,204,174,122,10,2,69.1352
18,204,174,123,10,2,69.6566
18,204,174,124,10,2,70.1575
18,204,174,125,10,2,70.7278
18,204,174,126,10,2,71.0702
18,204,174,127,10,2,71.33
18,204,174,128,10,2,71.8692
18,204,174,129,10,2,72.1304
18,204,174,130,10,2,72.6612
18,203,174,101,10,2,40
18,203,174,102,10,2,42
18,203,174,103,10,2,44
18,203,174,104,10,2,46
18,203,174,105,10,2,48.59
18,203,174,106,10,2,50.76
18,203,174,107,10,2,53.91
18,203,174,108,10,2,56.89
18,203,174,109,10,2,59.4
18,203,174,110,10,2,60.85
18,203,174,111,10,2,61.24
18,203,174,112,10,2,62.51
18,203,174,113,10,2,64.5
18,203,174,114,10,2,65.76
18,203,174,115,10,2,68.2904
18,203,174,116,10,2,69.8721
18,203,174,117,10,2,71.3553
18,203,174,118,10,2,72.535
18,203,174,119,10,2,73.5144
18,203,174,120,10,2,74.5543
18,203,174,121,10,2,75.6425
18,203,174,122,10,2,76.4381
18,203,174,123,10,2,77.3577
18,203,174,124,10,2,78.0186
18,203,174,125,10,2,78.8313
18,203,174,126,10,2,79.531
18,203,174,127,10,2,80.2512
18,203,174,128,10,2,81.0489
18,203,174,129,10,2,81.7377
18,203,174,130,10,2,82.3252
18,207,174,101,10,2,40
18,207,174,102,10,2,42
18,207,174,103,10,2,44
18,207,174,104,10,2,46
18,207,174,105,10,2,48.59
18,207,174,106,10,2,50.76
18,207,174,107,10,2,53.91
18,207,174,108,10,2,56.89
18,207,174,109,10,2,59.4
18,207,174,110,10,2,60.85
18,207,174,111,10,2,61.24
18,207,174,112,10,2,62.51
18,207,174,113,10,2,64.5
18,207,174,114,10,2,65.76
18,207,174,115,10,2,64.8529
18,207,174,116,10,2,65.1603
18,207,174,117,10,2,65.4218
18,207,174,118,10,2,65.9333
18,207,174,119,10,2,66.1762
18,207,174,120,10,2,66.7327
18,207,174,121,10,2,66.6372
18,207,174,122,10,2,67.1141
18,207,174,123,10,2,67.4934
18,207,174,124,10,2,68.0177
18,207,174,125,10,2,68.5786
18,207,174,126,10,2,68.9282
18,207,174,127,10,2,68.9878
18,207,174,128,10,2,69.3707
18,207,174,129,10,2,69.9202
18,207,174,130,10,2,70.1782
18,206,174,101,10,2,40
18,206,174,102,10,2,42
18,206,174,103,10,2,44
18,206,174,104,10,2,46
18,206,174,105,10,2,48.59
18,206,174,106,10,2,50.76
18,206,174,107,10,2,53.91
18,206,174,108,10,2,56.89
18,206,174,109,10,2,59.4
18,206,174,110,10,2,60.85
18,206,174,111,10,2,61.24
18,206,174,112,10,2,62.51
18,206,174,113,10,2,64.5
18,206,174,114,10,2,65.76
18,206,174,115,10,2,68.7913
18,206,174,116,10,2,70.9691
18,206,174,117,10,2,72.523
18,206,174,118,10,2,73.9825
18,206,174,119,10,2,75.3145
18,206,174,120,10,2,76.6029
18,206,174,121,10,2,77.4524
18,206,174,122,10,2,78.1666
18,206,174,123,10,2,79.1824
18,206,174,124,10,2,79.979
18,206,174,125,10,2,80.9631
18,206,174,126,10,2,81.8362
18,206,174,127,10,2,82.4481
18,206,174,128,10,2,83.3105
18,206,174,129,10,2,84.0084
18,206,174,130,10,2,84.6601
18,8,174,101,10,2,40
18,8,174,102,10,2,42
18,8,174,103,10,2,44
18,8,174,104,10,2,46
18,8,174,105,10,2,48.59
18,8,174,106,10,2,50.76
18,8,174,107,10,2,53.91
18,8,174,108,10,2,56.89
18,8,174,109,10,2,59.4
18,8,174,110,10,2,60.85
18,8,174,111,10,2,61.24
18,8,174,112,10,2,62.51
18,8,174,113,10,2,64.5
18,8,174,114,10,2,65.76
18,8,174,115,10,2,65.76
18,8,174,116,10,2,65.76
18,8,174,117,10,2,65.76
18,8,174,118,10,2,65.76
18,8,174,119,10,2,65.76
18,8,174,120,10,2,65.76
18,8,174,121,10,2,65.76
18,8,174,122,10,2,65.76
18,8,174,123,10,2,65.76
18,8,174,124,10,2,65.76
18,8,174,125,10,2,65.76
18,8,174,126,10,2,65.76
18,8,174,127,10,2,65.76
18,8,174,128,10,2,65.76
18,8,174,129,10,2,65.76
18,8,174,130,10,2,65.76
18,202,262,101,10,2,42.38
18,202,262,102,10,2,44.29
18,202,262,103,10,2,46.51
18,202,262,104,10,2,48.68
18,202,262,105,10,2,52.41
18,202,262,106,10,2,54.1
18,202,262,107,10,2,56.24
18,202,262,108,10,2,57.66
18,202,262,109,10,2,58.67
18,202,262,110,10,2,58.71
18,202,262,111,10,2,58.78
18,202,262,112,10,2,60.54
18,202,262,113,10,2,63.24
18,202,262,114,10,2,68.74
18,202,262,115,10,2,70.3705
18,202,262,116,10,2,71.8005
18,202,262,117,10,2,73.098
18,202,262,118,10,2,74.3256
18,202,262,119,10,2,75.4562
18,202,262,120,10,2,76.3692
18,202,262,121,10,2,77.1799
18,202,262,122,10,2,78.1201
18,202,262,123,10,2,78.9348
18,202,262,124,10,2,79.6928
18,202,262,125,10,2,80.3752
18,202,262,126,10,2,81.1891
18,202,262,127,10,2,81.8166
18,202,262,128,10,2,82.4112
18,202,262,129,10,2,83.0506
18,202,262,130,10,2,83.6806
18,204,262,101,10,2,42.38
18,204,262,102,10,2,44.29
18,204,262,103,10,2,46.51
18,204,262,104,10,2,48.68
18,204,262,105,10,2,52.41
18,204,262,106,10,2,54.1
18,204,262,107,10,2,56.24
18,204,262,108,10,2,57.66
18,204,262,109,10,2,58.67
18,204,262,110,10,2,58.71
18,204,262,111,10,2,58.78
18,204,262,112,10,2,60.54
18,204,262,113,10,2,63.24
18,204,262,114,10,2,68.74
18,204,262,115,10,2,69.0585
18,204,262,116,10,2,69.7487
18,204,262,117,10,2,70.7164
18,204,262,118,10,2,71.5526
18,204,262,119,10,2,72.1267
18,204,262,120,10,2,72.8588
18,204,262,121,10,2,73.4928
18,204,262,122,10,2,73.9832
18,204,262,123,10,2,74.5836
18,204,262,124,10,2,75.2334
18,204,262,125,10,2,75.7631
18,204,262,126,10,2,76.34
18,204,262,127,10,2,76.9682
18,204,262,128,10,2,77.4996
18,204,262,129,10,2,78.002
18,204,262,130,10,2,78.5662
18,203,262,101,10,2,42.38
18,203,262,102,10,2,44.29
18,203,262,103,10,2,46.51
18,203,262,104,10,2,48.68
18,203,262,105,10,2,52.41
18,203,262,106,10,2,54.1
18,203,262,107,10,2,56.24
18,203,262,108,10,2,57.66
18,203,262,109,10,2,58.67
18,203,262,110,10,2,58.71
18,203,262,111,10,2,58.78
18,203,262,112,10,2,60.54
18,203,262,113,10,2,63.24
18,203,262,114,10,2,68.74
18,203,262,115,10,2,71.6672
18,203,262,116,10,2,73.6939
18,203,262,117,10,2,75.4403
18,203,262,118,10,2,77.0513
18,203,262,119,10,2,78.5735
18,203,262,120,10,2,79.8147
18,203,262,121,10,2,80.6755
18,203,262,122,10,2,81.5312
18,203,262,123,10,2,82.4689
18,203,262,124,10,2,83.2648
18,203,262,125,10,2,84.1071
18,203,262,126,10,2,85.0038
18,203,262,127,10,2,85.675
18,203,262,128,10,2,86.4313
18,203,262,129,10,2,87.086
18,203,262,130,10,2,87.8396
18,207,262,101,10,2,42.38
18,207,262,102,10,2,44.29
18,207,262,103,10,2,46.51
18,207,262,104,10,2,48.68
18,207,262,105,10,2,52.41
18,207,262,106,10,2,54.1
18,207,262,107,10,2,56.24
18,207,262,108,10,2,57.66
18,207,262,109,10,2,58.67
18,207,262,110,10,2,58.71
18,207,262,111,10,2,58.78
18,207,262,112,10,2,60.54
18,207,262,113,10,2,63.24
18,207,262,114,10,2,68.74
18,207,262,115,10,2,68.3755
18,207,262,116,10,2,68.83
18,207,262,117,10,2,69.3813
18,207,262,118,10,2,70.0906
18,207,262,119,10,2,70.4986
18,207,262,120,10,2,71.3589
18,207,262,121,10,2,71.9542
18,207,262,122,10,2,72.3189
18,207,262,123,10,2,72.7942
18,207,262,124,10,2,73.1082
18,207,262,125,10,2,73.6079
18,207,262,126,10,2,73.8483
18,207,262,127,10,2,74.458
18,207,262,128,10,2,74.842
18,207,262,129,10,2,75.2466
18,207,262,130,10,2,75.6453
18,206,262,101,10,2,42.38
18,206,262,102,10,2,44.29
18,206,262,103,10,2,46.51
18,206,262,104,10,2,48.68
18,206,262,105,10,2,52.41
18,206,262,106,10,2,54.1
18,206,262,107,10,2,56.24
18,206,262,108,10,2,57.66
18,206,262,109,10,2,58.67
18,206,262,110,10,2,58.71
18,206,262,111,10,2,58.78
18,206,262,112,10,2,60.54
18,206,262,113,10,2,63.24
18,206,262,114,10,2,68.74
18,206,262,115,10,2,72.2126
18,206,262,116,10,2,74.6055
18,206,262,117,10,2,76.4775
18,206,262,118,10,2,78.3684
18,206,262,119,10,2,80.0079
18,206,262,120,10,2,81.3208
18,206,262,121,10,2,82.3631
18,206,262,122,10,2,83.3452
18,206,262,123,10,2,84.0664
18,206,262,124,10,2,85.0617
18,206,262,125,10,2,86.0022
18,206,262,126,10,2,86.6268
18,206,262,127,10,2,87.5052
18,206,262,128,10,2,88.199
18,206,262,129,10,2,88.7962
18,206,262,130,10,2,89.6177
18,8,262,101,10,2,42.38
18,8,262,102,10,2,44.29
18,8,262,103,10,2,46.51
18,8,262,104,10,2,48.68
18,8,262,105,10,2,52.41
18,8,262,106,10,2,54.1
18,8,262,107,10,2,56.24
18,8,262,108,10,2,57.66
18,8,262,109,10,2,58.67
18,8,262,110,10,2,58.71
18,8,262,111,10,2,58.78
18,8,262,112,10,2,60.54
18,8,262,113,10,2,63.24
18,8,262,114,10,2,68.74
18,8,262,115,10,2,68.74
18,8,262,116,10,2,68.74
18,8,262,117,10,2,68.74
18,8,262,118,10,2,68.74
18,8,262,119,10,2,68.74
18,8,262,120,10,2,68.74
18,8,262,121,10,2,68.74
18,8,262,122,10,2,68.74
18,8,262,123,10,2,68.74
18,8,262,124,10,2,68.74
18,8,262,125,10,2,68.74
18,8,262,126,10,2,68.74
18,8,262,127,10,2,68.74
18,8,262,128,10,2,68.74
18,8,262,129,10,2,68.74
18,8,262,130,10,2,68.74
18,202,232,101,10,2,35.39
18,202,232,102,10,2,38.09
18,202,232,103,10,2,41.63
18,202,232,104,10,2,43.7
18,202,232,105,10,2,45.88
18,202,232,106,10,2,47.6
18,202,232,107,10,2,49.01
18,202,232,108,10,2,50.21
18,202,232,109,10,2,52.65
18,202,232,110,10,2,55.73
18,202,232,111,10,2,58.79
18,202,232,112,10,2,62.74
18,202,232,113,10,2,65.55
18,202,232,114,10,2,67.96
18,202,232,115,10,2,70.1006
18,202,232,116,10,2,71.8741
18,202,232,117,10,2,73.5198
18,202,232,118,10,2,74.8598
18,202,232,119,10,2,75.9816
18,202,232,120,10,2,77.0446
18,202,232,121,10,2,78.0156
18,202,232,122,10,2,78.9511
18,202,232,123,10,2,79.7692
18,202,232,124,10,2,80.4826
18,202,232,125,10,2,81.2025
18,202,232,126,10,2,82.0287
18,202,232,127,10,2,82.7957
18,202,232,128,10,2,83.4291
18,202,232,129,10,2,84.0203
18,202,232,130,10,2,84.6192
18,204,232,101,10,2,35.39
18,204,232,102,10,2,38.09
18,204,232,103,10,2,41.63
18,204,232,104,10,2,43.7
18,204,232,105,10,2,45.88
18,204,232,106,10,2,47.6
18,204,232,107,10,2,49.01
18,204,232,108,10,2,50.21
18,204,232,109,10,2,52.65
18,204,232,110,10,2,55.73
18,204,232,111,10,2,58.79
18,204,232,112,10,2,62.74
18,204,232,113,10,2,65.55
18,204,232,114,10,2,67.96
18,204,232,115,10,2,68.7538
18,204,232,116,10,2,69.9346
18,204,232,117,10,2,70.7498
18,204,232,118,10,2,71.8927
18,204,232,119,10,2,72.9191
18,204,232,120,10,2,73.7834
18,204,232,121,10,2,74.4785
18,204,232,122,10,2,75.3477
18,204,232,123,10,2,75.9271
18,204,232,124,10,2,76.4839
18,204,232,125,10,2,77.0844
18,204,232,126,10,2,77.6993
18,204,232,127,10,2,78.2596
18,204,232,128,10,2,78.7096
18,204,232,129,10,2,79.2339
18,204,232,130,10,2,79.7153
18,203,232,101,10,2,35.39
18,203,232,102,10,2,38.09
18,203,232,103,10,2,41.63
18,203,232,104,10,2,43.7
18,203,232,105,10,2,45.88
18,203,232,106,10,2,47.6
18,203,232,107,10,2,49.01
18,203,232,108,10,2,50.21
18,203,232,109,10,2,52.65
18,203,232,110,10,2,55.73
18,203,232,111,10,2,58.79
18,203,232,112,10,2,62.74
18,203,232,113,10,2,65.55
18,203,232,114,10,2,67.96
18,203,232,115,10,2,71.3848
18,203,232,116,10,2,73.8535
18,203,232,117,10,2,75.8212
18,203,232,118,10,2,77.6388
18,203,232,119,10,2,78.9255
18,203,232,120,10,2,80.2229
18,203,232,121,10,2,81.3925
18,203,232,122,10,2,82.3896
18,203,232,123,10,2,83.271
18,203,232,124,10,2,84.0576
18,203,232,125,10,2,84.9646
18,203,232,126,10,2,85.7833
18,203,232,127,10,2,86.4487
18,203,232,128,10,2,87.1809
18,203,232,129,10,2,87.8302
18,203,232,130,10,2,88.482
18,207,232,101,10,2,35.39
18,207,232,102,10,2,38.09
18,207,232,103,10,2,41.63
18,207,232,104,10,2,43.7
18,207,232,105,10,2,45.88
18,207,232,106,10,2,47.6
18,207,232,107,10,2,49.01
18,207,232,108,10,2,50.21
18,207,232,109,10,2,52.65
18,207,232,110,10,2,55.73
18,207,232,111,10,2,58.79
18,207,232,112,10,2,62.74
18,207,232,113,10,2,65.55
18,207,232,114,10,2,67.96
18,207,232,115,10,2,68.0847
18,207,232,116,10,2,68.9265
18,207,232,117,10,2,69.7282
18,207,232,118,10,2,70.4661
18,207,232,119,10,2,71.2983
18,207,232,120,10,2,71.8403
18,207,232,121,10,2,72.7446
18,207,232,122,10,2,72.961
18,207,232,123,10,2,73.5151
18,207,232,124,10,2,74.1611
18,207,232,125,10,2,75.1263
18,207,232,126,10,2,75.3862
18,207,232,127,10,2,75.8428
18,207,232,128,10,2,76.3211
18,207,232,129,10,2,76.7212
18,207,232,130,10,2,77.3418
18,206,232,101,10,2,35.39
18,206,232,102,10,2,38.09
18,206,232,103,10,2,41.63
18,206,232,104,10,2,43.7
18,206,232,105,10,2,45.88
18,206,232,106,10,2,47.6
18,206,232,107,10,2,49.01
18,206,232,108,10,2,50.21
18,206,232,109,10,2,52.65
18,206,232,110,10,2,55.73
18,206,232,111,10,2,58.79
18,206,232,112,10,2,62.74
18,206,232,113,10,2,65.55
18,206,232,114,10,2,67.96
18,206,232,115,10,2,72.2579
18,206,232,116,10,2,74.8591
18,206,232,117,10,2,77.3945
18,206,232,118,10,2,78.9583
18,206,232,119,10,2,80.6131
18,206,232,120,10,2,81.7672
18,206,232,121,10,2,82.9305
18,206,232,122,10,2,83.8752
18,206,232,123,10,2,84.7315
18,206,232,124,10,2,85.828
18,206,232,125,10,2,86.8362
18,206,232,126,10,2,87.3243
18,206,232,127,10,2,88.196
18,206,232,128,10,2,88.9634
18,206,232,129,10,2,89.7282
18,206,232,130,10,2,90.2272
18,8,232,101,10,2,35.39
18,8,232,102,10,2,38.09
18,8,232,103,10,2,41.63
18,8,232,104,10,2,43.7
18,8,232,105,10,2,45.88
18,8,232,106,10,2,47.6
18,8,232,107,10,2,49.01
18,8,232,108,10,2,50.21
18,8,232,109,10,2,52.65
18,8,232,110,10,2,55.73
18,8,232,111,10,2,58.79
18,8,232,112,10,2,62.74
18,8,232,113,10,2,65.55
18,8,232,114,10,2,67.96
18,8,232,115,10,2,67.96
18,8,232,116,10,2,67.96
18,8,232,117,10,2,67.96
18,8,232,118,10,2,67.96
18,8,232,119,10,2,67.96
18,8,232,120,10,2,67.96
18,8,232,121,10,2,67.96
18,8,232,122,10,2,67.96
18,8,232,123,10,2,67.96
18,8,232,124,10,2,67.96
18,8,232,125,10,2,67.96
18,8,232,126,10,2,67.96
18,8,232,127,10,2,67.96
18,8,232,128,10,2,67.96
18,8,232,129,10,2,67.96
18,8,232,130,10,2,67.96
18,202,231,101,10,2,35.39
18,202,231,102,10,2,38.09
18,202,231,103,10,2,41.63
18,202,231,104,10,2,43.7
18,202,231,105,10,2,45.06
18,202,231,106,10,2,45.8
18,202,231,107,10,2,45
18,202,231,108,10,2,47.67
18,202,231,109,10,2,49.64
18,202,231,110,10,2,52.21
18,202,231,111,10,2,54.96
18,202,231,112,10,2,60.63
18,202,231,113,10,2,65.51
18,202,231,114,10,2,67.88
18,202,231,115,10,2,70.4714
18,202,231,116,10,2,72.6803
18,202,231,117,10,2,74.4315
18,202,231,118,10,2,75.968
18,202,231,119,10,2,77.1103
18,202,231,120,10,2,78.2662
18,202,231,121,10,2,79.2274
18,202,231,122,10,2,80.0875
18,202,231,123,10,2,80.9202
18,202,231,124,10,2,81.7076
18,202,231,125,10,2,82.3953
18,202,231,126,10,2,83.0449
18,202,231,127,10,2,83.7136
18,202,231,128,10,2,84.3428
18,202,231,129,10,2,85.0224
18,202,231,130,10,2,85.6613
18,204,231,101,10,2,35.39
18,204,231,102,10,2,38.09
18,204,231,103,10,2,41.63
18,204,231,104,10,2,43.7
18,204,231,105,10,2,45.06
18,204,231,106,10,2,45.8
18,204,231,107,10,2,45
18,204,231,108,10,2,47.67
18,204,231,109,10,2,49.64
18,204,231,110,10,2,52.21
18,204,231,111,10,2,54.96
18,204,231,112,10,2,60.63
18,204,231,113,10,2,65.51
18,204,231,114,10,2,67.88
18,204,231,115,10,2,69.034
18,204,231,116,10,2,70.4109
18,204,231,117,10,2,71.734
18,204,231,118,10,2,72.7515
18,204,231,119,10,2,73.657
18,204,231,120,10,2,74.3829
18,204,231,121,10,2,74.9747
18,204,231,122,10,2,75.9174
18,204,231,123,10,2,76.4275
18,204,231,124,10,2,77.0431
18,204,231,125,10,2,77.6366
18,204,231,126,10,2,78.1946
18,204,231,127,10,2,78.8731
18,204,231,128,10,2,79.3631
18,204,231,129,10,2,79.7807
18,204,231,130,10,2,80.4117
18,203,231,101,10,2,35.39
18,203,231,102,10,2,38.09
18,203,231,103,10,2,41.63
18,203,231,104,10,2,43.7
18,203,231,105,10,2,45.06
18,203,231,106,10,2,45.8
18,203,231,107,10,2,45
18,203,231,108,10,2,47.67
18,203,231,109,10,2,49.64
18,203,231,110,10,2,52.21
18,203,231,111,10,2,54.96
18,203,231,112,10,2,60.63
18,203,231,113,10,2,65.51
18,203,231,114,10,2,67.88
18,203,231,115,10,2,71.8527
18,203,231,116,10,2,74.6444
18,203,231,117,10,2,77.0506
18,203,231,118,10,2,78.7894
18,203,231,119,10,2,80.1535
18,203,231,120,10,2,81.4292
18,203,231,121,10,2,82.5908
18,203,231,122,10,2,83.6046
18,203,231,123,10,2,84.6152
18,203,231,124,10,2,85.43
18,203,231,125,10,2,86.3063
18,203,231,126,10,2,86.9471
18,203,231,127,10,2,87.7169
18,203,231,128,10,2,88.5317
18,203,231,129,10,2,89.2497
18,203,231,130,10,2,89.9204
18,207,231,101,10,2,35.39
18,207,231,102,10,2,38.09
18,207,231,103,10,2,41.63
18,207,231,104,10,2,43.7
18,207,231,105,10,2,45.06
18,207,231,106,10,2,45.8
18,207,231,107,10,2,45
18,207,231,108,10,2,47.67
18,207,231,109,10,2,49.64
18,207,231,110,10,2,52.21
18,207,231,111,10,2,54.96
18,207,231,112,10,2,60.63
18,207,231,113,10,2,65.51
18,207,231,114,10,2,67.88
18,207,231,115,10,2,68.2724
18,207,231,116,10,2,69.2136
18,207,231,117,10,2,70.138
18,207,231,118,10,2,70.7772
18,207,231,119,10,2,71.5152
18,207,231,120,10,2,72.063
18,207,231,121,10,2,72.4325
18,207,231,122,10,2,73.1027
18,207,231,123,10,2,74.1339
18,207,231,124,10,2,74.4927
18,207,231,125,10,2,75.156
18,207,231,126,10,2,75.8726
18,207,231,127,10,2,76.2053
18,207,231,128,10,2,76.5776
18,207,231,129,10,2,76.908
18,207,231,130,10,2,77.326
18,206,231,101,10,2,35.39
18,206,231,102,10,2,38.09
18,206,231,103,10,2,41.63
18,206,231,104,10,2,43.7
18,206,231,105,10,2,45.06
18,206,231,106,10,2,45.8
18,206,231,107,10,2,45
18,206,231,108,10,2,47.67
18,206,231,109,10,2,49.64
18,206,231,110,10,2,52.21
18,206,231,111,10,2,54.96
18,206,231,112,10,2,60.63
18,206,231,113,10,2,65.51
18,206,231,114,10,2,67.88
18,206,231,115,10,2,72.6243
18,206,231,116,10,2,75.7207
18,206,231,117,10,2,78.2017
18,206,231,118,10,2,80.2242
18,206,231,119,10,2,81.8427
18,206,231,120,10,2,83.1442
18,206,231,121,10,2,84.2177
18,206,231,122,10,2,84.9527
18,206,231,123,10,2,85.9115
18,206,231,124,10,2,86.7218
18,206,231,125,10,2,87.6745
18,206,231,126,10,2,88.3918
18,206,231,127,10,2,89.3342
18,206,231,128,10,2,90.0643
18,206,231,129,10,2,90.7777
18,206,231,130,10,2,91.5062
18,8,231,101,10,2,35.39
18,8,231,102,10,2,38.09
18,8,231,103,10,2,41.63
18,8,231,104,10,2,43.7
18,8,231,105,10,2,45.06
18,8,231,106,10,2,45.8
18,8,231,107,10,2,45
18,8,231,108,10,2,47.67
18,8,231,109,10,2,49.64
18,8,231,110,10,2,52.21
18,8,231,111,10,2,54.96
18,8,231,112,10,2,60.63
18,8,231,113,10,2,65.51
18,8,231,114,10,2,67.88
18,8,231,115,10,2,67.88
18,8,231,116,10,2,67.88
18,8,231,117,10,2,67.88
18,8,231,118,10,2,67.88
18,8,231,119,10,2,67.88
18,8,231,120,10,2,67.88
18,8,231,121,10,2,67.88
18,8,231,122,10,2,67.88
18,8,231,123,10,2,67.88
18,8,231,124,10,2,67.88
18,8,231,125,10,2,67.88
18,8,231,126,10,2,67.88
18,8,231,127,10,2,67.88
18,8,231,128,10,2,67.88
18,8,231,129,10,2,67.88
18,8,231,130,10,2,67.88
18,202,450,101,10,2,37.36
18,202,450,102,10,2,39.74
18,202,450,103,10,2,42.16
18,202,450,104,10,2,44.49
18,202,450,105,10,2,46.94
18,202,450,106,10,2,49.09
18,202,450,107,10,2,50.74
18,202,450,108,10,2,51.04
18,202,450,109,10,2,53.99
18,202,450,110,10,2,57.91
18,202,450,111,10,2,61.26
18,202,450,112,10,2,63.66
18,202,450,113,10,2,66
18,202,450,114,10,2,68.1
18,202,450,115,10,2,69.939
18,202,450,116,10,2,71.4851
18,202,450,117,10,2,72.8742
18,202,450,118,10,2,74.0508
18,202,450,119,10,2,75.2155
18,202,450,120,10,2,76.2828
18,202,450,121,10,2,77.211
18,202,450,122,10,2,78.0547
18,202,450,123,10,2,78.8159
18,202,450,124,10,2,79.4987
18,202,450,125,10,2,80.2751
18,202,450,126,10,2,80.9804
18,202,450,127,10,2,81.7152
18,202,450,128,10,2,82.3829
18,202,450,129,10,2,82.9539
18,202,450,130,10,2,83.7056
18,204,450,101,10,2,37.36
18,204,450,102,10,2,39.74
18,204,450,103,10,2,42.16
18,204,450,104,10,2,44.49
18,204,450,105,10,2,46.94
18,204,450,106,10,2,49.09
18,204,450,107,10,2,50.74
18,204,450,108,10,2,51.04
18,204,450,109,10,2,53.99
18,204,450,110,10,2,57.91
18,204,450,111,10,2,61.26
18,204,450,112,10,2,63.66
18,204,450,113,10,2,66
18,204,450,114,10,2,68.1
18,204,450,115,10,2,68.5024
18,204,450,116,10,2,69.5912
18,204,450,117,10,2,70.4195
18,204,450,118,10,2,71.344
18,204,450,119,10,2,72.1631
18,204,450,120,10,2,72.688
18,204,450,121,10,2,73.3817
18,204,450,122,10,2,73.9085
18,204,450,123,10,2,74.4763
18,204,450,124,10,2,74.9861
18,204,450,125,10,2,75.4522
18,204,450,126,10,2,76.1042
18,204,450,127,10,2,76.5773
18,204,450,128,10,2,77.1563
18,204,450,129,10,2,77.8403
18,204,450,130,10,2,78.2731
18,203,450,101,10,2,37.36
18,203,450,102,10,2,39.74
18,203,450,103,10,2,42.16
18,203,450,104,10,2,44.49
18,203,450,105,10,2,46.94
18,203,450,106,10,2,49.09
18,203,450,107,10,2,50.74
18,203,450,108,10,2,51.04
18,203,450,109,10,2,53.99
18,203,450,110,10,2,57.91
18,203,450,111,10,2,61.26
18,203,450,112,10,2,63.66
18,203,450,113,10,2,66
18,203,450,114,10,2,68.1
18,203,450,115,10,2,71.3489
18,203,450,116,10,2,73.6286
18,203,450,117,10,2,75.5817
18,203,450,118,10,2,77.0446
18,203,450,119,10,2,78.5048
18,203,450,120,10,2,79.6515
18,203,450,121,10,2,80.7108
18,203,450,122,10,2,81.8317
18,203,450,123,10,2,82.6598
18,203,450,124,10,2,83.698
18,203,450,125,10,2,84.4076
18,203,450,126,10,2,85.1738
18,203,450,127,10,2,85.9455
18,203,450,128,10,2,86.8042
18,203,450,129,10,2,87.5229
18,203,450,130,10,2,88.2204
18,207,450,101,10,2,37.36
18,207,450,102,10,2,39.74
18,207,450,103,10,2,42.16
18,207,450,104,10,2,44.49
18,207,450,105,10,2,46.94
18,207,450,106,10,2,49.09
18,207,450,107,10,2,50.74
18,207,450,108,10,2,51.04
18,207,450,109,10,2,53.99
18,207,450,110,10,2,57.91
18,207,450,111,10,2,61.26
18,207,450,112,10,2,63.66
18,207,450,113,10,2,66
18,207,450,114,10,2,68.1
18,207,450,115,10,2,67.9173
18,207,450,116,10,2,68.5706
18,207,450,117,10,2,69.3264
18,207,450,118,10,2,69.8559
18,207,450,119,10,2,70.5321
18,207,450,120,10,2,70.9429
18,207,450,121,10,2,71.1061
18,207,450,122,10,2,71.7604
18,207,450,123,10,2,72.0435
18,207,450,124,10,2,72.6489
18,207,450,125,10,2,73.1594
18,207,450,126,10,2,73.4152
18,207,450,127,10,2,74.1522
18,207,450,128,10,2,74.694
18,207,450,129,10,2,75.0324
18,207,450,130,10,2,75.5522
18,206,450,101,10,2,37.36
18,206,450,102,10,2,39.74
18,206,450,103,10,2,42.16
18,206,450,104,10,2,44.49
18,206,450,105,10,2,46.94
18,206,450,106,10,2,49.09
18,206,450,107,10,2,50.74
18,206,450,108,10,2,51.04
18,206,450,109,10,2,53.99
18,206,450,110,10,2,57.91
18,206,450,111,10,2,61.26
18,206,450,112,10,2,63.66
18,206,450,113,10,2,66
18,206,450,114,10,2,68.1
18,206,450,115,10,2,71.9411
18,206,450,116,10,2,74.4907
18,206,450,117,10,2,76.6494
18,206,450,118,10,2,78.4235
18,206,450,119,10,2,80.0139
18,206,450,120,10,2,81.2641
18,206,450,121,10,2,82.3396
18,206,450,122,10,2,83.5158
18,206,450,123,10,2,84.3421
18,206,450,124,10,2,85.0457
18,206,450,125,10,2,86.1435
18,206,450,126,10,2,86.9653
18,206,450,127,10,2,87.8594
18,206,450,128,10,2,88.4499
18,206,450,129,10,2,89.085
18,206,450,130,10,2,89.9235
18,8,450,101,10,2,37.36
18,8,450,102,10,2,39.74
18,8,450,103,10,2,42.16
18,8,450,104,10,2,44.49
18,8,450,105,10,2,46.94
18,8,450,106,10,2,49.09
18,8,450,107,10,2,50.74
18,8,450,108,10,2,51.04
18,8,450,109,10,2,53.99
18,8,450,110,10,2,57.91
18,8,450,111,10,2,61.26
18,8,450,112,10,2,63.66
18,8,450,113,10,2,66
18,8,450,114,10,2,68.1
18,8,450,115,10,2,68.1
18,8,450,116,10,2,68.1
18,8,450,117,10,2,68.1
18,8,450,118,10,2,68.1
18,8,450,119,10,2,68.1
18,8,450,120,10,2,68.1
18,8,450,121,10,2,68.1
18,8,450,122,10,2,68.1
18,8,450,123,10,2,68.1
18,8,450,124,10,2,68.1
18,8,450,125,10,2,68.1
18,8,450,126,10,2,68.1
18,8,450,127,10,2,68.1
18,8,450,128,10,2,68.1
18,8,450,129,10,2,68.1
18,8,450,130,10,2,68.1
18,202,480,101,10,2,51.5
18,202,480,102,10,2,57.62
18,202,480,103,10,2,62.99
18,202,480,104,10,2,65.03
18,202,480,105,10,2,66.29
18,202,480,106,10,2,69.96
18,202,480,107,10,2,71.82
18,202,480,108,10,2,72.52
18,202,480,109,10,2,74.05
18,202,480,110,10,2,74.2
18,202,480,111,10,2,75.45
18,202,480,112,10,2,76.25
18,202,480,113,10,2,77.74
18,202,480,114,10,2,78.25
18,202,480,115,10,2,78.9381
18,202,480,116,10,2,79.6677
18,202,480,117,10,2,80.3033
18,202,480,118,10,2,80.9475
18,202,480,119,10,2,81.5594
18,202,480,120,10,2,82.1242
18,202,480,121,10,2,82.6586
18,202,480,122,10,2,83.3615
18,202,480,123,10,2,83.9903
18,202,480,124,10,2,84.5389
18,202,480,125,10,2,85.1367
18,202,480,126,10,2,85.6397
18,202,480,127,10,2,86.2472
18,202,480,128,10,2,86.8383
18,202,480,129,10,2,87.3882
18,202,480,130,10,2,87.9539
18,204,480,101,10,2,51.5
18,204,480,102,10,2,57.62
18,204,480,103,10,2,62.99
18,204,480,104,10,2,65.03
18,204,480,105,10,2,66.29
18,204,480,106,10,2,69.96
18,204,480,107,10,2,71.82
18,204,480,108,10,2,72.52
18,204,480,109,10,2,74.05
18,204,480,110,10,2,74.2
18,204,480,111,10,2,75.45
18,204,480,112,10,2,76.25
18,204,480,113,10,2,77.74
18,204,480,114,10,2,78.25
18,204,480,115,10,2,78.0574
18,204,480,116,10,2,78.3761
18,204,480,117,10,2,78.8035
18,204,480,118,10,2,79.2731
18,204,480,119,10,2,79.6463
18,204,480,120,10,2,80.1754
18,204,480,121,10,2,80.547
18,204,480,122,10,2,81.0715
18,204,480,123,10,2,81.4104
18,204,480,124,10,2,81.8324
18,204,480,125,10,2,82.3414
18,204,480,126,10,2,82.8038
18,204,480,127,10,2,83.1511
18,204,480,128,10,2,83.5008
18,204,480,129,10,2,83.9142
18,204,480,130,10,2,84.4037
18,203,480,101,10,2,51.5
18,203,480,102,10,2,57.62
18,203,480,103,10,2,62.99
18,203,480,104,10,2,65.03
18,203,480,105,10,2,66.29
18,203,480,106,10,2,69.96
18,203,480,107,10,2,71.82
18,203,480,108,10,2,72.52
18,203,480,109,10,2,74.05
18,203,480,110,10,2,74.2
18,203,480,111,10,2,75.45
18,203,480,112,10,2,76.25
18,203,480,113,10,2,77.74
18,203,480,114,10,2,78.25
18,203,480,115,10,2,79.8423
18,203,480,116,10,2,80.8414
18,203,480,117,10,2,81.7522
18,203,480,118,10,2,82.6302
18,203,480,119,10,2,83.3405
18,203,480,120,10,2,84.1501
18,203,480,121,10,2,84.926
18,203,480,122,10,2,85.6785
18,203,480,123,10,2,86.4733
18,203,480,124,10,2,87.1157
18,203,480,125,10,2,87.6991
18,203,480,126,10,2,88.4537
18,203,480,127,10,2,89.034
18,203,480,128,10,2,89.7316
18,203,480,129,10,2,90.4221
18,203,480,130,10,2,90.9905
18,207,480,101,10,2,51.5
18,207,480,102,10,2,57.62
18,207,480,103,10,2,62.99
18,207,480,104,10,2,65.03
18,207,480,105,10,2,66.29
18,207,480,106,10,2,69.96
18,207,480,107,10,2,71.82
18,207,480,108,10,2,72.52
18,207,480,109,10,2,74.05
18,207,480,110,10,2,74.2
18,207,480,111,10,2,75.45
18,207,480,112,10,2,76.25
18,207,480,113,10,2,77.74
18,207,480,114,10,2,78.25
18,207,480,115,10,2,77.5731
18,207,480,116,10,2,77.6456
18,207,480,117,10,2,77.8898
18,207,480,118,10,2,78.0915
18,207,480,119,10,2,78.4183
18,207,480,120,10,2,78.8702
18,207,480,121,10,2,79.368
18,207,480,122,10,2,79.4962
18,207,480,123,10,2,79.9478
18,207,480,124,10,2,80.2337
18,207,480,125,10,2,80.5923
18,207,480,126,10,2,81.1201
18,207,480,127,10,2,81.3264
18,207,480,128,10,2,81.5636
18,207,480,129,10,2,82.1614
18,207,480,130,10,2,82.7214
18,206,480,101,10,2,51.5
18,206,480,102,10,2,57.62
18,206,480,103,10,2,62.99
18,206,480,104,10,2,65.03
18,206,480,105,10,2,66.29
18,206,480,106,10,2,69.96
18,206,480,107,10,2,71.82
18,206,480,108,10,2,72.52
18,206,480,109,10,2,74.05
18,206,480,110,10,2,74.2
18,206,480,111,10,2,75.45
18,206,480,112,10,2,76.25
18,206,480,113,10,2,77.74
18,206,480,114,10,2,78.25
18,206,480,115,10,2,80.3159
18,206,480,116,10,2,81.4205
18,206,480,117,10,2,82.5444
18,206,480,118,10,2,83.5369
18,206,480,119,10,2,84.3658
18,206,480,120,10,2,85.3321
18,206,480,121,10,2,86.0526
18,206,480,122,10,2,86.7386
18,206,480,123,10,2,87.8086
18,206,480,124,10,2,88.4745
18,206,480,125,10,2,89.0076
18,206,480,126,10,2,89.8738
18,206,480,127,10,2,90.5484
18,206,480,128,10,2,91.2472
18,206,480,129,10,2,92.0063
18,206,480,130,10,2,92.7709
18,8,480,101,10,2,51.5
18,8,480,102,10,2,57.62
18,8,480,103,10,2,62.99
18,8,480,104,10,2,65.03
18,8,480,105,10,2,66.29
18,8,480,106,10,2,69.96
18,8,480,107,10,2,71.82
18,8,480,108,10,2,72.52
18,8,480,109,10,2,74.05
18,8,480,110,10,2,74.2
18,8,480,111,10,2,75.45
18,8,480,112,10,2,76.25
18,8,480,113,10,2,77.74
18,8,480,114,10,2,78.25
18,8,480,115,10,2,78.25
18,8,480,116,10,2,78.25
18,8,480,117,10,2,78.25
18,8,480,118,10,2,78.25
18,8,480,119,10,2,78.25
18,8,480,120,10,2,78.25
18,8,480,121,10,2,78.25
18,8,480,122,10,2,78.25
18,8,480,123,10,2,78.25
18,8,480,124,10,2,78.25
18,8,480,125,10,2,78.25
18,8,480,126,10,2,78.25
18,8,480,127,10,2,78.25
18,8,480,128,10,2,78.25
18,8,480,129,10,2,78.25
18,8,480,130,10,2,78.25
18,202,175,101,10,2,50.59
18,202,175,102,10,2,56.95
18,202,175,103,10,2,61.51
18,202,175,104,10,2,65.35
18,202,175,105,10,2,68.58
18,202,175,106,10,2,71.33
18,202,175,107,10,2,73.68
18,202,175,108,10,2,75.73
18,202,175,109,10,2,77.53
18,202,175,110,10,2,79.12
18,202,175,111,10,2,80.56
18,202,175,112,10,2,81.87
18,202,175,113,10,2,82.9
18,202,175,114,10,2,82.9
18,202,175,115,10,2,83.7244
18,202,175,116,10,2,84.4758
18,202,175,117,10,2,85.2002
18,202,175,118,10,2,85.9299
18,202,175,119,10,2,86.6181
18,202,175,120,10,2,87.282
18,202,175,121,10,2,87.9206
18,202,175,122,10,2,88.6219
18,202,175,123,10,2,89.2396
18,202,175,124,10,2,89.8412
18,202,175,125,10,2,90.4477
18,202,175,126,10,2,91.1124
18,202,175,127,10,2,91.6756
18,202,175,128,10,2,92.2615
18,202,175,129,10,2,92.8794
18,202,175,130,10,2,93.4602
18,204,175,101,10,2,50.59
18,204,175,102,10,2,56.95
18,204,175,103,10,2,61.51
18,204,175,104,10,2,65.35
18,204,175,105,10,2,68.58
18,204,175,106,10,2,71.33
18,204,175,107,10,2,73.68
18,204,175,108,10,2,75.73
18,204,175,109,10,2,77.53
18,204,175,110,10,2,79.12
18,204,175,111,10,2,80.56
18,204,175,112,10,2,81.87
18,204,175,113,10,2,82.9
18,204,175,114,10,2,82.9
18,204,175,115,10,2,83.0334
18,204,175,116,10,2,83.4656
18,204,175,117,10,2,83.9506
18,204,175,118,10,2,84.4534
18,204,175,119,10,2,85.0378
18,204,175,120,10,2,85.5863
18,204,175,121,10,2,86.0593
18,204,175,122,10,2,86.6327
18,204,175,123,10,2,87.0519
18,204,175,124,10,2,87.5097
18,204,175,125,10,2,88.0324
18,204,175,126,10,2,88.5688
18,204,175,127,10,2,88.9352
18,204,175,128,10,2,89.4747
18,204,175,129,10,2,89.9297
18,204,175,130,10,2,90.4031
18,203,175,101,10,2,50.59
18,203,175,102,10,2,56.95
18,203,175,103,10,2,61.51
18,203,175,104,10,2,65.35
18,203,175,105,10,2,68.58
18,203,175,106,10,2,71.33
18,203,175,107,10,2,73.68
18,203,175,108,10,2,75.73
18,203,175,109,10,2,77.53
18,203,175,110,10,2,79.12
18,203,175,111,10,2,80.56
18,203,175,112,10,2,81.87
18,203,175,113,10,2,82.9
18,203,175,114,10,2,82.9
18,203,175,115,10,2,84.5064
18,203,175,116,10,2,85.5092
18,203,175,117,10,2,86.4872
18,203,175,118,10,2,87.3609
18,203,175,119,10,2,88.2619
18,203,175,120,10,2,89.066
18,203,175,121,10,2,89.8249
18,203,175,122,10,2,90.5331
18,203,175,123,10,2,91.3906
18,203,175,124,10,2,92.1925
18,203,175,125,10,2,92.9057
18,203,175,126,10,2,93.6763
18,203,175,127,10,2,94.3934
18,203,175,128,10,2,95.0537
18,203,175,129,10,2,95.816
18,203,175,130,10,2,96.4377
18,207,175,101,10,2,50.59
18,207,175,102,10,2,56.95
18,207,175,103,10,2,61.51
18,207,175,104,10,2,65.35
18,207,175,105,10,2,68.58
18,207,175,106,10,2,71.33
18,207,175,107,10,2,73.68
18,207,175,108,10,2,75.73
18,207,175,109,10,2,77.53
18,207,175,110,10,2,79.12
18,207,175,111,10,2,80.56
18,207,175,112,10,2,81.87
18,207,175,113,10,2,82.9
18,207,175,114,10,2,82.9
18,207,175,115,10,2,82.6849
18,207,175,116,10,2,83.0182
18,207,175,117,10,2,83.2595
18,207,175,118,10,2,83.8699
18,207,175,119,10,2,84.1864
18,207,175,120,10,2,84.613
18,207,175,121,10,2,85.0827
18,207,175,122,10,2,85.3787
18,207,175,123,10,2,85.9047
18,207,175,124,10,2,86.2958
18,207,175,125,10,2,86.7205
18,207,175,126,10,2,87.1696
18,207,175,127,10,2,87.5304
18,207,175,128,10,2,87.9402
18,207,175,129,10,2,88.2898
18,207,175,130,10,2,88.6691
18,206,175,101,10,2,50.59
18,206,175,102,10,2,56.95
18,206,175,103,10,2,61.51
18,206,175,104,10,2,65.35
18,206,175,105,10,2,68.58
18,206,175,106,10,2,71.33
18,206,175,107,10,2,73.68
18,206,175,108,10,2,75.73
18,206,175,109,10,2,77.53
18,206,175,110,10,2,79.12
18,206,175,111,10,2,80.56
18,206,175,112,10,2,81.87
18,206,175,113,10,2,82.9
18,206,175,114,10,2,82.9
18,206,175,115,10,2,84.8691
18,206,175,116,10,2,86.077
18,206,175,117,10,2,87.2603
18,206,175,118,10,2,88.0861
18,206,175,119,10,2,89.0325
18,206,175,120,10,2,89.9722
18,206,175,121,10,2,91.0117
18,206,175,122,10,2,91.7057
18,206,175,123,10,2,92.5605
18,206,175,124,10,2,93.2504
18,206,175,125,10,2,94.175
18,206,175,126,10,2,95.0161
18,206,175,127,10,2,95.7524
18,206,175,128,10,2,96.5148
18,206,175,129,10,2,97.3382
18,206,175,130,10,2,98.0564
18,8,175,101,10,2,50.59
18,8,175,102,10,2,56.95
18,8,175,103,10,2,61.51
18,8,175,104,10,2,65.35
18,8,175,105,10,2,68.58
18,8,175,106,10,2,71.33
18,8,175,107,10,2,73.68
18,8,175,108,10,2,75.73
18,8,175,109,10,2,77.53
18,8,175,110,10,2,79.12
18,8,175,111,10,2,80.56
18,8,175,112,10,2,81.87
18,8,175,113,10,2,82.9
18,8,175,114,10,2,82.9
18,8,175,115,10,2,82.9
18,8,175,116,10,2,82.9
18,8,175,117,10,2,82.9
18,8,175,118,10,2,82.9
18,8,175,119,10,2,82.9
18,8,175,120,10,2,82.9
18,8,175,121,10,2,82.9
18,8,175,122,10,2,82.9
18,8,175,123,10,2,82.9
18,8,175,124,10,2,82.9
18,8,175,125,10,2,82.9
18,8,175,126,10,2,82.9
18,8,175,127,10,2,82.9
18,8,175,128,10,2,82.9
18,8,175,129,10,2,82.9
18,8,175,130,10,2,82.9
18,202,638,101,10,2,50.59
18,202,638,102,10,2,56.95
18,202,638,103,10,2,61.51
18,202,638,104,10,2,65.35
18,202,638,105,10,2,68.58
18,202,638,106,10,2,71.33
18,202,638,107,10,2,73.68
18,202,638,108,10,2,75.73
18,202,638,109,10,2,77.53
18,202,638,110,10,2,79.12
18,202,638,111,10,2,80.56
18,202,638,112,10,2,81.87
18,202,638,113,10,2,82.9
18,202,638,114,10,2,83.75
18,202,638,115,10,2,84.5585
18,202,638,116,10,2,85.3301
18,202,638,117,10,2,86.0458
18,202,638,118,10,2,86.8096
18,202,638,119,10,2,87.5193
18,202,638,120,10,2,88.2743
18,202,638,121,10,2,88.9538
18,202,638,122,10,2,89.5801
18,202,638,123,10,2,90.2347
18,202,638,124,10,2,90.8593
18,202,638,125,10,2,91.4911
18,202,638,126,10,2,92.0916
18,202,638,127,10,2,92.622
18,202,638,128,10,2,93.2573
18,202,638,129,10,2,93.8694
18,202,638,130,10,2,94.3257
18,204,638,101,10,2,50.59
18,204,638,102,10,2,56.95
18,204,638,103,10,2,61.51
18,204,638,104,10,2,65.35
18,204,638,105,10,2,68.58
18,204,638,106,10,2,71.33
18,204,638,107,10,2,73.68
18,204,638,108,10,2,75.73
18,204,638,109,10,2,77.53
18,204,638,110,10,2,79.12
18,204,638,111,10,2,80.56
18,204,638,112,10,2,81.87
18,204,638,113,10,2,82.9
18,204,638,114,10,2,83.75
18,204,638,115,10,2,83.8437
18,204,638,116,10,2,84.3636
18,204,638,117,10,2,84.9188
18,204,638,118,10,2,85.4384
18,204,638,119,10,2,86.019
18,204,638,120,10,2,86.5243
18,204,638,121,10,2,87.1571
18,204,638,122,10,2,87.6192
18,204,638,123,10,2,88.1939
18,204,638,124,10,2,88.7134
18,204,638,125,10,2,89.0535
18,204,638,126,10,2,89.5382
18,204,638,127,10,2,90.0712
18,204,638,128,10,2,90.6178
18,204,638,129,10,2,90.9805
18,204,638,130,10,2,91.4996
18,203,638,101,10,2,50.59
18,203,638,102,10,2,56.95
18,203,638,103,10,2,61.51
18,203,638,104,10,2,65.35
18,203,638,105,10,2,68.58
18,203,638,106,10,2,71.33
18,203,638,107,10,2,73.68
18,203,638,108,10,2,75.73
18,203,638,109,10,2,77.53
18,203,638,110,10,2,79.12
18,203,638,111,10,2,80.56
18,203,638,112,10,2,81.87
18,203,638,113,10,2,82.9
18,203,638,114,10,2,83.75
18,203,638,115,10,2,85.2584
18,203,638,116,10,2,86.3047
18,203,638,117,10,2,87.2933
18,203,638,118,10,2,88.2684
18,203,638,119,10,2,89.1154
18,203,638,120,10,2,89.8588
18,203,638,121,10,2,90.5789
18,203,638,122,10,2,91.4326
18,203,638,123,10,2,92.2833
18,203,638,124,10,2,93.0392
18,203,638,125,10,2,93.7603
18,203,638,126,10,2,94.519
18,203,638,127,10,2,95.3045
18,203,638,128,10,2,95.9184
18,203,638,129,10,2,96.6654
18,203,638,130,10,2,97.2664
18,207,638,101,10,2,50.59
18,207,638,102,10,2,56.95
18,207,638,103,10,2,61.51
18,207,638,104,10,2,65.35
18,207,638,105,10,2,68.58
18,207,638,106,10,2,71.33
18,207,638,107,10,2,73.68
18,207,638,108,10,2,75.73
18,207,638,109,10,2,77.53
18,207,638,110,10,2,79.12
18,207,638,111,10,2,80.56
18,207,638,112,10,2,81.87
18,207,638,113,10,2,82.9
18,207,638,114,10,2,83.75
18,207,638,115,10,2,83.4034
18,207,638,116,10,2,83.8318
18,207,638,117,10,2,84.3706
18,207,638,118,10,2,84.7945
18,207,638,119,10,2,85.2743
18,207,638,120,10,2,85.8169
18,207,638,121,10,2,86.0863
18,207,638,122,10,2,86.7225
18,207,638,123,10,2,87.1939
18,207,638,124,10,2,87.5578
18,207,638,125,10,2,87.9171
18,207,638,126,10,2,88.2948
18,207,638,127,10,2,88.649
18,207,638,128,10,2,89.2053
18,207,638,129,10,2,89.4538
18,207,638,130,10,2,89.8288
18,206,638,101,10,2,50.59
18,206,638,102,10,2,56.95
18,206,638,103,10,2,61.51
18,206,638,104,10,2,65.35
18,206,638,105,10,2,68.58
18,206,638,106,10,2,71.33
18,206,638,107,10,2,73.68
18,206,638,108,10,2,75.73
18,206,638,109,10,2,77.53
18,206,638,110,10,2,79.12
18,206,638,111,10,2,80.56
18,206,638,112,10,2,81.87
18,206,638,113,10,2,82.9
18,206,638,114,10,2,83.75
18,206,638,115,10,2,85.5954
18,206,638,116,10,2,86.7838
18,206,638,117,10,2,87.8996
18,206,638,118,10,2,89.0443
18,206,638,119,10,2,90.1096
18,206,638,120,10,2,90.9187
18,206,638,121,10,2,91.7286
18,206,638,122,10,2,92.6664
18,206,638,123,10,2,93.2781
18,206,638,124,10,2,94.1359
18,206,638,125,10,2,94.8598
18,206,638,126,10,2,95.6058
18,206,638,127,10,2,96.4092
18,206,638,128,10,2,97.3858
18,206,638,129,10,2,98.0743
18,206,638,130,10,2,98.7701
18,8,638,101,10,2,50.59
18,8,638,102,10,2,56.95
18,8,638,103,10,2,61.51
18,8,638,104,10,2,65.35
18,8,638,105,10,2,68.58
18,8,638,106,10,2,71.33
18,8,638,107,10,2,73.68
18,8,638,108,10,2,75.73
18,8,638,109,10,2,77.53
18,8,638,110,10,2,79.12
18,8,638,111,10,2,80.56
18,8,638,112,10,2,81.87
18,8,638,113,10,2,82.9
18,8,638,114,10,2,83.75
18,8,638,115,10,2,83.75
18,8,638,116,10,2,83.75
18,8,638,117,10,2,83.75
18,8,638,118,10,2,83.75
18,8,638,119,10,2,83.75
18,8,638,120,10,2,83.75
18,8,638,121,10,2,83.75
18,8,638,122,10,2,83.75
18,8,638,123,10,2,83.75
18,8,638,124,10,2,83.75
18,8,638,125,10,2,83.75
18,8,638,126,10,2,83.75
18,8,638,127,10,2,83.75
18,8,638,128,10,2,83.75
18,8,638,129,10,2,83.75
18,8,638,130,10,2,83.75
18,202,690,101,10,2,65.26
18,202,690,102,10,2,66.31
18,202,690,103,10,2,67.38
18,202,690,104,10,2,69.1
18,202,690,105,10,2,71.17
18,202,690,106,10,2,72.84
18,202,690,107,10,2,74.03
18,202,690,108,10,2,74.84
18,202,690,109,10,2,75.88
18,202,690,110,10,2,76.25
18,202,690,111,10,2,76.19
18,202,690,112,10,2,76.55
18,202,690,113,10,2,77.01
18,202,690,114,10,2,77.27
18,202,690,115,10,2,77.8726
18,202,690,116,10,2,78.5046
18,202,690,117,10,2,79.107
18,202,690,118,10,2,79.7257
18,202,690,119,10,2,80.3156
18,202,690,120,10,2,80.9011
18,202,690,121,10,2,81.5042
18,202,690,122,10,2,82.0739
18,202,690,123,10,2,82.595
18,202,690,124,10,2,83.1391
18,202,690,125,10,2,83.7547
18,202,690,126,10,2,84.3334
18,202,690,127,10,2,84.8446
18,202,690,128,10,2,85.4217
18,202,690,129,10,2,86.0593
18,202,690,130,10,2,86.6526
18,204,690,101,10,2,65.26
18,204,690,102,10,2,66.31
18,204,690,103,10,2,67.38
18,204,690,104,10,2,69.1
18,204,690,105,10,2,71.17
18,204,690,106,10,2,72.84
18,204,690,107,10,2,74.03
18,204,690,108,10,2,74.84
18,204,690,109,10,2,75.88
18,204,690,110,10,2,76.25
18,204,690,111,10,2,76.19
18,204,690,112,10,2,76.55
18,204,690,113,10,2,77.01
18,204,690,114,10,2,77.27
18,204,690,115,10,2,77.0063
18,204,690,116,10,2,77.2808
18,204,690,117,10,2,77.5353
18,204,690,118,10,2,77.993
18,204,690,119,10,2,78.331
18,204,690,120,10,2,78.791
18,204,690,121,10,2,79.0394
18,204,690,122,10,2,79.5779
18,204,690,123,10,2,79.9483
18,204,690,124,10,2,80.4644
18,204,690,125,10,2,80.8809
18,204,690,126,10,2,81.2363
18,204,690,127,10,2,81.6957
18,204,690,128,10,2,82.2736
18,204,690,129,10,2,82.6819
18,204,690,130,10,2,83.1845
18,203,690,101,10,2,65.26
18,203,690,102,10,2,66.31
18,203,690,103,10,2,67.38
18,203,690,104,10,2,69.1
18,203,690,105,10,2,71.17
18,203,690,106,10,2,72.84
18,203,690,107,10,2,74.03
18,203,690,108,10,2,74.84
18,203,690,109,10,2,75.88
18,203,690,110,10,2,76.25
18,203,690,111,10,2,76.19
18,203,690,112,10,2,76.55
18,203,690,113,10,2,77.01
18,203,690,114,10,2,77.27
18,203,690,115,10,2,78.811
18,203,690,116,10,2,79.7765
18,203,690,117,10,2,80.5397
18,203,690,118,10,2,81.3022
18,203,690,119,10,2,82.1642
18,203,690,120,10,2,82.9036
18,203,690,121,10,2,83.6482
18,203,690,122,10,2,84.3573
18,203,690,123,10,2,85.0169
18,203,690,124,10,2,85.7149
18,203,690,125,10,2,86.3884
18,203,690,126,10,2,87.1214
18,203,690,127,10,2,87.6339
18,203,690,128,10,2,88.4719
18,203,690,129,10,2,89.1321
18,203,690,130,10,2,89.873
18,207,690,101,10,2,65.26
18,207,690,102,10,2,66.31
18,207,690,103,10,2,67.38
18,207,690,104,10,2,69.1
18,207,690,105,10,2,71.17
18,207,690,106,10,2,72.84
18,207,690,107,10,2,74.03
18,207,690,108,10,2,74.84
18,207,690,109,10,2,75.88
18,207,690,110,10,2,76.25
18,207,690,111,10,2,76.19
18,207,690,112,10,2,76.55
18,207,690,113,10,2,77.01
18,207,690,114,10,2,77.27
18,207,690,115,10,2,76.5503
18,207,690,116,10,2,76.5646
18,207,690,117,10,2,76.7803
18,207,690,118,10,2,76.8953
18,207,690,119,10,2,77.0564
18,207,690,120,10,2,77.4527
18,207,690,121,10,2,77.8499
18,207,690,122,10,2,78.1589
18,207,690,123,10,2,78.5337
18,207,690,124,10,2,78.8501
18,207,690,125,10,2,79.3559
18,207,690,126,10,2,79.8176
18,207,690,127,10,2,80.1251
18,207,690,128,10,2,80.5251
18,207,690,129,10,2,80.7014
18,207,690,130,10,2,81.0775
18,206,690,101,10,2,65.26
18,206,690,102,10,2,66.31
18,206,690,103,10,2,67.38
18,206,690,104,10,2,69.1
18,206,690,105,10,2,71.17
18,206,690,106,10,2,72.84
18,206,690,107,10,2,74.03
18,206,690,108,10,2,74.84
18,206,690,109,10,2,75.88
18,206,690,110,10,2,76.25
18,206,690,111,10,2,76.19
18,206,690,112,10,2,76.55
18,206,690,113,10,2,77.01
18,206,690,114,10,2,77.27
18,206,690,115,10,2,79.3013
18,206,690,116,10,2,80.3517
18,206,690,117,10,2,81.3923
18,206,690,118,10,2,82.2631
18,206,690,119,10,2,83.1441
18,206,690,120,10,2,83.9873
18,206,690,121,10,2,84.8636
18,206,690,122,10,2,85.6687
18,206,690,123,10,2,86.3095
18,206,690,124,10,2,86.9455
18,206,690,125,10,2,87.6987
18,206,690,126,10,2,88.387
18,206,690,127,10,2,89.0364
18,206,690,128,10,2,89.6636
18,206,690,129,10,2,90.5128
18,206,690,130,10,2,91.2263
18,8,690,101,10,2,65.26
18,8,690,102,10,2,66.31
18,8,690,103,10,2,67.38
18,8,690,104,10,2,69.1
18,8,690,105,10,2,71.17
18,8,690,106,10,2,72.84
18,8,690,107,10,2,74.03
18,8,690,108,10,2,74.84
18,8,690,109,10,2,75.88
18,8,690,110,10,2,76.25
18,8,690,111,10,2,76.19
18,8,690,112,10,2,76.55
18,8,690,113,10,2,77.01
18,8,690,114,10,2,77.27
18,8,690,115,10,2,77.27
18,8,690,116,10,2,77.27
18,8,690,117,10,2,77.27
18,8,690,118,10,2,77.27
18,8,690,119,10,2,77.27
18,8,690,120,10,2,77.27
18,8,690,121,10,2,77.27
18,8,690,122,10,2,77.27
18,8,690,123,10,2,77.27
18,8,690,124,10,2,77.27
18,8,690,125,10,2,77.27
18,8,690,126,10,2,77.27
18,8,690,127,10,2,77.27
18,8,690,128,10,2,77.27
18,8,690,129,10,2,77.27
18,8,690,130,10,2,77.27
18,202,706,101,10,2,35.5
18,202,706,102,10,2,37.53
18,202,706,103,10,2,39.52
18,202,706,104,10,2,41.55
18,202,706,105,10,2,43.48
18,202,706,106,10,2,45.37
18,202,706,107,10,2,47.09
18,202,706,108,10,2,47.96
18,202,706,109,10,2,46.53
18,202,706,110,10,2,51.42
18,202,706,111,10,2,53.1
18,202,706,112,10,2,54.8
18,202,706,113,10,2,56.51
18,202,706,114,10,2,58.66
18,202,706,115,10,2,60.4042
18,202,706,116,10,2,62.0607
18,202,706,117,10,2,63.5899
18,202,706,118,10,2,64.9371
18,202,706,119,10,2,66.1486
18,202,706,120,10,2,67.4028
18,202,706,121,10,2,68.399
18,202,706,122,10,2,69.4331
18,202,706,123,10,2,70.3695
18,202,706,124,10,2,71.4534
18,202,706,125,10,2,72.1781
18,202,706,126,10,2,73.0597
18,202,706,127,10,2,73.8009
18,202,706,128,10,2,74.6937
18,202,706,129,10,2,75.4715
18,202,706,130,10,2,76.0984
18,204,706,101,10,2,35.5
18,204,706,102,10,2,37.53
18,204,706,103,10,2,39.52
18,204,706,104,10,2,41.55
18,204,706,105,10,2,43.48
18,204,706,106,10,2,45.37
18,204,706,107,10,2,47.09
18,204,706,108,10,2,47.96
18,204,706,109,10,2,46.53
18,204,706,110,10,2,51.42
18,204,706,111,10,2,53.1
18,204,706,112,10,2,54.8
18,204,706,113,10,2,56.51
18,204,706,114,10,2,58.66
18,204,706,115,10,2,58.8545
18,204,706,116,10,2,59.6567
18,204,706,117,10,2,60.4837
18,204,706,118,10,2,61.2496
18,204,706,119,10,2,62.0068
18,204,706,120,10,2,62.632
18,204,706,121,10,2,63.2737
18,204,706,122,10,2,63.8282
18,204,706,123,10,2,64.4687
18,204,706,124,10,2,64.9024
18,204,706,125,10,2,65.4862
18,204,706,126,10,2,66.0016
18,204,706,127,10,2,66.8086
18,204,706,128,10,2,67.5151
18,204,706,129,10,2,68.0332
18,204,706,130,10,2,68.4456
18,203,706,101,10,2,35.5
18,203,706,102,10,2,37.53
18,203,706,103,10,2,39.52
18,203,706,104,10,2,41.55
18,203,706,105,10,2,43.48
18,203,706,106,10,2,45.37
18,203,706,107,10,2,47.09
18,203,706,108,10,2,47.96
18,203,706,109,10,2,46.53
18,203,706,110,10,2,51.42
18,203,706,111,10,2,53.1
18,203,706,112,10,2,54.8
18,203,706,113,10,2,56.51
18,203,706,114,10,2,58.66
18,203,706,115,10,2,61.8797
18,203,706,116,10,2,64.1263
18,203,706,117,10,2,66.5012
18,203,706,118,10,2,68.3614
18,203,706,119,10,2,70.2931
18,203,706,120,10,2,71.7807
18,203,706,121,10,2,73.2425
18,203,706,122,10,2,74.6931
18,203,706,123,10,2,75.9461
18,203,706,124,10,2,77.098
18,203,706,125,10,2,78.2431
18,203,706,126,10,2,79.2962
18,203,706,127,10,2,80.1624
18,203,706,128,10,2,80.9914
18,203,706,129,10,2,81.8404
18,203,706,130,10,2,82.5025
18,207,706,101,10,2,35.5
18,207,706,102,10,2,37.53
18,207,706,103,10,2,39.52
18,207,706,104,10,2,41.55
18,207,706,105,10,2,43.48
18,207,706,106,10,2,45.37
18,207,706,107,10,2,47.09
18,207,706,108,10,2,47.96
18,207,706,109,10,2,46.53
18,207,706,110,10,2,51.42
18,207,706,111,10,2,53.1
18,207,706,112,10,2,54.8
18,207,706,113,10,2,56.51
18,207,706,114,10,2,58.66
18,207,706,115,10,2,58.1856
18,207,706,116,10,2,58.6891
18,207,706,117,10,2,59.0186
18,207,706,118,10,2,59.53
18,207,706,119,10,2,60.149
18,207,706,120,10,2,60.8449
18,207,706,121,10,2,61.2333
18,207,706,122,10,2,61.6443
18,207,706,123,10,2,62.0689
18,207,706,124,10,2,62.5012
18,207,706,125,10,2,62.7407
18,207,706,126,10,2,63.4555
18,207,706,127,10,2,63.4603
18,207,706,128,10,2,63.7909
18,207,706,129,10,2,64.2875
18,207,706,130,10,2,64.3887
18,206,706,101,10,2,35.5
18,206,706,102,10,2,37.53
18,206,706,103,10,2,39.52
18,206,706,104,10,2,41.55
18,206,706,105,10,2,43.48
18,206,706,106,10,2,45.37
18,206,706,107,10,2,47.09
18,206,706,108,10,2,47.96
18,206,706,109,10,2,46.53
18,206,706,110,10,2,51.42
18,206,706,111,10,2,53.1
18,206,706,112,10,2,54.8
18,206,706,113,10,2,56.51
18,206,706,114,10,2,58.66
18,206,706,115,10,2,62.6047
18,206,706,116,10,2,65.3666
18,206,706,117,10,2,67.8069
18,206,706,118,10,2,69.9559
18,206,706,119,10,2,72.2043
18,206,706,120,10,2,74.1929
18,206,706,121,10,2,75.6544
18,206,706,122,10,2,77.2109
18,206,706,123,10,2,78.5399
18,206,706,124,10,2,79.8964
18,206,706,125,10,2,80.8727
18,206,706,126,10,2,81.7534
18,206,706,127,10,2,82.8332
18,206,706,128,10,2,83.5812
18,206,706,129,10,2,84.3911
18,206,706,130,10,2,85.2808
18,8,706,101,10,2,35.5
18,8,706,102,10,2,37.53
18,8,706,103,10,2,39.52
18,8,706,104,10,2,41.55
18,8,706,105,10,2,43.48
18,8,706,106,10,2,45.37
18,8,706,107,10,2,47.09
18,8,706,108,10,2,47.96
18,8,706,109,10,2,46.53
18,8,706,110,10,2,51.42
18,8,706,111,10,2,53.1
18,8,706,112,10,2,54.8
18,8,706,113,10,2,56.51
18,8,706,114,10,2,58.66
18,8,706,115,10,2,58.66
18,8,706,116,10,2,58.66
18,8,706,117,10,2,58.66
18,8,706,118,10,2,58.66
18,8,706,119,10,2,58.66
18,8,706,120,10,2,58.66
18,8,706,121,10,2,58.66
18,8,706,122,10,2,58.66
18,8,706,123,10,2,58.66
18,8,706,124,10,2,58.66
18,8,706,125,10,2,58.66
18,8,706,126,10,2,58.66
18,8,706,127,10,2,58.66
18,8,706,128,10,2,58.66
18,8,706,129,10,2,58.66
18,8,706,130,10,2,58.66
18,202,728,101,10,2,29.36
18,202,728,102,10,2,32.03
18,202,728,103,10,2,34.17
18,202,728,104,10,2,36.33
18,202,728,105,10,2,38.15
18,202,728,106,10,2,40.16
18,202,728,107,10,2,40.89
18,202,728,108,10,2,43.25
18,202,728,109,10,2,46.73
18,202,728,110,10,2,49.49
18,202,728,111,10,2,51.34
18,202,728,112,10,2,54.35
18,202,728,113,10,2,57.51
18,202,728,114,10,2,58.94
18,202,728,115,10,2,61.1816
18,202,728,116,10,2,63.1948
18,202,728,117,10,2,64.895
18,202,728,118,10,2,66.3937
18,202,728,119,10,2,67.7949
18,202,728,120,10,2,69.0113
18,202,728,121,10,2,70.1171
18,202,728,122,10,2,71.1282
18,202,728,123,10,2,72.0697
18,202,728,124,10,2,73.0075
18,202,728,125,10,2,73.7393
18,202,728,126,10,2,74.6351
18,202,728,127,10,2,75.3709
18,202,728,128,10,2,76.2121
18,202,728,129,10,2,77.0749
18,202,728,130,10,2,77.6784
18,204,728,101,10,2,29.36
18,204,728,102,10,2,32.03
18,204,728,103,10,2,34.17
18,204,728,104,10,2,36.33
18,204,728,105,10,2,38.15
18,204,728,106,10,2,40.16
18,204,728,107,10,2,40.89
18,204,728,108,10,2,43.25
18,204,728,109,10,2,46.73
18,204,728,110,10,2,49.49
18,204,728,111,10,2,51.34
18,204,728,112,10,2,54.35
18,204,728,113,10,2,57.51
18,204,728,114,10,2,58.94
18,204,728,115,10,2,59.7067
18,204,728,116,10,2,60.9578
18,204,728,117,10,2,62.0584
18,204,728,118,10,2,62.9842
18,204,728,119,10,2,63.7929
18,204,728,120,10,2,64.6148
18,204,728,121,10,2,65.2493
18,204,728,122,10,2,65.8247
18,204,728,123,10,2,66.4001
18,204,728,124,10,2,67.1574
18,204,728,125,10,2,67.7652
18,204,728,126,10,2,68.2956
18,204,728,127,10,2,69.0228
18,204,728,128,10,2,69.431
18,204,728,129,10,2,70.069
18,204,728,130,10,2,70.6146
18,203,728,101,10,2,29.36
18,203,728,102,10,2,32.03
18,203,728,103,10,2,34.17
18,203,728,104,10,2,36.33
18,203,728,105,10,2,38.15
18,203,728,106,10,2,40.16
18,203,728,107,10,2,40.89
18,203,728,108,10,2,43.25
18,203,728,109,10,2,46.73
18,203,728,110,10,2,49.49
18,203,728,111,10,2,51.34
18,203,728,112,10,2,54.35
18,203,728,113,10,2,57.51
18,203,728,114,10,2,58.94
18,203,728,115,10,2,62.7459
18,203,728,116,10,2,65.7097
18,203,728,117,10,2,68.1544
18,203,728,118,10,2,70.4126
18,203,728,119,10,2,72.3882
18,203,728,120,10,2,74.0662
18,203,728,121,10,2,75.4712
18,203,728,122,10,2,76.7589
18,203,728,123,10,2,78.0342
18,203,728,124,10,2,79.0583
18,203,728,125,10,2,80.0179
18,203,728,126,10,2,80.9474
18,203,728,127,10,2,81.7951
18,203,728,128,10,2,82.5499
18,203,728,129,10,2,83.5069
18,203,728,130,10,2,84.2047
18,207,728,101,10,2,29.36
18,207,728,102,10,2,32.03
18,207,728,103,10,2,34.17
18,207,728,104,10,2,36.33
18,207,728,105,10,2,38.15
18,207,728,106,10,2,40.16
18,207,728,107,10,2,40.89
18,207,728,108,10,2,43.25
18,207,728,109,10,2,46.73
18,207,728,110,10,2,49.49
18,207,728,111,10,2,51.34
18,207,728,112,10,2,54.35
18,207,728,113,10,2,57.51
18,207,728,114,10,2,58.94
18,207,728,115,10,2,58.848
18,207,728,116,10,2,59.9813
18,207,728,117,10,2,60.6299
18,207,728,118,10,2,61.2809
18,207,728,119,10,2,61.9755
18,207,728,120,10,2,62.6414
18,207,728,121,10,2,63.2306
18,207,728,122,10,2,63.6281
18,207,728,123,10,2,64.2949
18,207,728,124,10,2,64.7237
18,207,728,125,10,2,65.134
18,207,728,126,10,2,65.2336
18,207,728,127,10,2,65.874
18,207,728,128,10,2,66.5811
18,207,728,129,10,2,67.0796
18,207,728,130,10,2,66.9553
18,206,728,101,10,2,29.36
18,206,728,102,10,2,32.03
18,206,728,103,10,2,34.17
18,206,728,104,10,2,36.33
18,206,728,105,10,2,38.15
18,206,728,106,10,2,40.16
18,206,728,107,10,2,40.89
18,206,728,108,10,2,43.25
18,206,728,109,10,2,46.73
18,206,728,110,10,2,49.49
18,206,728,111,10,2,51.34
18,206,728,112,10,2,54.35
18,206,728,113,10,2,57.51
18,206,728,114,10,2,58.94
18,206,728,115,10,2,63.5874
18,206,728,116,10,2,66.8735
18,206,728,117,10,2,69.793
18,206,728,118,10,2,72.2598
18,206,728,119,10,2,74.6716
18,206,728,120,10,2,76.3507
18,206,728,121,10,2,78.0231
18,206,728,122,10,2,79.3358
18,206,728,123,10,2,80.6605
18,206,728,124,10,2,81.542
18,206,728,125,10,2,82.7288
18,206,728,126,10,2,83.7449
18,206,728,127,10,2,84.525
18,206,728,128,10,2,85.5659
18,206,728,129,10,2,86.2933
18,206,728,130,10,2,86.8757
18,8,728,101,10,2,29.36
18,8,728,102,10,2,32.03
18,8,728,103,10,2,34.17
18,8,728,104,10,2,36.33
18,8,728,105,10,2,38.15
18,8,728,106,10,2,40.16
18,8,728,107,10,2,40.89
18,8,728,108,10,2,43.25
18,8,728,109,10,2,46.73
18,8,728,110,10,2,49.49
18,8,728,111,10,2,51.34
18,8,728,112,10,2,54.35
18,8,728,113,10,2,57.51
18,8,728,114,10,2,58.94
18,8,728,115,10,2,58.94
18,8,728,116,10,2,58.94
18,8,728,117,10,2,58.94
18,8,728,118,10,2,58.94
18,8,728,119,10,2,58.94
18,8,728,120,10,2,58.94
18,8,728,121,10,2,58.94
18,8,728,122,10,2,58.94
18,8,728,123,10,2,58.94
18,8,728,124,10,2,58.94
18,8,728,125,10,2,58.94
18,8,728,126,10,2,58.94
18,8,728,127,10,2,58.94
18,8,728,128,10,2,58.94
18,8,728,129,10,2,58.94
18,8,728,130,10,2,58.94
18,202,24,101,10,2,36.99
18,202,24,102,10,2,38.08
18,202,24,103,10,2,39.56
18,202,24,104,10,2,41.37
18,202,24,105,10,2,43.25
18,202,24,106,10,2,45.02
18,202,24,107,10,2,46.32
18,202,24,108,10,2,47.02
18,202,24,109,10,2,47.12
18,202,24,110,10,2,47.76
18,202,24,111,10,2,50.37
18,202,24,112,10,2,55.26
18,202,24,113,10,2,60.51
18,202,24,114,10,2,63.42
18,202,24,115,10,2,66.0797
18,202,24,116,10,2,68.5512
18,202,24,117,10,2,70.6086
18,202,24,118,10,2,72.5763
18,202,24,119,10,2,74.1801
18,202,24,120,10,2,75.6247
18,202,24,121,10,2,76.7735
18,202,24,122,10,2,77.7521
18,202,24,123,10,2,78.7871
18,202,24,124,10,2,79.646
18,202,24,125,10,2,80.3594
18,202,24,126,10,2,81.1236
18,202,24,127,10,2,81.8564
18,202,24,128,10,2,82.5549
18,202,24,129,10,2,83.1951
18,202,24,130,10,2,83.8083
18,204,24,101,10,2,36.99
18,204,24,102,10,2,38.08
18,204,24,103,10,2,39.56
18,204,24,104,10,2,41.37
18,204,24,105,10,2,43.25
18,204,24,106,10,2,45.02
18,204,24,107,10,2,46.32
18,204,24,108,10,2,47.02
18,204,24,109,10,2,47.12
18,204,24,110,10,2,47.76
18,204,24,111,10,2,50.37
18,204,24,112,10,2,55.26
18,204,24,113,10,2,60.51
18,204,24,114,10,2,63.42
18,204,24,115,10,2,64.6527
18,204,24,116,10,2,66.3419
18,204,24,117,10,2,67.8557
18,204,24,118,10,2,69.0425
18,204,24,119,10,2,70.1479
18,204,24,120,10,2,70.9784
18,204,24,121,10,2,71.8818
18,204,24,122,10,2,72.5884
18,204,24,123,10,2,73.5669
18,204,24,124,10,2,74.1863
18,204,24,125,10,2,74.9305
18,204,24,126,10,2,75.5001
18,204,24,127,10,2,76.186
18,204,24,128,10,2,76.7243
18,204,24,129,10,2,77.3682
18,204,24,130,10,2,77.903
18,203,24,101,10,2,36.99
18,203,24,102,10,2,38.08
18,203,24,103,10,2,39.56
18,203,24,104,10,2,41.37
18,203,24,105,10,2,43.25
18,203,24,106,10,2,45.02
18,203,24,107,10,2,46.32
18,203,24,108,10,2,47.02
18,203,24,109,10,2,47.12
18,203,24,110,10,2,47.76
18,203,24,111,10,2,50.37
18,203,24,112,10,2,55.26
18,203,24,113,10,2,60.51
18,203,24,114,10,2,63.42
18,203,24,115,10,2,67.4895
18,203,24,116,10,2,70.6868
18,203,24,117,10,2,73.5741
18,203,24,118,10,2,76.0791
18,203,24,119,10,2,78.1588
18,203,24,120,10,2,79.649
18,203,24,121,10,2,81.0004
18,203,24,122,10,2,82.167
18,203,24,123,10,2,83.2378
18,203,24,124,10,2,84.0374
18,203,24,125,10,2,84.8283
18,203,24,126,10,2,85.6545
18,203,24,127,10,2,86.468
18,203,24,128,10,2,87.2114
18,203,24,129,10,2,87.935
18,203,24,130,10,2,88.5994
18,207,24,101,10,2,36.99
18,207,24,102,10,2,38.08
18,207,24,103,10,2,39.56
18,207,24,104,10,2,41.37
18,207,24,105,10,2,43.25
18,207,24,106,10,2,45.02
18,207,24,107,10,2,46.32
18,207,24,108,10,2,47.02
18,207,24,109,10,2,47.12
18,207,24,110,10,2,47.76
18,207,24,111,10,2,50.37
18,207,24,112,10,2,55.26
18,207,24,113,10,2,60.51
18,207,24,114,10,2,63.42
18,207,24,115,10,2,63.8898
18,207,24,116,10,2,65.2158
18,207,24,117,10,2,65.9652
18,207,24,118,10,2,67.1412
18,207,24,119,10,2,68.2474
18,207,24,120,10,2,69.1634
18,207,24,121,10,2,69.9424
18,207,24,122,10,2,70.5597
18,207,24,123,10,2,70.9522
18,207,24,124,10,2,71.3745
18,207,24,125,10,2,71.9909
18,207,24,126,10,2,72.5107
18,207,24,127,10,2,73.1348
18,207,24,128,10,2,73.3454
18,207,24,129,10,2,73.8925
18,207,24,130,10,2,74.2175
18,206,24,101,10,2,36.99
18,206,24,102,10,2,38.08
18,206,24,103,10,2,39.56
18,206,24,104,10,2,41.37
18,206,24,105,10,2,43.25
18,206,24,106,10,2,45.02
18,206,24,107,10,2,46.32
18,206,24,108,10,2,47.02
18,206,24,109,10,2,47.12
18,206,24,110,10,2,47.76
18,206,24,111,10,2,50.37
18,206,24,112,10,2,55.26
18,206,24,113,10,2,60.51
18,206,24,114,10,2,63.42
18,206,24,115,10,2,68.3028
18,206,24,116,10,2,71.9218
18,206,24,117,10,2,75.3504
18,206,24,118,10,2,77.9068
18,206,24,119,10,2,80.0157
18,206,24,120,10,2,81.5106
18,206,24,121,10,2,82.7105
18,206,24,122,10,2,83.8575
18,206,24,123,10,2,84.9197
18,206,24,124,10,2,85.9078
18,206,24,125,10,2,86.8023
18,206,24,126,10,2,87.4709
18,206,24,127,10,2,88.1727
18,206,24,128,10,2,88.974
18,206,24,129,10,2,89.5756
18,206,24,130,10,2,90.331
18,8,24,101,10,2,36.99
18,8,24,102,10,2,38.08
18,8,24,103,10,2,39.56
18,8,24,104,10,2,41.37
18,8,24,105,10,2,43.25
18,8,24,106,10,2,45.02
18,8,24,107,10,2,46.32
18,8,24,108,10,2,47.02
18,8,24,109,10,2,47.12
18,8,24,110,10,2,47.76
18,8,24,111,10,2,50.37
18,8,24,112,10,2,55.26
18,8,24,113,10,2,60.51
18,8,24,114,10,2,63.42
18,8,24,115,10,2,63.42
18,8,24,116,10,2,63.42
18,8,24,117,10,2,63.42
18,8,24,118,10,2,63.42
18,8,24,119,10,2,63.42
18,8,24,120,10,2,63.42
18,8,24,121,10,2,63.42
18,8,24,122,10,2,63.42
18,8,24,123,10,2,63.42
18,8,24,124,10,2,63.42
18,8,24,125,10,2,63.42
18,8,24,126,10,2,63.42
18,8,24,127,10,2,63.42
18,8,24,128,10,2,63.42
18,8,24,129,10,2,63.42
18,8,24,130,10,2,63.42
18,202,148,101,10,2,38.92
18,202,148,102,10,2,39.74
18,202,148,103,10,2,40.61
18,202,148,104,10,2,41.54
18,202,148,105,10,2,43.89
18,202,148,106,10,2,45.19
18,202,148,107,10,2,46.64
18,202,148,108,10,2,47.89
18,202,148,109,10,2,48.47
18,202,148,110,10,2,48.85
18,202,148,111,10,2,49.15
18,202,148,112,10,2,50.71
18,202,148,113,10,2,53.67
18,202,148,114,10,2,55.21
18,202,148,115,10,2,56.7616
18,202,148,116,10,2,58.2873
18,202,148,117,10,2,59.803
18,202,148,118,10,2,61.2143
18,202,148,119,10,2,62.6683
18,202,148,120,10,2,64.0069
18,202,148,121,10,2,65.4228
18,202,148,122,10,2,66.702
18,202,148,123,10,2,67.86
18,202,148,124,10,2,69.0589
18,202,148,125,10,2,70.0415
18,202,148,126,10,2,70.8874
18,202,148,127,10,2,71.9303
18,202,148,128,10,2,72.7888
18,202,148,129,10,2,73.6445
18,202,148,130,10,2,74.3706
18,204,148,101,10,2,38.92
18,204,148,102,10,2,39.74
18,204,148,103,10,2,40.61
18,204,148,104,10,2,41.54
18,204,148,105,10,2,43.89
18,204,148,106,10,2,45.19
18,204,148,107,10,2,46.64
18,204,148,108,10,2,47.89
18,204,148,109,10,2,48.47
18,204,148,110,10,2,48.85
18,204,148,111,10,2,49.15
18,204,148,112,10,2,50.71
18,204,148,113,10,2,53.67
18,204,148,114,10,2,55.21
18,204,148,115,10,2,55.31
18,204,148,116,10,2,56.117
18,204,148,117,10,2,56.8888
18,204,148,118,10,2,58.0134
18,204,148,119,10,2,58.705
18,204,148,120,10,2,59.3505
18,204,148,121,10,2,60.1257
18,204,148,122,10,2,61.0183
18,204,148,123,10,2,61.8118
18,204,148,124,10,2,62.5827
18,204,148,125,10,2,63.2435
18,204,148,126,10,2,63.7364
18,204,148,127,10,2,64.5655
18,204,148,128,10,2,65.4062
18,204,148,129,10,2,66.05
18,204,148,130,10,2,66.5447
18,203,148,101,10,2,38.92
18,203,148,102,10,2,39.74
18,203,148,103,10,2,40.61
18,203,148,104,10,2,41.54
18,203,148,105,10,2,43.89
18,203,148,106,10,2,45.19
18,203,148,107,10,2,46.64
18,203,148,108,10,2,47.89
18,203,148,109,10,2,48.47
18,203,148,110,10,2,48.85
18,203,148,111,10,2,49.15
18,203,148,112,10,2,50.71
18,203,148,113,10,2,53.67
18,203,148,114,10,2,55.21
18,203,148,115,10,2,58.2187
18,203,148,116,10,2,60.5215
18,203,148,117,10,2,62.5656
18,203,148,118,10,2,64.6252
18,203,148,119,10,2,66.6557
18,203,148,120,10,2,68.6186
18,203,148,121,10,2,70.2838
18,203,148,122,10,2,71.8891
18,203,148,123,10,2,73.451
18,203,148,124,10,2,74.8247
18,203,148,125,10,2,76.0786
18,203,148,126,10,2,77.2032
18,203,148,127,10,2,78.2372
18,203,148,128,10,2,79.3214
18,203,148,129,10,2,80.199
18,203,148,130,10,2,81.0484
18,207,148,101,10,2,38.92
18,207,148,102,10,2,39.74
18,207,148,103,10,2,40.61
18,207,148,104,10,2,41.54
18,207,148,105,10,2,43.89
18,207,148,106,10,2,45.19
18,207,148,107,10,2,46.64
18,207,148,108,10,2,47.89
18,207,148,109,10,2,48.47
18,207,148,110,10,2,48.85
18,207,148,111,10,2,49.15
18,207,148,112,10,2,50.71
18,207,148,113,10,2,53.67
18,207,148,114,10,2,55.21
18,207,148,115,10,2,54.5762
18,207,148,116,10,2,55.069
18,207,148,117,10,2,55.2835
18,207,148,118,10,2,56.0294
18,207,148,119,10,2,56.909
18,207,148,120,10,2,57.076
18,207,148,121,10,2,57.7612
18,207,148,122,10,2,58.4511
18,207,148,123,10,2,58.948
18,207,148,124,10,2,59.768
18,207,148,125,10,2,60.1624
18,207,148,126,10,2,60.9089
18,207,148,127,10,2,61.3657
18,207,148,128,10,2,61.8535
18,207,148,129,10,2,62.2602
18,207,148,130,10,2,62.8931
18,206,148,101,10,2,38.92
18,206,148,102,10,2,39.74
18,206,148,103,10,2,40.61
18,206,148,104,10,2,41.54
18,206,148,105,10,2,43.89
18,206,148,106,10,2,45.19
18,206,148,107,10,2,46.64
18,206,148,108,10,2,47.89
18,206,148,109,10,2,48.47
18,206,148,110,10,2,48.85
18,206,148,111,10,2,49.15
18,206,148,112,10,2,50.71
18,206,148,113,10,2,53.67
18,206,148,114,10,2,55.21
18,206,148,115,10,2,58.9155
18,206,148,116,10,2,61.6188
18,206,148,117,10,2,64.1335
18,206,148,118,10,2,66.5957
18,206,148,119,10,2,69.1276
18,206,148,120,10,2,71.3249
18,206,148,121,10,2,73.173
18,206,148,122,10,2,74.9288
18,206,148,123,10,2,76.7971
18,206,148,124,10,2,77.8684
18,206,148,125,10,2,79.1795
18,206,148,126,10,2,80.0511
18,206,148,127,10,2,81.2381
18,206,148,128,10,2,82.1003
18,206,148,129,10,2,82.7663
18,206,148,130,10,2,83.6421
18,8,148,101,10,2,38.92
18,8,148,102,10,2,39.74
18,8,148,103,10,2,40.61
18,8,148,104,10,2,41.54
18,8,148,105,10,2,43.89
18,8,148,106,10,2,45.19
18,8,148,107,10,2,46.64
18,8,148,108,10,2,47.89
18,8,148,109,10,2,48.47
18,8,148,110,10,2,48.85
18,8,148,111,10,2,49.15
18,8,148,112,10,2,50.71
18,8,148,113,10,2,53.67
18,8,148,114,10,2,55.21
18,8,148,115,10,2,55.21
18,8,148,116,10,2,55.21
18,8,148,117,10,2,55.21
18,8,148,118,10,2,55.21
18,8,148,119,10,2,55.21
18,8,148,120,10,2,55.21
18,8,148,121,10,2,55.21
18,8,148,122,10,2,55.21
18,8,148,123,10,2,55.21
18,8,148,124,10,2,55.21
18,8,148,125,10,2,55.21
18,8,148,126,10,2,55.21
18,8,148,127,10,2,55.21
18,8,148,128,10,2,55.21
18,8,148,129,10,2,55.21
18,8,148,130,10,2,55.21
18,202,180,101,10,2,40.42
18,202,180,102,10,2,41.91
18,202,180,103,10,2,43
18,202,180,104,10,2,44.36
18,202,180,105,10,2,46.16
18,202,180,106,10,2,47.02
18,202,180,107,10,2,48.53
18,202,180,108,10,2,49.66
18,202,180,109,10,2,51.01
18,202,180,110,10,2,50.32
18,202,180,111,10,2,53.28
18,202,180,112,10,2,56.92
18,202,180,113,10,2,59.53
18,202,180,114,10,2,61.74
18,202,180,115,10,2,63.6512
18,202,180,116,10,2,65.3616
18,202,180,117,10,2,66.9851
18,202,180,118,10,2,68.5351
18,202,180,119,10,2,69.9824
18,202,180,120,10,2,71.1311
18,202,180,121,10,2,72.2834
18,202,180,122,10,2,73.4072
18,202,180,123,10,2,74.4017
18,202,180,124,10,2,75.2366
18,202,180,125,10,2,76.1562
18,202,180,126,10,2,76.9149
18,202,180,127,10,2,77.6591
18,202,180,128,10,2,78.4254
18,202,180,129,10,2,79.125
18,202,180,130,10,2,79.7063
18,204,180,101,10,2,40.42
18,204,180,102,10,2,41.91
18,204,180,103,10,2,43
18,204,180,104,10,2,44.36
18,204,180,105,10,2,46.16
18,204,180,106,10,2,47.02
18,204,180,107,10,2,48.53
18,204,180,108,10,2,49.66
18,204,180,109,10,2,51.01
18,204,180,110,10,2,50.32
18,204,180,111,10,2,53.28
18,204,180,112,10,2,56.92
18,204,180,113,10,2,59.53
18,204,180,114,10,2,61.74
18,204,180,115,10,2,62.2052
18,204,180,116,10,2,63.3072
18,204,180,117,10,2,64.3784
18,204,180,118,10,2,65.2424
18,204,180,119,10,2,66.147
18,204,180,120,10,2,66.9096
18,204,180,121,10,2,67.972
18,204,180,122,10,2,68.7233
18,204,180,123,10,2,69.5694
18,204,180,124,10,2,70.0943
18,204,180,125,10,2,70.7341
18,204,180,126,10,2,71.2563
18,204,180,127,10,2,71.7358
18,204,180,128,10,2,72.3968
18,204,180,129,10,2,73.129
18,204,180,130,10,2,73.7306
18,203,180,101,10,2,40.42
18,203,180,102,10,2,41.91
18,203,180,103,10,2,43
18,203,180,104,10,2,44.36
18,203,180,105,10,2,46.16
18,203,180,106,10,2,47.02
18,203,180,107,10,2,48.53
18,203,180,108,10,2,49.66
18,203,180,109,10,2,51.01
18,203,180,110,10,2,50.32
18,203,180,111,10,2,53.28
18,203,180,112,10,2,56.92
18,203,180,113,10,2,59.53
18,203,180,114,10,2,61.74
18,203,180,115,10,2,64.9225
18,203,180,116,10,2,67.5041
18,203,180,117,10,2,69.8484
18,203,180,118,10,2,71.7858
18,203,180,119,10,2,73.6338
18,203,180,120,10,2,75.344
18,203,180,121,10,2,76.8125
18,203,180,122,10,2,78.0182
18,203,180,123,10,2,79.2361
18,203,180,124,10,2,80.3645
18,203,180,125,10,2,81.3054
18,203,180,126,10,2,82.0638
18,203,180,127,10,2,82.8471
18,203,180,128,10,2,83.6884
18,203,180,129,10,2,84.4306
18,203,180,130,10,2,85.1133
18,207,180,101,10,2,40.42
18,207,180,102,10,2,41.91
18,207,180,103,10,2,43
18,207,180,104,10,2,44.36
18,207,180,105,10,2,46.16
18,207,180,106,10,2,47.02
18,207,180,107,10,2,48.53
18,207,180,108,10,2,49.66
18,207,180,109,10,2,51.01
18,207,180,110,10,2,50.32
18,207,180,111,10,2,53.28
18,207,180,112,10,2,56.92
18,207,180,113,10,2,59.53
18,207,180,114,10,2,61.74
18,207,180,115,10,2,61.4648
18,207,180,116,10,2,62.2851
18,207,180,117,10,2,62.7706
18,207,180,118,10,2,63.635
18,207,180,119,10,2,64.4433
18,207,180,120,10,2,65.1081
18,207,180,121,10,2,65.6283
18,207,180,122,10,2,66.4948
18,207,180,123,10,2,66.7574
18,207,180,124,10,2,67.5323
18,207,180,125,10,2,68.1198
18,207,180,126,10,2,68.3928
18,207,180,127,10,2,68.829
18,207,180,128,10,2,69.0227
18,207,180,129,10,2,69.6473
18,207,180,130,10,2,70.1645
18,206,180,101,10,2,40.42
18,206,180,102,10,2,41.91
18,206,180,103,10,2,43
18,206,180,104,10,2,44.36
18,206,180,105,10,2,46.16
18,206,180,106,10,2,47.02
18,206,180,107,10,2,48.53
18,206,180,108,10,2,49.66
18,206,180,109,10,2,51.01
18,206,180,110,10,2,50.32
18,206,180,111,10,2,53.28
18,206,180,112,10,2,56.92
18,206,180,113,10,2,59.53
18,206,180,114,10,2,61.74
18,206,180,115,10,2,65.6454
18,206,180,116,10,2,68.3199
18,206,180,117,10,2,70.9779
18,206,180,118,10,2,73.458
18,206,180,119,10,2,75.4076
18,206,180,120,10,2,77.1354
18,206,180,121,10,2,78.5962
18,206,180,122,10,2,79.9985
18,206,180,123,10,2,81.1974
18,206,180,124,10,2,82.3553
18,206,180,125,10,2,83.4306
18,206,180,126,10,2,84.4243
18,206,180,127,10,2,85.1334
18,206,180,128,10,2,85.9152
18,206,180,129,10,2,86.6652
18,206,180,130,10,2,87.4123
18,8,180,101,10,2,40.42
18,8,180,102,10,2,41.91
18,8,180,103,10,2,43
18,8,180,104,10,2,44.36
18,8,180,105,10,2,46.16
18,8,180,106,10,2,47.02
18,8,180,107,10,2,48.53
18,8,180,108,10,2,49.66
18,8,180,109,10,2,51.01
18,8,180,110,10,2,50.32
18,8,180,111,10,2,53.28
18,8,180,112,10,2,56.92
18,8,180,113,10,2,59.53
18,8,180,114,10,2,61.74
18,8,180,115,10,2,61.74
18,8,180,116,10,2,61.74
18,8,180,117,10,2,61.74
18,8,180,118,10,2,61.74
18,8,180,119,10,2,61.74
18,8,180,120,10,2,61.74
18,8,180,121,10,2,61.74
18,8,180,122,10,2,61.74
18,8,180,123,10,2,61.74
18,8,180,124,10,2,61.74
18,8,180,125,10,2,61.74
18,8,180,126,10,2,61.74
18,8,180,127,10,2,61.74
18,8,180,128,10,2,61.74
18,8,180,129,10,2,61.74
18,8,180,130,10,2,61.74
18,202,678,101,10,2,48.31
18,202,678,102,10,2,50.65
18,202,678,103,10,2,53.44
18,202,678,104,10,2,55.75
18,202,678,105,10,2,58.11
18,202,678,106,10,2,60.8
18,202,678,107,10,2,61.97
18,202,678,108,10,2,60.62
18,202,678,109,10,2,60.15
18,202,678,110,10,2,61.82
18,202,678,111,10,2,65.11
18,202,678,112,10,2,68.3
18,202,678,113,10,2,70.8
18,202,678,114,10,2,72.45
18,202,678,115,10,2,73.434
18,202,678,116,10,2,74.4208
18,202,678,117,10,2,75.2742
18,202,678,118,10,2,76.1049
18,202,678,119,10,2,76.9088
18,202,678,120,10,2,77.6625
18,202,678,121,10,2,78.3685
18,202,678,122,10,2,79.1395
18,202,678,123,10,2,79.7964
18,202,678,124,10,2,80.399
18,202,678,125,10,2,81.0702
18,202,678,126,10,2,81.6422
18,202,678,127,10,2,82.2835
18,202,678,128,10,2,82.9652
18,202,678,129,10,2,83.6265
18,202,678,130,10,2,84.1834
18,204,678,101,10,2,48.31
18,204,678,102,10,2,50.65
18,204,678,103,10,2,53.44
18,204,678,104,10,2,55.75
18,204,678,105,10,2,58.11
18,204,678,106,10,2,60.8
18,204,678,107,10,2,61.97
18,204,678,108,10,2,60.62
18,204,678,109,10,2,60.15
18,204,678,110,10,2,61.82
18,204,678,111,10,2,65.11
18,204,678,112,10,2,68.3
18,204,678,113,10,2,70.8
18,204,678,114,10,2,72.45
18,204,678,115,10,2,72.3752
18,204,678,116,10,2,72.8111
18,204,678,117,10,2,73.1605
18,204,678,118,10,2,73.7799
18,204,678,119,10,2,74.2589
18,204,678,120,10,2,74.8396
18,204,678,121,10,2,75.3802
18,204,678,122,10,2,75.9177
18,204,678,123,10,2,76.4987
18,204,678,124,10,2,77.0572
18,204,678,125,10,2,77.4797
18,204,678,126,10,2,78.0556
18,204,678,127,10,2,78.6399
18,204,678,128,10,2,79.1665
18,204,678,129,10,2,79.4621
18,204,678,130,10,2,79.9758
18,203,678,101,10,2,48.31
18,203,678,102,10,2,50.65
18,203,678,103,10,2,53.44
18,203,678,104,10,2,55.75
18,203,678,105,10,2,58.11
18,203,678,106,10,2,60.8
18,203,678,107,10,2,61.97
18,203,678,108,10,2,60.62
18,203,678,109,10,2,60.15
18,203,678,110,10,2,61.82
18,203,678,111,10,2,65.11
18,203,678,112,10,2,68.3
18,203,678,113,10,2,70.8
18,203,678,114,10,2,72.45
18,203,678,115,10,2,74.6498
18,203,678,116,10,2,76.0026
18,203,678,117,10,2,77.2882
18,203,678,118,10,2,78.4279
18,203,678,119,10,2,79.4407
18,203,678,120,10,2,80.4205
18,203,678,121,10,2,81.2382
18,203,678,122,10,2,82.1329
18,203,678,123,10,2,82.9358
18,203,678,124,10,2,83.8085
18,203,678,125,10,2,84.5617
18,203,678,126,10,2,85.3623
18,203,678,127,10,2,86.1013
18,203,678,128,10,2,86.8381
18,203,678,129,10,2,87.4613
18,203,678,130,10,2,88.2749
18,207,678,101,10,2,48.31
18,207,678,102,10,2,50.65
18,207,678,103,10,2,53.44
18,207,678,104,10,2,55.75
18,207,678,105,10,2,58.11
18,207,678,106,10,2,60.8
18,207,678,107,10,2,61.97
18,207,678,108,10,2,60.62
18,207,678,109,10,2,60.15
18,207,678,110,10,2,61.82
18,207,678,111,10,2,65.11
18,207,678,112,10,2,68.3
18,207,678,113,10,2,70.8
18,207,678,114,10,2,72.45
18,207,678,115,10,2,71.7793
18,207,678,116,10,2,72.0004
18,207,678,117,10,2,72.1279
18,207,678,118,10,2,72.3514
18,207,678,119,10,2,72.6743
18,207,678,120,10,2,73.3112
18,207,678,121,10,2,73.721
18,207,678,122,10,2,74.3707
18,207,678,123,10,2,74.7605
18,207,678,124,10,2,75.0596
18,207,678,125,10,2,75.4358
18,207,678,126,10,2,75.8644
18,207,678,127,10,2,76.2485
18,207,678,128,10,2,76.3094
18,207,678,129,10,2,76.7406
18,207,678,130,10,2,77.0697
18,206,678,101,10,2,48.31
18,206,678,102,10,2,50.65
18,206,678,103,10,2,53.44
18,206,678,104,10,2,55.75
18,206,678,105,10,2,58.11
18,206,678,106,10,2,60.8
18,206,678,107,10,2,61.97
18,206,678,108,10,2,60.62
18,206,678,109,10,2,60.15
18,206,678,110,10,2,61.82
18,206,678,111,10,2,65.11
18,206,678,112,10,2,68.3
18,206,678,113,10,2,70.8
18,206,678,114,10,2,72.45
18,206,678,115,10,2,75.2717
18,206,678,116,10,2,76.9186
18,206,678,117,10,2,78.2794
18,206,678,118,10,2,79.5059
18,206,678,119,10,2,80.7228
18,206,678,120,10,2,81.7999
18,206,678,121,10,2,82.775
18,206,678,122,10,2,83.652
18,206,678,123,10,2,84.3866
18,206,678,124,10,2,85.1342
18,206,678,125,10,2,86.0345
18,206,678,126,10,2,86.8038
18,206,678,127,10,2,87.5909
18,206,678,128,10,2,88.2109
18,206,678,129,10,2,89.0605
18,206,678,130,10,2,89.6483
18,8,678,101,10,2,48.31
18,8,678,102,10,2,50.65
18,8,678,103,10,2,53.44
18,8,678,104,10,2,55.75
18,8,678,105,10,2,58.11
18,8,678,106,10,2,60.8
18,8,678,107,10,2,61.97
18,8,678,108,10,2,60.62
18,8,678,109,10,2,60.15
18,8,678,110,10,2,61.82
18,8,678,111,10,2,65.11
18,8,678,112,10,2,68.3
18,8,678,113,10,2,70.8
18,8,678,114,10,2,72.45
18,8,678,115,10,2,72.45
18,8,678,116,10,2,72.45
18,8,678,117,10,2,72.45
18,8,678,118,10,2,72.45
18,8,678,119,10,2,72.45
18,8,678,120,10,2,72.45
18,8,678,121,10,2,72.45
18,8,678,122,10,2,72.45
18,8,678,123,10,2,72.45
18,8,678,124,10,2,72.45
18,8,678,125,10,2,72.45
18,8,678,126,10,2,72.45
18,8,678,127,10,2,72.45
18,8,678,128,10,2,72.45
18,8,678,129,10,2,72.45
18,8,678,130,10,2,72.45
18,202,204,101,10,2,33.91
18,202,204,102,10,2,36.55
18,202,204,103,10,2,39.03
18,202,204,104,10,2,41.87
18,202,204,105,10,2,45.33
18,202,204,106,10,2,48.75
18,202,204,107,10,2,51.08
18,202,204,108,10,2,54.28
18,202,204,109,10,2,56.81
18,202,204,110,10,2,56.66
18,202,204,111,10,2,57.69
18,202,204,112,10,2,59.96
18,202,204,113,10,2,61.36
18,202,204,114,10,2,62.83
18,202,204,115,10,2,63.7829
18,202,204,116,10,2,64.7081
18,202,204,117,10,2,65.5068
18,202,204,118,10,2,66.3546
18,202,204,119,10,2,67.1222
18,202,204,120,10,2,67.8989
18,202,204,121,10,2,68.5734
18,202,204,122,10,2,69.3197
18,202,204,123,10,2,69.923
18,202,204,124,10,2,70.4702
18,202,204,125,10,2,71.133
18,202,204,126,10,2,71.7913
18,202,204,127,10,2,72.3705
18,202,204,128,10,2,72.8082
18,202,204,129,10,2,73.4406
18,202,204,130,10,2,74.038
18,204,204,101,10,2,33.91
18,204,204,102,10,2,36.55
18,204,204,103,10,2,39.03
18,204,204,104,10,2,41.87
18,204,204,105,10,2,45.33
18,204,204,106,10,2,48.75
18,204,204,107,10,2,51.08
18,204,204,108,10,2,54.28
18,204,204,109,10,2,56.81
18,204,204,110,10,2,56.66
18,204,204,111,10,2,57.69
18,204,204,112,10,2,59.96
18,204,204,113,10,2,61.36
18,204,204,114,10,2,62.83
18,204,204,115,10,2,62.5355
18,204,204,116,10,2,62.8343
18,204,204,117,10,2,63.3868
18,204,204,118,10,2,63.6914
18,204,204,119,10,2,64.2259
18,204,204,120,10,2,64.5728
18,204,204,121,10,2,65.0263
18,204,204,122,10,2,65.3314
18,204,204,123,10,2,65.877
18,204,204,124,10,2,66.3467
18,204,204,125,10,2,66.7233
18,204,204,126,10,2,67.3319
18,204,204,127,10,2,67.9529
18,204,204,128,10,2,68.2708
18,204,204,129,10,2,68.7454
18,204,204,130,10,2,69.2205
18,203,204,101,10,2,33.91
18,203,204,102,10,2,36.55
18,203,204,103,10,2,39.03
18,203,204,104,10,2,41.87
18,203,204,105,10,2,45.33
18,203,204,106,10,2,48.75
18,203,204,107,10,2,51.08
18,203,204,108,10,2,54.28
18,203,204,109,10,2,56.81
18,203,204,110,10,2,56.66
18,203,204,111,10,2,57.69
18,203,204,112,10,2,59.96
18,203,204,113,10,2,61.36
18,203,204,114,10,2,62.83
18,203,204,115,10,2,65.0914
18,203,204,116,10,2,66.6435
18,203,204,117,10,2,67.7968
18,203,204,118,10,2,69.0306
18,203,204,119,10,2,70.0031
18,203,204,120,10,2,71.083
18,203,204,121,10,2,71.9827
18,203,204,122,10,2,72.8416
18,203,204,123,10,2,73.7613
18,203,204,124,10,2,74.49
18,203,204,125,10,2,75.3888
18,203,204,126,10,2,76.2259
18,203,204,127,10,2,76.9803
18,203,204,128,10,2,77.583
18,203,204,129,10,2,78.2937
18,203,204,130,10,2,78.8763
18,207,204,101,10,2,33.91
18,207,204,102,10,2,36.55
18,207,204,103,10,2,39.03
18,207,204,104,10,2,41.87
18,207,204,105,10,2,45.33
18,207,204,106,10,2,48.75
18,207,204,107,10,2,51.08
18,207,204,108,10,2,54.28
18,207,204,109,10,2,56.81
18,207,204,110,10,2,56.66
18,207,204,111,10,2,57.69
18,207,204,112,10,2,59.96
18,207,204,113,10,2,61.36
18,207,204,114,10,2,62.83
18,207,204,115,10,2,61.8599
18,207,204,116,10,2,62.1416
18,207,204,117,10,2,62.3257
18,207,204,118,10,2,62.3235
18,207,204,119,10,2,62.7177
18,207,204,120,10,2,62.5838
18,207,204,121,10,2,63.1973
18,207,204,122,10,2,63.24
18,207,204,123,10,2,63.5148
18,207,204,124,10,2,64.0974
18,207,204,125,10,2,64.4844
18,207,204,126,10,2,65.1622
18,207,204,127,10,2,65.16
18,207,204,128,10,2,65.6447
18,207,204,129,10,2,66.1884
18,207,204,130,10,2,66.4598
18,206,204,101,10,2,33.91
18,206,204,102,10,2,36.55
18,206,204,103,10,2,39.03
18,206,204,104,10,2,41.87
18,206,204,105,10,2,45.33
18,206,204,106,10,2,48.75
18,206,204,107,10,2,51.08
18,206,204,108,10,2,54.28
18,206,204,109,10,2,56.81
18,206,204,110,10,2,56.66
18,206,204,111,10,2,57.69
18,206,204,112,10,2,59.96
18,206,204,113,10,2,61.36
18,206,204,114,10,2,62.83
18,206,204,115,10,2,65.633
18,206,204,116,10,2,67.7342
18,206,204,117,10,2,69.0821
18,206,204,118,10,2,70.9091
18,206,204,119,10,2,71.9591
18,206,204,120,10,2,73.0074
18,206,204,121,10,2,73.9303
18,206,204,122,10,2,75.1801
18,206,204,123,10,2,76.0987
18,206,204,124,10,2,77.0163
18,206,204,125,10,2,77.7103
18,206,204,126,10,2,78.6364
18,206,204,127,10,2,79.2893
18,206,204,128,10,2,79.6296
18,206,204,129,10,2,80.3334
18,206,204,130,10,2,81.0411
18,8,204,101,10,2,33.91
18,8,204,102,10,2,36.55
18,8,204,103,10,2,39.03
18,8,204,104,10,2,41.87
18,8,204,105,10,2,45.33
18,8,204,106,10,2,48.75
18,8,204,107,10,2,51.08
18,8,204,108,10,2,54.28
18,8,204,109,10,2,56.81
18,8,204,110,10,2,56.66
18,8,204,111,10,2,57.69
18,8,204,112,10,2,59.96
18,8,204,113,10,2,61.36
18,8,204,114,10,2,62.83
18,8,204,115,10,2,62.83
18,8,204,116,10,2,62.83
18,8,204,117,10,2,62.83
18,8,204,118,10,2,62.83
18,8,204,119,10,2,62.83
18,8,204,120,10,2,62.83
18,8,204,121,10,2,62.83
18,8,204,122,10,2,62.83
18,8,204,123,10,2,62.83
18,8,204,124,10,2,62.83
18,8,204,125,10,2,62.83
18,8,204,126,10,2,62.83
18,8,204,127,10,2,62.83
18,8,204,128,10,2,62.83
18,8,204,129,10,2,62.83
18,8,204,130,10,2,62.83
18,202,854,101,10,2,32.03
18,202,854,102,10,2,34.39
18,202,854,103,10,2,36.73
18,202,854,104,10,2,39.19
18,202,854,105,10,2,41.48
18,202,854,106,10,2,44.6
18,202,854,107,10,2,49.54
18,202,854,108,10,2,50.54
18,202,854,109,10,2,50.44
18,202,854,110,10,2,51.25
18,202,854,111,10,2,52.56
18,202,854,112,10,2,55.84
18,202,854,113,10,2,59.26
18,202,854,114,10,2,61.6
18,202,854,115,10,2,63.3125
18,202,854,116,10,2,64.9289
18,202,854,117,10,2,66.4794
18,202,854,118,10,2,67.7647
18,202,854,119,10,2,68.8394
18,202,854,120,10,2,69.8905
18,202,854,121,10,2,70.9741
18,202,854,122,10,2,71.7713
18,202,854,123,10,2,72.5028
18,202,854,124,10,2,73.3698
18,202,854,125,10,2,74.2122
18,202,854,126,10,2,74.8639
18,202,854,127,10,2,75.6386
18,202,854,128,10,2,76.2338
18,202,854,129,10,2,76.9254
18,202,854,130,10,2,77.5765
18,204,854,101,10,2,32.03
18,204,854,102,10,2,34.39
18,204,854,103,10,2,36.73
18,204,854,104,10,2,39.19
18,204,854,105,10,2,41.48
18,204,854,106,10,2,44.6
18,204,854,107,10,2,49.54
18,204,854,108,10,2,50.54
18,204,854,109,10,2,50.44
18,204,854,110,10,2,51.25
18,204,854,111,10,2,52.56
18,204,854,112,10,2,55.84
18,204,854,113,10,2,59.26
18,204,854,114,10,2,61.6
18,204,854,115,10,2,61.9553
18,204,854,116,10,2,62.8807
18,204,854,117,10,2,63.6965
18,204,854,118,10,2,64.4112
18,204,854,119,10,2,65.2136
18,204,854,120,10,2,65.8717
18,204,854,121,10,2,66.6442
18,204,854,122,10,2,67.027
18,204,854,123,10,2,67.716
18,204,854,124,10,2,68.3284
18,204,854,125,10,2,68.6698
18,204,854,126,10,2,69.2914
18,204,854,127,10,2,70.0688
18,204,854,128,10,2,70.6179
18,204,854,129,10,2,71.011
18,204,854,130,10,2,71.6677
18,203,854,101,10,2,32.03
18,203,854,102,10,2,34.39
18,203,854,103,10,2,36.73
18,203,854,104,10,2,39.19
18,203,854,105,10,2,41.48
18,203,854,106,10,2,44.6
18,203,854,107,10,2,49.54
18,203,854,108,10,2,50.54
18,203,854,109,10,2,50.44
18,203,854,110,10,2,51.25
18,203,854,111,10,2,52.56
18,203,854,112,10,2,55.84
18,203,854,113,10,2,59.26
18,203,854,114,10,2,61.6
18,203,854,115,10,2,64.6886
18,203,854,116,10,2,67.2954
18,203,854,117,10,2,69.6669
18,203,854,118,10,2,71.6247
18,203,854,119,10,2,73.2668
18,203,854,120,10,2,74.7459
18,203,854,121,10,2,75.9912
18,203,854,122,10,2,77.1618
18,203,854,123,10,2,78.2489
18,203,854,124,10,2,79.1497
18,203,854,125,10,2,80.0018
18,203,854,126,10,2,80.9977
18,203,854,127,10,2,81.7281
18,203,854,128,10,2,82.4806
18,203,854,129,10,2,83.3532
18,203,854,130,10,2,83.9056
18,207,854,101,10,2,32.03
18,207,854,102,10,2,34.39
18,207,854,103,10,2,36.73
18,207,854,104,10,2,39.19
18,207,854,105,10,2,41.48
18,207,854,106,10,2,44.6
18,207,854,107,10,2,49.54
18,207,854,108,10,2,50.54
18,207,854,109,10,2,50.44
18,207,854,110,10,2,51.25
18,207,854,111,10,2,52.56
18,207,854,112,10,2,55.84
18,207,854,113,10,2,59.26
18,207,854,114,10,2,61.6
18,207,854,115,10,2,61.1215
18,207,854,116,10,2,61.7002
18,207,854,117,10,2,62.2568
18,207,854,118,10,2,62.885
18,207,854,119,10,2,63.6591
18,207,854,120,10,2,64.076
18,207,854,121,10,2,64.2129
18,207,854,122,10,2,65.0315
18,207,854,123,10,2,65.5389
18,207,854,124,10,2,66.0712
18,207,854,125,10,2,66.7426
18,207,854,126,10,2,66.911
18,207,854,127,10,2,67.4865
18,207,854,128,10,2,67.7026
18,207,854,129,10,2,68.528
18,207,854,130,10,2,68.6603
18,206,854,101,10,2,32.03
18,206,854,102,10,2,34.39
18,206,854,103,10,2,36.73
18,206,854,104,10,2,39.19
18,206,854,105,10,2,41.48
18,206,854,106,10,2,44.6
18,206,854,107,10,2,49.54
18,206,854,108,10,2,50.54
18,206,854,109,10,2,50.44
18,206,854,110,10,2,51.25
18,206,854,111,10,2,52.56
18,206,854,112,10,2,55.84
18,206,854,113,10,2,59.26
18,206,854,114,10,2,61.6
18,206,854,115,10,2,65.5064
18,206,854,116,10,2,68.4305
18,206,854,117,10,2,70.7643
18,206,854,118,10,2,73.1697
18,206,854,119,10,2,75.0595
18,206,854,120,10,2,76.7907
18,206,854,121,10,2,78.5098
18,206,854,122,10,2,79.7051
18,206,854,123,10,2,80.8404
18,206,854,124,10,2,81.6229
18,206,854,125,10,2,82.7409
18,206,854,126,10,2,83.6463
18,206,854,127,10,2,84.1736
18,206,854,128,10,2,84.9672
18,206,854,129,10,2,85.827
18,206,854,130,10,2,86.6118
18,8,854,101,10,2,32.03
18,8,854,102,10,2,34.39
18,8,854,103,10,2,36.73
18,8,854,104,10,2,39.19
18,8,854,105,10,2,41.48
18,8,854,106,10,2,44.6
18,8,854,107,10,2,49.54
18,8,854,108,10,2,50.54
18,8,854,109,10,2,50.44
18,8,854,110,10,2,51.25
18,8,854,111,10,2,52.56
18,8,854,112,10,2,55.84
18,8,854,113,10,2,59.26
18,8,854,114,10,2,61.6
18,8,854,115,10,2,61.6
18,8,854,116,10,2,61.6
18,8,854,117,10,2,61.6
18,8,854,118,10,2,61.6
18,8,854,119,10,2,61.6
18,8,854,120,10,2,61.6
18,8,854,121,10,2,61.6
18,8,854,122,10,2,61.6
18,8,854,123,10,2,61.6
18,8,854,124,10,2,61.6
18,8,854,125,10,2,61.6
18,8,854,126,10,2,61.6
18,8,854,127,10,2,61.6
18,8,854,128,10,2,61.6
18,8,854,129,10,2,61.6
18,8,854,130,10,2,61.6
18,202,132,101,10,2,48.61
18,202,132,102,10,2,49.39
18,202,132,103,10,2,50.17
18,202,132,104,10,2,53.34
18,202,132,105,10,2,56.32
18,202,132,106,10,2,61.75
18,202,132,107,10,2,63.64
18,202,132,108,10,2,65.42
18,202,132,109,10,2,67.09
18,202,132,110,10,2,69.41
18,202,132,111,10,2,73.26
18,202,132,112,10,2,74.21
18,202,132,113,10,2,74.95
18,202,132,114,10,2,75.92
18,202,132,115,10,2,76.9219
18,202,132,116,10,2,77.8409
18,202,132,117,10,2,78.687
18,202,132,118,10,2,79.4526
18,202,132,119,10,2,80.2917
18,202,132,120,10,2,81.0211
18,202,132,121,10,2,81.7502
18,202,132,122,10,2,82.455
18,202,132,123,10,2,83.1797
18,202,132,124,10,2,83.8453
18,202,132,125,10,2,84.4418
18,202,132,126,10,2,84.9803
18,202,132,127,10,2,85.5922
18,202,132,128,10,2,86.2513
18,202,132,129,10,2,86.828
18,202,132,130,10,2,87.2923
18,204,132,101,10,2,48.61
18,204,132,102,10,2,49.39
18,204,132,103,10,2,50.17
18,204,132,104,10,2,53.34
18,204,132,105,10,2,56.32
18,204,132,106,10,2,61.75
18,204,132,107,10,2,63.64
18,204,132,108,10,2,65.42
18,204,132,109,10,2,67.09
18,204,132,110,10,2,69.41
18,204,132,111,10,2,73.26
18,204,132,112,10,2,74.21
18,204,132,113,10,2,74.95
18,204,132,114,10,2,75.92
18,204,132,115,10,2,75.9693
18,204,132,116,10,2,76.4909
18,204,132,117,10,2,77.1226
18,204,132,118,10,2,77.6306
18,204,132,119,10,2,78.1698
18,204,132,120,10,2,78.6829
18,204,132,121,10,2,79.3388
18,204,132,122,10,2,79.8264
18,204,132,123,10,2,80.3689
18,204,132,124,10,2,80.8921
18,204,132,125,10,2,81.3839
18,204,132,126,10,2,81.7954
18,204,132,127,10,2,82.284
18,204,132,128,10,2,82.8113
18,204,132,129,10,2,83.3297
18,204,132,130,10,2,83.5985
18,203,132,101,10,2,48.61
18,203,132,102,10,2,49.39
18,203,132,103,10,2,50.17
18,203,132,104,10,2,53.34
18,203,132,105,10,2,56.32
18,203,132,106,10,2,61.75
18,203,132,107,10,2,63.64
18,203,132,108,10,2,65.42
18,203,132,109,10,2,67.09
18,203,132,110,10,2,69.41
18,203,132,111,10,2,73.26
18,203,132,112,10,2,74.21
18,203,132,113,10,2,74.95
18,203,132,114,10,2,75.92
18,203,132,115,10,2,77.9595
18,203,132,116,10,2,79.2667
18,203,132,117,10,2,80.3473
18,203,132,118,10,2,81.3449
18,203,132,119,10,2,82.2962
18,203,132,120,10,2,83.2057
18,203,132,121,10,2,84.0246
18,203,132,122,10,2,84.8421
18,203,132,123,10,2,85.575
18,203,132,124,10,2,86.462
18,203,132,125,10,2,87.1841
18,203,132,126,10,2,87.921
18,203,132,127,10,2,88.7077
18,203,132,128,10,2,89.3464
18,203,132,129,10,2,90.0523
18,203,132,130,10,2,90.6761
18,207,132,101,10,2,48.61
18,207,132,102,10,2,49.39
18,207,132,103,10,2,50.17
18,207,132,104,10,2,53.34
18,207,132,105,10,2,56.32
18,207,132,106,10,2,61.75
18,207,132,107,10,2,63.64
18,207,132,108,10,2,65.42
18,207,132,109,10,2,67.09
18,207,132,110,10,2,69.41
18,207,132,111,10,2,73.26
18,207,132,112,10,2,74.21
18,207,132,113,10,2,74.95
18,207,132,114,10,2,75.92
18,207,132,115,10,2,75.5058
18,207,132,116,10,2,75.6717
18,207,132,117,10,2,76.1949
18,207,132,118,10,2,76.7728
18,207,132,119,10,2,76.9704
18,207,132,120,10,2,77.4905
18,207,132,121,10,2,77.7775
18,207,132,122,10,2,78.3421
18,207,132,123,10,2,78.7539
18,207,132,124,10,2,79.1259
18,207,132,125,10,2,79.6608
18,207,132,126,10,2,79.8442
18,207,132,127,10,2,80.1524
18,207,132,128,10,2,80.3041
18,207,132,129,10,2,80.9175
18,207,132,130,10,2,81.5515
18,206,132,101,10,2,48.61
18,206,132,102,10,2,49.39
18,206,132,103,10,2,50.17
18,206,132,104,10,2,53.34
18,206,132,105,10,2,56.32
18,206,132,106,10,2,61.75
18,206,132,107,10,2,63.64
18,206,132,108,10,2,65.42
18,206,132,109,10,2,67.09
18,206,132,110,10,2,69.41
18,206,132,111,10,2,73.26
18,206,132,112,10,2,74.21
18,206,132,113,10,2,74.95
18,206,132,114,10,2,75.92
18,206,132,115,10,2,78.4668
18,206,132,116,10,2,80.0622
18,206,132,117,10,2,81.1944
18,206,132,118,10,2,82.3395
18,206,132,119,10,2,83.3106
18,206,132,120,10,2,84.2768
18,206,132,121,10,2,85.1408
18,206,132,122,10,2,86.0163
18,206,132,123,10,2,86.8907
18,206,132,124,10,2,87.5562
18,206,132,125,10,2,88.5472
18,206,132,126,10,2,89.2343
18,206,132,127,10,2,89.8929
18,206,132,128,10,2,90.6728
18,206,132,129,10,2,91.2819
18,206,132,130,10,2,92.2405
18,8,132,101,10,2,48.61
18,8,132,102,10,2,49.39
18,8,132,103,10,2,50.17
18,8,132,104,10,2,53.34
18,8,132,105,10,2,56.32
18,8,132,106,10,2,61.75
18,8,132,107,10,2,63.64
18,8,132,108,10,2,65.42
18,8,132,109,10,2,67.09
18,8,132,110,10,2,69.41
18,8,132,111,10,2,73.26
18,8,132,112,10,2,74.21
18,8,132,113,10,2,74.95
18,8,132,114,10,2,75.92
18,8,132,115,10,2,75.92
18,8,132,116,10,2,75.92
18,8,132,117,10,2,75.92
18,8,132,118,10,2,75.92
18,8,132,119,10,2,75.92
18,8,132,120,10,2,75.92
18,8,132,121,10,2,75.92
18,8,132,122,10,2,75.92
18,8,132,123,10,2,75.92
18,8,132,124,10,2,75.92
18,8,132,125,10,2,75.92
18,8,132,126,10,2,75.92
18,8,132,127,10,2,75.92
18,8,132,128,10,2,75.92
18,8,132,129,10,2,75.92
18,8,132,130,10,2,75.92
18,202,270,101,10,2,31.44
18,202,270,102,10,2,32.77
18,202,270,103,10,2,34.08
18,202,270,104,10,2,37.07
18,202,270,105,10,2,41.38
18,202,270,106,10,2,45.57
18,202,270,107,10,2,49.57
18,202,270,108,10,2,52.73
18,202,270,109,10,2,54.17
18,202,270,110,10,2,56.23
18,202,270,111,10,2,58.08
18,202,270,112,10,2,60.16
18,202,270,113,10,2,61.64
18,202,270,114,10,2,62.95
18,202,270,115,10,2,64.0982
18,202,270,116,10,2,65.1413
18,202,270,117,10,2,66.0812
18,202,270,118,10,2,66.9635
18,202,270,119,10,2,67.7112
18,202,270,120,10,2,68.4247
18,202,270,121,10,2,69.1818
18,202,270,122,10,2,70.0104
18,202,270,123,10,2,70.5446
18,202,270,124,10,2,71.2617
18,202,270,125,10,2,72.0476
18,202,270,126,10,2,72.6478
18,202,270,127,10,2,73.1351
18,202,270,128,10,2,73.8148
18,202,270,129,10,2,74.4561
18,202,270,130,10,2,75.0047
18,204,270,101,10,2,31.44
18,204,270,102,10,2,32.77
18,204,270,103,10,2,34.08
18,204,270,104,10,2,37.07
18,204,270,105,10,2,41.38
18,204,270,106,10,2,45.57
18,204,270,107,10,2,49.57
18,204,270,108,10,2,52.73
18,204,270,109,10,2,54.17
18,204,270,110,10,2,56.23
18,204,270,111,10,2,58.08
18,204,270,112,10,2,60.16
18,204,270,113,10,2,61.64
18,204,270,114,10,2,62.95
18,204,270,115,10,2,62.8237
18,204,270,116,10,2,63.2542
18,204,270,117,10,2,63.7346
18,204,270,118,10,2,64.3667
18,204,270,119,10,2,64.9233
18,204,270,120,10,2,65.5008
18,204,270,121,10,2,65.8131
18,204,270,122,10,2,66.4286
18,204,270,123,10,2,66.8586
18,204,270,124,10,2,67.2328
18,204,270,125,10,2,67.7917
18,204,270,126,10,2,68.23
18,204,270,127,10,2,68.567
18,204,270,128,10,2,68.9835
18,204,270,129,10,2,69.4373
18,204,270,130,10,2,69.709
18,203,270,101,10,2,31.44
18,203,270,102,10,2,32.77
18,203,270,103,10,2,34.08
18,203,270,104,10,2,37.07
18,203,270,105,10,2,41.38
18,203,270,106,10,2,45.57
18,203,270,107,10,2,49.57
18,203,270,108,10,2,52.73
18,203,270,109,10,2,54.17
18,203,270,110,10,2,56.23
18,203,270,111,10,2,58.08
18,203,270,112,10,2,60.16
18,203,270,113,10,2,61.64
18,203,270,114,10,2,62.95
18,203,270,115,10,2,65.3893
18,203,270,116,10,2,67.0017
18,203,270,117,10,2,68.3894
18,203,270,118,10,2,69.6616
18,203,270,119,10,2,70.7357
18,203,270,120,10,2,71.6817
18,203,270,121,10,2,72.8155
18,203,270,122,10,2,73.7109
18,203,270,123,10,2,74.5562
18,203,270,124,10,2,75.3536
18,203,270,125,10,2,76.096
18,203,270,126,10,2,76.8117
18,203,270,127,10,2,77.5994
18,203,270,128,10,2,78.1935
18,203,270,129,10,2,78.9801
18,203,270,130,10,2,79.532
18,207,270,101,10,2,31.44
18,207,270,102,10,2,32.77
18,207,270,103,10,2,34.08
18,207,270,104,10,2,37.07
18,207,270,105,10,2,41.38
18,207,270,106,10,2,45.57
18,207,270,107,10,2,49.57
18,207,270,108,10,2,52.73
18,207,270,109,10,2,54.17
18,207,270,110,10,2,56.23
18,207,270,111,10,2,58.08
18,207,270,112,10,2,60.16
18,207,270,113,10,2,61.64
18,207,270,114,10,2,62.95
18,207,270,115,10,2,62.0596
18,207,270,116,10,2,62.4355
18,207,270,117,10,2,62.8071
18,207,270,118,10,2,63.1608
18,207,270,119,10,2,63.5455
18,207,270,120,10,2,63.6539
18,207,270,121,10,2,63.917
18,207,270,122,10,2,64.3152
18,207,270,123,10,2,64.9528
18,207,270,124,10,2,65.256
18,207,270,125,10,2,65.6048
18,207,270,126,10,2,66.0229
18,207,270,127,10,2,66.1512
18,207,270,128,10,2,66.4925
18,207,270,129,10,2,66.927
18,207,270,130,10,2,67.4007
18,206,270,101,10,2,31.44
18,206,270,102,10,2,32.77
18,206,270,103,10,2,34.08
18,206,270,104,10,2,37.07
18,206,270,105,10,2,41.38
18,206,270,106,10,2,45.57
18,206,270,107,10,2,49.57
18,206,270,108,10,2,52.73
18,206,270,109,10,2,54.17
18,206,270,110,10,2,56.23
18,206,270,111,10,2,58.08
18,206,270,112,10,2,60.16
18,206,270,113,10,2,61.64
18,206,270,114,10,2,62.95
18,206,270,115,10,2,66.1767
18,206,270,116,10,2,67.996
18,206,270,117,10,2,69.4621
18,206,270,118,10,2,71.1949
18,206,270,119,10,2,72.471
18,206,270,120,10,2,73.8785
18,206,270,121,10,2,75.0307
18,206,270,122,10,2,76.1719
18,206,270,123,10,2,76.9612
18,206,270,124,10,2,77.8893
18,206,270,125,10,2,78.7946
18,206,270,126,10,2,79.6289
18,206,270,127,10,2,80.2637
18,206,270,128,10,2,81.2444
18,206,270,129,10,2,82.0945
18,206,270,130,10,2,82.9291
18,8,270,101,10,2,31.44
18,8,270,102,10,2,32.77
18,8,270,103,10,2,34.08
18,8,270,104,10,2,37.07
18,8,270,105,10,2,41.38
18,8,270,106,10,2,45.57
18,8,270,107,10,2,49.57
18,8,270,108,10,2,52.73
18,8,270,109,10,2,54.17
18,8,270,110,10,2,56.23
18,8,270,111,10,2,58.08
18,8,270,112,10,2,60.16
18,8,270,113,10,2,61.64
18,8,270,114,10,2,62.95
18,8,270,115,10,2,62.95
18,8,270,116,10,2,62.95
18,8,270,117,10,2,62.95
18,8,270,118,10,2,62.95
18,8,270,119,10,2,62.95
18,8,270,120,10,2,62.95
18,8,270,121,10,2,62.95
18,8,270,122,10,2,62.95
18,8,270,123,10,2,62.95
18,8,270,124,10,2,62.95
18,8,270,125,10,2,62.95
18,8,270,126,10,2,62.95
18,8,270,127,10,2,62.95
18,8,270,128,10,2,62.95
18,8,270,129,10,2,62.95
18,8,270,130,10,2,62.95
18,202,288,101,10,2,42.41
18,202,288,102,10,2,44.89
18,202,288,103,10,2,47.31
18,202,288,104,10,2,49.17
18,202,288,105,10,2,51.3
18,202,288,106,10,2,52.87
18,202,288,107,10,2,54.25
18,202,288,108,10,2,56.34
18,202,288,109,10,2,58.94
18,202,288,110,10,2,57.8
18,202,288,111,10,2,58.3
18,202,288,112,10,2,61.09
18,202,288,113,10,2,62.73
18,202,288,114,10,2,64.72
18,202,288,115,10,2,65.7611
18,202,288,116,10,2,66.8219
18,202,288,117,10,2,67.6526
18,202,288,118,10,2,68.5335
18,202,288,119,10,2,69.5053
18,202,288,120,10,2,70.3107
18,202,288,121,10,2,70.951
18,202,288,122,10,2,71.7076
18,202,288,123,10,2,72.499
18,202,288,124,10,2,73.1569
18,202,288,125,10,2,73.9034
18,202,288,126,10,2,74.4922
18,202,288,127,10,2,75.1244
18,202,288,128,10,2,75.6709
18,202,288,129,10,2,76.3008
18,202,288,130,10,2,76.9193
18,204,288,101,10,2,42.41
18,204,288,102,10,2,44.89
18,204,288,103,10,2,47.31
18,204,288,104,10,2,49.17
18,204,288,105,10,2,51.3
18,204,288,106,10,2,52.87
18,204,288,107,10,2,54.25
18,204,288,108,10,2,56.34
18,204,288,109,10,2,58.94
18,204,288,110,10,2,57.8
18,204,288,111,10,2,58.3
18,204,288,112,10,2,61.09
18,204,288,113,10,2,62.73
18,204,288,114,10,2,64.72
18,204,288,115,10,2,64.6081
18,204,288,116,10,2,64.9025
18,204,288,117,10,2,65.5229
18,204,288,118,10,2,66.0304
18,204,288,119,10,2,66.3071
18,204,288,120,10,2,66.9307
18,204,288,121,10,2,67.2661
18,204,288,122,10,2,67.8289
18,204,288,123,10,2,68.309
18,204,288,124,10,2,68.7453
18,204,288,125,10,2,69.3384
18,204,288,126,10,2,69.7215
18,204,288,127,10,2,70.176
18,204,288,128,10,2,70.5635
18,204,288,129,10,2,70.8436
18,204,288,130,10,2,71.4752
18,203,288,101,10,2,42.41
18,203,288,102,10,2,44.89
18,203,288,103,10,2,47.31
18,203,288,104,10,2,49.17
18,203,288,105,10,2,51.3
18,203,288,106,10,2,52.87
18,203,288,107,10,2,54.25
18,203,288,108,10,2,56.34
18,203,288,109,10,2,58.94
18,203,288,110,10,2,57.8
18,203,288,111,10,2,58.3
18,203,288,112,10,2,61.09
18,203,288,113,10,2,62.73
18,203,288,114,10,2,64.72
18,203,288,115,10,2,67.0726
18,203,288,116,10,2,68.6805
18,203,288,117,10,2,70.1032
18,203,288,118,10,2,71.3401
18,203,288,119,10,2,72.5069
18,203,288,120,10,2,73.7673
18,203,288,121,10,2,74.8248
18,203,288,122,10,2,75.7706
18,203,288,123,10,2,76.6615
18,203,288,124,10,2,77.3984
18,203,288,125,10,2,78.2654
18,203,288,126,10,2,79.1044
18,203,288,127,10,2,79.9274
18,203,288,128,10,2,80.6496
18,203,288,129,10,2,81.4203
18,203,288,130,10,2,82.2302
18,207,288,101,10,2,42.41
18,207,288,102,10,2,44.89
18,207,288,103,10,2,47.31
18,207,288,104,10,2,49.17
18,207,288,105,10,2,51.3
18,207,288,106,10,2,52.87
18,207,288,107,10,2,54.25
18,207,288,108,10,2,56.34
18,207,288,109,10,2,58.94
18,207,288,110,10,2,57.8
18,207,288,111,10,2,58.3
18,207,288,112,10,2,61.09
18,207,288,113,10,2,62.73
18,207,288,114,10,2,64.72
18,207,288,115,10,2,63.9986
18,207,288,116,10,2,64.0911
18,207,288,117,10,2,64.4624
18,207,288,118,10,2,64.6185
18,207,288,119,10,2,65.2149
18,207,288,120,10,2,65.4134
18,207,288,121,10,2,66.0028
18,207,288,122,10,2,66.1576
18,207,288,123,10,2,66.5398
18,207,288,124,10,2,66.7723
18,207,288,125,10,2,67.1042
18,207,288,126,10,2,67.3742
18,207,288,127,10,2,67.8397
18,207,288,128,10,2,68.0207
18,207,288,129,10,2,68.6973
18,207,288,130,10,2,68.865
18,206,288,101,10,2,42.41
18,206,288,102,10,2,44.89
18,206,288,103,10,2,47.31
18,206,288,104,10,2,49.17
18,206,288,105,10,2,51.3
18,206,288,106,10,2,52.87
18,206,288,107,10,2,54.25
18,206,288,108,10,2,56.34
18,206,288,109,10,2,58.94
18,206,288,110,10,2,57.8
18,206,288,111,10,2,58.3
18,206,288,112,10,2,61.09
18,206,288,113,10,2,62.73
18,206,288,114,10,2,64.72
18,206,288,115,10,2,67.6615
18,206,288,116,10,2,69.704
18,206,288,117,10,2,71.2675
18,206,288,118,10,2,72.7464
18,206,288,119,10,2,74.0851
18,206,288,120,10,2,75.5461
18,206,288,121,10,2,76.8265
18,206,288,122,10,2,77.8665
18,206,288,123,10,2,78.7593
18,206,288,124,10,2,79.6981
18,206,288,125,10,2,80.7689
18,206,288,126,10,2,81.5237
18,206,288,127,10,2,82.1645
18,206,288,128,10,2,83.1485
18,206,288,129,10,2,84.1328
18,206,288,130,10,2,84.7059
18,8,288,101,10,2,42.41
18,8,288,102,10,2,44.89
18,8,288,103,10,2,47.31
18,8,288,104,10,2,49.17
18,8,288,105,10,2,51.3
18,8,288,106,10,2,52.87
18,8,288,107,10,2,54.25
18,8,288,108,10,2,56.34
18,8,288,109,10,2,58.94
18,8,288,110,10,2,57.8
18,8,288,111,10,2,58.3
18,8,288,112,10,2,61.09
18,8,288,113,10,2,62.73
18,8,288,114,10,2,64.72
18,8,288,115,10,2,64.72
18,8,288,116,10,2,64.72
18,8,288,117,10,2,64.72
18,8,288,118,10,2,64.72
18,8,288,119,10,2,64.72
18,8,288,120,10,2,64.72
18,8,288,121,10,2,64.72
18,8,288,122,10,2,64.72
18,8,288,123,10,2,64.72
18,8,288,124,10,2,64.72
18,8,288,125,10,2,64.72
18,8,288,126,10,2,64.72
18,8,288,127,10,2,64.72
18,8,288,128,10,2,64.72
18,8,288,129,10,2,64.72
18,8,288,130,10,2,64.72
18,202,324,101,10,2,34.24
18,202,324,102,10,2,35.52
18,202,324,103,10,2,36.53
18,202,324,104,10,2,37.26
18,202,324,105,10,2,38.68
18,202,324,106,10,2,41.07
18,202,324,107,10,2,44.26
18,202,324,108,10,2,49.02
18,202,324,109,10,2,52.01
18,202,324,110,10,2,51.82
18,202,324,111,10,2,51.31
18,202,324,112,10,2,56.37
18,202,324,113,10,2,58.39
18,202,324,114,10,2,61.53
18,202,324,115,10,2,63.5354
18,202,324,116,10,2,65.4205
18,202,324,117,10,2,67.1254
18,202,324,118,10,2,68.5561
18,202,324,119,10,2,69.8731
18,202,324,120,10,2,71.0237
18,202,324,121,10,2,72.0321
18,202,324,122,10,2,72.9768
18,202,324,123,10,2,73.9198
18,202,324,124,10,2,74.7605
18,202,324,125,10,2,75.6065
18,202,324,126,10,2,76.3898
18,202,324,127,10,2,77.0497
18,202,324,128,10,2,77.8118
18,202,324,129,10,2,78.4783
18,202,324,130,10,2,79.0891
18,204,324,101,10,2,34.24
18,204,324,102,10,2,35.52
18,204,324,103,10,2,36.53
18,204,324,104,10,2,37.26
18,204,324,105,10,2,38.68
18,204,324,106,10,2,41.07
18,204,324,107,10,2,44.26
18,204,324,108,10,2,49.02
18,204,324,109,10,2,52.01
18,204,324,110,10,2,51.82
18,204,324,111,10,2,51.31
18,204,324,112,10,2,56.37
18,204,324,113,10,2,58.39
18,204,324,114,10,2,61.53
18,204,324,115,10,2,62.0083
18,204,324,116,10,2,63.1467
18,204,324,117,10,2,64.2871
18,204,324,118,10,2,65.1649
18,204,324,119,10,2,66.0538
18,204,324,120,10,2,66.7606
18,204,324,121,10,2,67.5879
18,204,324,122,10,2,68.2135
18,204,324,123,10,2,68.9019
18,204,324,124,10,2,69.4535
18,204,324,125,10,2,70.0069
18,204,324,126,10,2,70.6963
18,204,324,127,10,2,71.2327
18,204,324,128,10,2,71.8003
18,204,324,129,10,2,72.3455
18,204,324,130,10,2,72.7359
18,203,324,101,10,2,34.24
18,203,324,102,10,2,35.52
18,203,324,103,10,2,36.53
18,203,324,104,10,2,37.26
18,203,324,105,10,2,38.68
18,203,324,106,10,2,41.07
18,203,324,107,10,2,44.26
18,203,324,108,10,2,49.02
18,203,324,109,10,2,52.01
18,203,324,110,10,2,51.82
18,203,324,111,10,2,51.31
18,203,324,112,10,2,56.37
18,203,324,113,10,2,58.39
18,203,324,114,10,2,61.53
18,203,324,115,10,2,65.0471
18,203,324,116,10,2,67.5554
18,203,324,117,10,2,69.9717
18,203,324,118,10,2,71.9663
18,203,324,119,10,2,73.8161
18,203,324,120,10,2,75.3602
18,203,324,121,10,2,76.6137
18,203,324,122,10,2,77.9292
18,203,324,123,10,2,79.1549
18,203,324,124,10,2,80.1698
18,203,324,125,10,2,81.238
18,203,324,126,10,2,82.0316
18,203,324,127,10,2,82.735
18,203,324,128,10,2,83.6198
18,203,324,129,10,2,84.427
18,203,324,130,10,2,85.1021
18,207,324,101,10,2,34.24
18,207,324,102,10,2,35.52
18,207,324,103,10,2,36.53
18,207,324,104,10,2,37.26
18,207,324,105,10,2,38.68
18,207,324,106,10,2,41.07
18,207,324,107,10,2,44.26
18,207,324,108,10,2,49.02
18,207,324,109,10,2,52.01
18,207,324,110,10,2,51.82
18,207,324,111,10,2,51.31
18,207,324,112,10,2,56.37
18,207,324,113,10,2,58.39
18,207,324,114,10,2,61.53
18,207,324,115,10,2,61.176
18,207,324,116,10,2,61.8775
18,207,324,117,10,2,62.6539
18,207,324,118,10,2,63.4322
18,207,324,119,10,2,63.871
18,207,324,120,10,2,64.958
18,207,324,121,10,2,65.2869
18,207,324,122,10,2,65.7185
18,207,324,123,10,2,66.0623
18,207,324,124,10,2,66.5031
18,207,324,125,10,2,67.1986
18,207,324,126,10,2,68.0596
18,207,324,127,10,2,68.0899
18,207,324,128,10,2,68.5733
18,207,324,129,10,2,69.3712
18,207,324,130,10,2,69.5648
18,206,324,101,10,2,34.24
18,206,324,102,10,2,35.52
18,206,324,103,10,2,36.53
18,206,324,104,10,2,37.26
18,206,324,105,10,2,38.68
18,206,324,106,10,2,41.07
18,206,324,107,10,2,44.26
18,206,324,108,10,2,49.02
18,206,324,109,10,2,52.01
18,206,324,110,10,2,51.82
18,206,324,111,10,2,51.31
18,206,324,112,10,2,56.37
18,206,324,113,10,2,58.39
18,206,324,114,10,2,61.53
18,206,324,115,10,2,65.7981
18,206,324,116,10,2,68.8794
18,206,324,117,10,2,71.4558
18,206,324,118,10,2,73.8485
18,206,324,119,10,2,75.9144
18,206,324,120,10,2,77.1507
18,206,324,121,10,2,78.6725
18,206,324,122,10,2,80.0611
18,206,324,123,10,2,80.8889
18,206,324,124,10,2,81.9871
18,206,324,125,10,2,82.928
18,206,324,126,10,2,83.7388
18,206,324,127,10,2,84.5058
18,206,324,128,10,2,85.4999
18,206,324,129,10,2,86.3116
18,206,324,130,10,2,87.2318
18,8,324,101,10,2,34.24
18,8,324,102,10,2,35.52
18,8,324,103,10,2,36.53
18,8,324,104,10,2,37.26
18,8,324,105,10,2,38.68
18,8,324,106,10,2,41.07
18,8,324,107,10,2,44.26
18,8,324,108,10,2,49.02
18,8,324,109,10,2,52.01
18,8,324,110,10,2,51.82
18,8,324,111,10,2,51.31
18,8,324,112,10,2,56.37
18,8,324,113,10,2,58.39
18,8,324,114,10,2,61.53
18,8,324,115,10,2,61.53
18,8,324,116,10,2,61.53
18,8,324,117,10,2,61.53
18,8,324,118,10,2,61.53
18,8,324,119,10,2,61.53
18,8,324,120,10,2,61.53
18,8,324,121,10,2,61.53
18,8,324,122,10,2,61.53
18,8,324,123,10,2,61.53
18,8,324,124,10,2,61.53
18,8,324,125,10,2,61.53
18,8,324,126,10,2,61.53
18,8,324,127,10,2,61.53
18,8,324,128,10,2,61.53
18,8,324,129,10,2,61.53
18,8,324,130,10,2,61.53
18,202,430,101,10,2,35.9
18,202,430,102,10,2,36.79
18,202,430,103,10,2,37.78
18,202,430,104,10,2,40.14
18,202,430,105,10,2,42.97
18,202,430,106,10,2,46.45
18,202,430,107,10,2,48.78
18,202,430,108,10,2,48.43
18,202,430,109,10,2,47.92
18,202,430,110,10,2,52.02
18,202,430,111,10,2,53.85
18,202,430,112,10,2,59.8
18,202,430,113,10,2,62.24
18,202,430,114,10,2,64.97
18,202,430,115,10,2,67.1386
18,202,430,116,10,2,69.1462
18,202,430,117,10,2,70.9147
18,202,430,118,10,2,72.4315
18,202,430,119,10,2,73.7004
18,202,430,120,10,2,74.8521
18,202,430,121,10,2,75.9119
18,202,430,122,10,2,76.8941
18,202,430,123,10,2,77.6911
18,202,430,124,10,2,78.3753
18,202,430,125,10,2,79.109
18,202,430,126,10,2,79.9885
18,202,430,127,10,2,80.6675
18,202,430,128,10,2,81.4164
18,202,430,129,10,2,81.9531
18,202,430,130,10,2,82.7136
18,204,430,101,10,2,35.9
18,204,430,102,10,2,36.79
18,204,430,103,10,2,37.78
18,204,430,104,10,2,40.14
18,204,430,105,10,2,42.97
18,204,430,106,10,2,46.45
18,204,430,107,10,2,48.78
18,204,430,108,10,2,48.43
18,204,430,109,10,2,47.92
18,204,430,110,10,2,52.02
18,204,430,111,10,2,53.85
18,204,430,112,10,2,59.8
18,204,430,113,10,2,62.24
18,204,430,114,10,2,64.97
18,204,430,115,10,2,65.795
18,204,430,116,10,2,67.1093
18,204,430,117,10,2,68.1966
18,204,430,118,10,2,69.1498
18,204,430,119,10,2,69.9493
18,204,430,120,10,2,70.9495
18,204,430,121,10,2,71.5102
18,204,430,122,10,2,72.3346
18,204,430,123,10,2,72.9715
18,204,430,124,10,2,73.7073
18,204,430,125,10,2,74.1549
18,204,430,126,10,2,74.7716
18,204,430,127,10,2,75.273
18,204,430,128,10,2,75.7339
18,204,430,129,10,2,76.2455
18,204,430,130,10,2,76.9482
18,203,430,101,10,2,35.9
18,203,430,102,10,2,36.79
18,203,430,103,10,2,37.78
18,203,430,104,10,2,40.14
18,203,430,105,10,2,42.97
18,203,430,106,10,2,46.45
18,203,430,107,10,2,48.78
18,203,430,108,10,2,48.43
18,203,430,109,10,2,47.92
18,203,430,110,10,2,52.02
18,203,430,111,10,2,53.85
18,203,430,112,10,2,59.8
18,203,430,113,10,2,62.24
18,203,430,114,10,2,64.97
18,203,430,115,10,2,68.5905
18,203,430,116,10,2,71.3088
18,203,430,117,10,2,73.6738
18,203,430,118,10,2,75.6644
18,203,430,119,10,2,77.4258
18,203,430,120,10,2,78.8687
18,203,430,121,10,2,79.9829
18,203,430,122,10,2,81.0471
18,203,430,123,10,2,82.1851
18,203,430,124,10,2,82.9096
18,203,430,125,10,2,83.9052
18,203,430,126,10,2,84.7164
18,203,430,127,10,2,85.3276
18,203,430,128,10,2,86.0949
18,203,430,129,10,2,86.9606
18,203,430,130,10,2,87.7338
18,207,430,101,10,2,35.9
18,207,430,102,10,2,36.79
18,207,430,103,10,2,37.78
18,207,430,104,10,2,40.14
18,207,430,105,10,2,42.97
18,207,430,106,10,2,46.45
18,207,430,107,10,2,48.78
18,207,430,108,10,2,48.43
18,207,430,109,10,2,47.92
18,207,430,110,10,2,52.02
18,207,430,111,10,2,53.85
18,207,430,112,10,2,59.8
18,207,430,113,10,2,62.24
18,207,430,114,10,2,64.97
18,207,430,115,10,2,65.1067
18,207,430,116,10,2,65.9608
18,207,430,117,10,2,66.9031
18,207,430,118,10,2,67.4238
18,207,430,119,10,2,68.1046
18,207,430,120,10,2,68.6173
18,207,430,121,10,2,69.2797
18,207,430,122,10,2,69.8964
18,207,430,123,10,2,70.2843
18,207,430,124,10,2,71.0747
18,207,430,125,10,2,71.5885
18,207,430,126,10,2,71.8961
18,207,430,127,10,2,72.5655
18,207,430,128,10,2,72.9524
18,207,430,129,10,2,73.4047
18,207,430,130,10,2,74.3007
18,206,430,101,10,2,35.9
18,206,430,102,10,2,36.79
18,206,430,103,10,2,37.78
18,206,430,104,10,2,40.14
18,206,430,105,10,2,42.97
18,206,430,106,10,2,46.45
18,206,430,107,10,2,48.78
18,206,430,108,10,2,48.43
18,206,430,109,10,2,47.92
18,206,430,110,10,2,52.02
18,206,430,111,10,2,53.85
18,206,430,112,10,2,59.8
18,206,430,113,10,2,62.24
18,206,430,114,10,2,64.97
18,206,430,115,10,2,69.2927
18,206,430,116,10,2,72.3392
18,206,430,117,10,2,75.0089
18,206,430,118,10,2,77.0621
18,206,430,119,10,2,78.9039
18,206,430,120,10,2,80.8365
18,206,430,121,10,2,81.7907
18,206,430,122,10,2,82.7471
18,206,430,123,10,2,83.8935
18,206,430,124,10,2,84.9064
18,206,430,125,10,2,85.6609
18,206,430,126,10,2,86.4693
18,206,430,127,10,2,87.0704
18,206,430,128,10,2,87.9112
18,206,430,129,10,2,88.8579
18,206,430,130,10,2,89.7736
18,8,430,101,10,2,35.9
18,8,430,102,10,2,36.79
18,8,430,103,10,2,37.78
18,8,430,104,10,2,40.14
18,8,430,105,10,2,42.97
18,8,430,106,10,2,46.45
18,8,430,107,10,2,48.78
18,8,430,108,10,2,48.43
18,8,430,109,10,2,47.92
18,8,430,110,10,2,52.02
18,8,430,111,10,2,53.85
18,8,430,112,10,2,59.8
18,8,430,113,10,2,62.24
18,8,430,114,10,2,64.97
18,8,430,115,10,2,64.97
18,8,430,116,10,2,64.97
18,8,430,117,10,2,64.97
18,8,430,118,10,2,64.97
18,8,430,119,10,2,64.97
18,8,430,120,10,2,64.97
18,8,430,121,10,2,64.97
18,8,430,122,10,2,64.97
18,8,430,123,10,2,64.97
18,8,430,124,10,2,64.97
18,8,430,125,10,2,64.97
18,8,430,126,10,2,64.97
18,8,430,127,10,2,64.97
18,8,430,128,10,2,64.97
18,8,430,129,10,2,64.97
18,8,430,130,10,2,64.97
18,202,466,101,10,2,27.71
18,202,466,102,10,2,28.7
18,202,466,103,10,2,29.54
18,202,466,104,10,2,31.71
18,202,466,105,10,2,35.1
18,202,466,106,10,2,38.62
18,202,466,107,10,2,42.41
18,202,466,108,10,2,45.2
18,202,466,109,10,2,47.35
18,202,466,110,10,2,47.48
18,202,466,111,10,2,50.6
18,202,466,112,10,2,54.65
18,202,466,113,10,2,56.87
18,202,466,114,10,2,59.46
18,202,466,115,10,2,61.6665
18,202,466,116,10,2,63.5413
18,202,466,117,10,2,65.2127
18,202,466,118,10,2,66.6505
18,202,466,119,10,2,67.9558
18,202,466,120,10,2,69.1906
18,202,466,121,10,2,70.136
18,202,466,122,10,2,71.0773
18,202,466,123,10,2,71.895
18,202,466,124,10,2,72.8504
18,202,466,125,10,2,73.533
18,202,466,126,10,2,74.2231
18,202,466,127,10,2,75.1661
18,202,466,128,10,2,75.8999
18,202,466,129,10,2,76.3942
18,202,466,130,10,2,77.202
18,204,466,101,10,2,27.71
18,204,466,102,10,2,28.7
18,204,466,103,10,2,29.54
18,204,466,104,10,2,31.71
18,204,466,105,10,2,35.1
18,204,466,106,10,2,38.62
18,204,466,107,10,2,42.41
18,204,466,108,10,2,45.2
18,204,466,109,10,2,47.35
18,204,466,110,10,2,47.48
18,204,466,111,10,2,50.6
18,204,466,112,10,2,54.65
18,204,466,113,10,2,56.87
18,204,466,114,10,2,59.46
18,204,466,115,10,2,60.2048
18,204,466,116,10,2,61.2366
18,204,466,117,10,2,62.1138
18,204,466,118,10,2,62.9694
18,204,466,119,10,2,64.1085
18,204,466,120,10,2,64.7908
18,204,466,121,10,2,65.6097
18,204,466,122,10,2,66.3014
18,204,466,123,10,2,66.7682
18,204,466,124,10,2,67.2881
18,204,466,125,10,2,68.115
18,204,466,126,10,2,68.5403
18,204,466,127,10,2,69.0191
18,204,466,128,10,2,69.3252
18,204,466,129,10,2,70.0243
18,204,466,130,10,2,70.3357
18,203,466,101,10,2,27.71
18,203,466,102,10,2,28.7
18,203,466,103,10,2,29.54
18,203,466,104,10,2,31.71
18,203,466,105,10,2,35.1
18,203,466,106,10,2,38.62
18,203,466,107,10,2,42.41
18,203,466,108,10,2,45.2
18,203,466,109,10,2,47.35
18,203,466,110,10,2,47.48
18,203,466,111,10,2,50.6
18,203,466,112,10,2,54.65
18,203,466,113,10,2,56.87
18,203,466,114,10,2,59.46
18,203,466,115,10,2,63.2674
18,203,466,116,10,2,66.1782
18,203,466,117,10,2,68.7651
18,203,466,118,10,2,70.7675
18,203,466,119,10,2,72.5172
18,203,466,120,10,2,74.218
18,203,466,121,10,2,75.6346
18,203,466,122,10,2,76.7285
18,203,466,123,10,2,77.9155
18,203,466,124,10,2,79.2167
18,203,466,125,10,2,80.1558
18,203,466,126,10,2,81.0553
18,203,466,127,10,2,81.9131
18,203,466,128,10,2,82.8532
18,203,466,129,10,2,83.4267
18,203,466,130,10,2,84.13
18,207,466,101,10,2,27.71
18,207,466,102,10,2,28.7
18,207,466,103,10,2,29.54
18,207,466,104,10,2,31.71
18,207,466,105,10,2,35.1
18,207,466,106,10,2,38.62
18,207,466,107,10,2,42.41
18,207,466,108,10,2,45.2
18,207,466,109,10,2,47.35
18,207,466,110,10,2,47.48
18,207,466,111,10,2,50.6
18,207,466,112,10,2,54.65
18,207,466,113,10,2,56.87
18,207,466,114,10,2,59.46
18,207,466,115,10,2,59.3656
18,207,466,116,10,2,60.216
18,207,466,117,10,2,60.8191
18,207,466,118,10,2,61.434
18,207,466,119,10,2,62.1088
18,207,466,120,10,2,62.894
18,207,466,121,10,2,63.5105
18,207,466,122,10,2,64.2332
18,207,466,123,10,2,64.6535
18,207,466,124,10,2,65.3174
18,207,466,125,10,2,65.567
18,207,466,126,10,2,65.67
18,207,466,127,10,2,66.2451
18,207,466,128,10,2,66.8673
18,207,466,129,10,2,67.0161
18,207,466,130,10,2,67.2739
18,206,466,101,10,2,27.71
18,206,466,102,10,2,28.7
18,206,466,103,10,2,29.54
18,206,466,104,10,2,31.71
18,206,466,105,10,2,35.1
18,206,466,106,10,2,38.62
18,206,466,107,10,2,42.41
18,206,466,108,10,2,45.2
18,206,466,109,10,2,47.35
18,206,466,110,10,2,47.48
18,206,466,111,10,2,50.6
18,206,466,112,10,2,54.65
18,206,466,113,10,2,56.87
18,206,466,114,10,2,59.46
18,206,466,115,10,2,64.0525
18,206,466,116,10,2,67.4512
18,206,466,117,10,2,70.5304
18,206,466,118,10,2,73.0148
18,206,466,119,10,2,75.2309
18,206,466,120,10,2,76.969
18,206,466,121,10,2,78.4703
18,206,466,122,10,2,79.7959
18,206,466,123,10,2,81.0918
18,206,466,124,10,2,81.8677
18,206,466,125,10,2,83.0498
18,206,466,126,10,2,83.9787
18,206,466,127,10,2,84.4135
18,206,466,128,10,2,85.4202
18,206,466,129,10,2,86.2694
18,206,466,130,10,2,87.0138
18,8,466,101,10,2,27.71
18,8,466,102,10,2,28.7
18,8,466,103,10,2,29.54
18,8,466,104,10,2,31.71
18,8,466,105,10,2,35.1
18,8,466,106,10,2,38.62
18,8,466,107,10,2,42.41
18,8,466,108,10,2,45.2
18,8,466,109,10,2,47.35
18,8,466,110,10,2,47.48
18,8,466,111,10,2,50.6
18,8,466,112,10,2,54.65
18,8,466,113,10,2,56.87
18,8,466,114,10,2,59.46
18,8,466,115,10,2,59.46
18,8,466,116,10,2,59.46
18,8,466,117,10,2,59.46
18,8,466,118,10,2,59.46
18,8,466,119,10,2,59.46
18,8,466,120,10,2,59.46
18,8,466,121,10,2,59.46
18,8,466,122,10,2,59.46
18,8,466,123,10,2,59.46
18,8,466,124,10,2,59.46
18,8,466,125,10,2,59.46
18,8,466,126,10,2,59.46
18,8,466,127,10,2,59.46
18,8,466,128,10,2,59.46
18,8,466,129,10,2,59.46
18,8,466,130,10,2,59.46
18,202,478,101,10,2,40.3
18,202,478,102,10,2,43.56
18,202,478,103,10,2,47.33
18,202,478,104,10,2,50.76
18,202,478,105,10,2,52.9
18,202,478,106,10,2,55.37
18,202,478,107,10,2,57.99
18,202,478,108,10,2,60.41
18,202,478,109,10,2,61.73
18,202,478,110,10,2,62.27
18,202,478,111,10,2,62.77
18,202,478,112,10,2,63.68
18,202,478,113,10,2,64.95
18,202,478,114,10,2,66.18
18,202,478,115,10,2,66.9761
18,202,478,116,10,2,67.739
18,202,478,117,10,2,68.4451
18,202,478,118,10,2,69.2887
18,202,478,119,10,2,69.8507
18,202,478,120,10,2,70.5897
18,202,478,121,10,2,71.106
18,202,478,122,10,2,71.7673
18,202,478,123,10,2,72.3237
18,202,478,124,10,2,72.9068
18,202,478,125,10,2,73.5093
18,202,478,126,10,2,74.1727
18,202,478,127,10,2,74.87
18,202,478,128,10,2,75.4011
18,202,478,129,10,2,75.8921
18,202,478,130,10,2,76.4885
18,204,478,101,10,2,40.3
18,204,478,102,10,2,43.56
18,204,478,103,10,2,47.33
18,204,478,104,10,2,50.76
18,204,478,105,10,2,52.9
18,204,478,106,10,2,55.37
18,204,478,107,10,2,57.99
18,204,478,108,10,2,60.41
18,204,478,109,10,2,61.73
18,204,478,110,10,2,62.27
18,204,478,111,10,2,62.77
18,204,478,112,10,2,63.68
18,204,478,113,10,2,64.95
18,204,478,114,10,2,66.18
18,204,478,115,10,2,65.7581
18,204,478,116,10,2,66.0252
18,204,478,117,10,2,66.5015
18,204,478,118,10,2,66.8654
18,204,478,119,10,2,67.1413
18,204,478,120,10,2,67.6987
18,204,478,121,10,2,68.2115
18,204,478,122,10,2,68.5044
18,204,478,123,10,2,69.1501
18,204,478,124,10,2,69.5446
18,204,478,125,10,2,69.6996
18,204,478,126,10,2,70.1581
18,204,478,127,10,2,70.5401
18,204,478,128,10,2,70.904
18,204,478,129,10,2,71.3504
18,204,478,130,10,2,71.6935
18,203,478,101,10,2,40.3
18,203,478,102,10,2,43.56
18,203,478,103,10,2,47.33
18,203,478,104,10,2,50.76
18,203,478,105,10,2,52.9
18,203,478,106,10,2,55.37
18,203,478,107,10,2,57.99
18,203,478,108,10,2,60.41
18,203,478,109,10,2,61.73
18,203,478,110,10,2,62.27
18,203,478,111,10,2,62.77
18,203,478,112,10,2,63.68
18,203,478,113,10,2,64.95
18,203,478,114,10,2,66.18
18,203,478,115,10,2,68.2194
18,203,478,116,10,2,69.5039
18,203,478,117,10,2,70.483
18,203,478,118,10,2,71.6067
18,203,478,119,10,2,72.6262
18,203,478,120,10,2,73.5787
18,203,478,121,10,2,74.592
18,203,478,122,10,2,75.1623
18,203,478,123,10,2,76.138
18,203,478,124,10,2,76.8572
18,203,478,125,10,2,77.6814
18,203,478,126,10,2,78.3733
18,203,478,127,10,2,79.2343
18,203,478,128,10,2,79.934
18,203,478,129,10,2,80.7263
18,203,478,130,10,2,81.2563
18,207,478,101,10,2,40.3
18,207,478,102,10,2,43.56
18,207,478,103,10,2,47.33
18,207,478,104,10,2,50.76
18,207,478,105,10,2,52.9
18,207,478,106,10,2,55.37
18,207,478,107,10,2,57.99
18,207,478,108,10,2,60.41
18,207,478,109,10,2,61.73
18,207,478,110,10,2,62.27
18,207,478,111,10,2,62.77
18,207,478,112,10,2,63.68
18,207,478,113,10,2,64.95
18,207,478,114,10,2,66.18
18,207,478,115,10,2,65.1209
18,207,478,116,10,2,65.1454
18,207,478,117,10,2,65.5018
18,207,478,118,10,2,65.6471
18,207,478,119,10,2,65.9067
18,207,478,120,10,2,66.1669
18,207,478,121,10,2,66.2828
18,207,478,122,10,2,66.6043
18,207,478,123,10,2,67.269
18,207,478,124,10,2,67.6104
18,207,478,125,10,2,68.0749
18,207,478,126,10,2,68.1051
18,207,478,127,10,2,68.4241
18,207,478,128,10,2,68.2449
18,207,478,129,10,2,68.965
18,207,478,130,10,2,69.1382
18,206,478,101,10,2,40.3
18,206,478,102,10,2,43.56
18,206,478,103,10,2,47.33
18,206,478,104,10,2,50.76
18,206,478,105,10,2,52.9
18,206,478,106,10,2,55.37
18,206,478,107,10,2,57.99
18,206,478,108,10,2,60.41
18,206,478,109,10,2,61.73
18,206,478,110,10,2,62.27
18,206,478,111,10,2,62.77
18,206,478,112,10,2,63.68
18,206,478,113,10,2,64.95
18,206,478,114,10,2,66.18
18,206,478,115,10,2,68.7437
18,206,478,116,10,2,70.3489
18,206,478,117,10,2,71.7086
18,206,478,118,10,2,72.9598
18,206,478,119,10,2,74.2148
18,206,478,120,10,2,75.0965
18,206,478,121,10,2,75.8818
18,206,478,122,10,2,76.9751
18,206,478,123,10,2,77.7597
18,206,478,124,10,2,78.7966
18,206,478,125,10,2,79.3916
18,206,478,126,10,2,80.232
18,206,478,127,10,2,80.9815
18,206,478,128,10,2,81.8826
18,206,478,129,10,2,82.7803
18,206,478,130,10,2,83.566
18,8,478,101,10,2,40.3
18,8,478,102,10,2,43.56
18,8,478,103,10,2,47.33
18,8,478,104,10,2,50.76
18,8,478,105,10,2,52.9
18,8,478,106,10,2,55.37
18,8,478,107,10,2,57.99
18,8,478,108,10,2,60.41
18,8,478,109,10,2,61.73
18,8,478,110,10,2,62.27
18,8,478,111,10,2,62.77
18,8,478,112,10,2,63.68
18,8,478,113,10,2,64.95
18,8,478,114,10,2,66.18
18,8,478,115,10,2,66.18
18,8,478,116,10,2,66.18
18,8,478,117,10,2,66.18
18,8,478,118,10,2,66.18
18,8,478,119,10,2,66.18
18,8,478,120,10,2,66.18
18,8,478,121,10,2,66.18
18,8,478,122,10,2,66.18
18,8,478,123,10,2,66.18
18,8,478,124,10,2,66.18
18,8,478,125,10,2,66.18
18,8,478,126,10,2,66.18
18,8,478,127,10,2,66.18
18,8,478,128,10,2,66.18
18,8,478,129,10,2,66.18
18,8,478,130,10,2,66.18
18,202,562,101,10,2,34.92
18,202,562,102,10,2,35.23
18,202,562,103,10,2,35.72
18,202,562,104,10,2,36.06
18,202,562,105,10,2,36.84
18,202,562,106,10,2,38.34
18,202,562,107,10,2,40.87
18,202,562,108,10,2,42.92
18,202,562,109,10,2,45.7
18,202,562,110,10,2,48.99
18,202,562,111,10,2,52.29
18,202,562,112,10,2,56.23
18,202,562,113,10,2,60.28
18,202,562,114,10,2,62.97
18,202,562,115,10,2,65.8965
18,202,562,116,10,2,68.57
18,202,562,117,10,2,70.7613
18,202,562,118,10,2,72.5079
18,202,562,119,10,2,74.1333
18,202,562,120,10,2,75.4556
18,202,562,121,10,2,76.5674
18,202,562,122,10,2,77.6806
18,202,562,123,10,2,78.5477
18,202,562,124,10,2,79.3821
18,202,562,125,10,2,80.1851
18,202,562,126,10,2,80.9626
18,202,562,127,10,2,81.6962
18,202,562,128,10,2,82.3139
18,202,562,129,10,2,83.0906
18,202,562,130,10,2,83.7896
18,204,562,101,10,2,34.92
18,204,562,102,10,2,35.23
18,204,562,103,10,2,35.72
18,204,562,104,10,2,36.06
18,204,562,105,10,2,36.84
18,204,562,106,10,2,38.34
18,204,562,107,10,2,40.87
18,204,562,108,10,2,42.92
18,204,562,109,10,2,45.7
18,204,562,110,10,2,48.99
18,204,562,111,10,2,52.29
18,204,562,112,10,2,56.23
18,204,562,113,10,2,60.28
18,204,562,114,10,2,62.97
18,204,562,115,10,2,64.4006
18,204,562,116,10,2,66.1483
18,204,562,117,10,2,67.5
18,204,562,118,10,2,68.6695
18,204,562,119,10,2,69.6206
18,204,562,120,10,2,70.6243
18,204,562,121,10,2,71.2688
18,204,562,122,10,2,71.9653
18,204,562,123,10,2,72.8792
18,204,562,124,10,2,73.4094
18,204,562,125,10,2,74.1087
18,204,562,126,10,2,74.6925
18,204,562,127,10,2,75.1734
18,204,562,128,10,2,75.6325
18,204,562,129,10,2,76.1253
18,204,562,130,10,2,76.9345
18,203,562,101,10,2,34.92
18,203,562,102,10,2,35.23
18,203,562,103,10,2,35.72
18,203,562,104,10,2,36.06
18,203,562,105,10,2,36.84
18,203,562,106,10,2,38.34
18,203,562,107,10,2,40.87
18,203,562,108,10,2,42.92
18,203,562,109,10,2,45.7
18,203,562,110,10,2,48.99
18,203,562,111,10,2,52.29
18,203,562,112,10,2,56.23
18,203,562,113,10,2,60.28
18,203,562,114,10,2,62.97
18,203,562,115,10,2,67.3211
18,203,562,116,10,2,70.7081
18,203,562,117,10,2,73.6838
18,203,562,118,10,2,76.1717
18,203,562,119,10,2,77.9323
18,203,562,120,10,2,79.5394
18,203,562,121,10,2,80.8809
18,203,562,122,10,2,81.8951
18,203,562,123,10,2,83.0926
18,203,562,124,10,2,84.0655
18,203,562,125,10,2,85.0282
18,203,562,126,10,2,85.7523
18,203,562,127,10,2,86.3753
18,203,562,128,10,2,87.1658
18,203,562,129,10,2,87.8434
18,203,562,130,10,2,88.5456
18,207,562,101,10,2,34.92
18,207,562,102,10,2,35.23
18,207,562,103,10,2,35.72
18,207,562,104,10,2,36.06
18,207,562,105,10,2,36.84
18,207,562,106,10,2,38.34
18,207,562,107,10,2,40.87
18,207,562,108,10,2,42.92
18,207,562,109,10,2,45.7
18,207,562,110,10,2,48.99
18,207,562,111,10,2,52.29
18,207,562,112,10,2,56.23
18,207,562,113,10,2,60.28
18,207,562,114,10,2,62.97
18,207,562,115,10,2,63.6721
18,207,562,116,10,2,64.7753
18,207,562,117,10,2,65.9344
18,207,562,118,10,2,66.6305
18,207,562,119,10,2,67.3204
18,207,562,120,10,2,67.9951
18,207,562,121,10,2,68.6407
18,207,562,122,10,2,69.0399
18,207,562,123,10,2,69.6545
18,207,562,124,10,2,70.4461
18,207,562,125,10,2,70.9483
18,207,562,126,10,2,71.2365
18,207,562,127,10,2,71.5004
18,207,562,128,10,2,72.3021
18,207,562,129,10,2,72.4164
18,207,562,130,10,2,72.9743
18,206,562,101,10,2,34.92
18,206,562,102,10,2,35.23
18,206,562,103,10,2,35.72
18,206,562,104,10,2,36.06
18,206,562,105,10,2,36.84
18,206,562,106,10,2,38.34
18,206,562,107,10,2,40.87
18,206,562,108,10,2,42.92
18,206,562,109,10,2,45.7
18,206,562,110,10,2,48.99
18,206,562,111,10,2,52.29
18,206,562,112,10,2,56.23
18,206,562,113,10,2,60.28
18,206,562,114,10,2,62.97
18,206,562,115,10,2,68.0884
18,206,562,116,10,2,71.9531
18,206,562,117,10,2,75.1058
18,206,562,118,10,2,77.7183
18,206,562,119,10,2,79.5493
18,206,562,120,10,2,81.2995
18,206,562,121,10,2,82.8551
18,206,562,122,10,2,83.9975
18,206,562,123,10,2,84.8994
18,206,562,124,10,2,85.7963
18,206,562,125,10,2,86.6684
18,206,562,126,10,2,87.4381
18,206,562,127,10,2,88.3117
18,206,562,128,10,2,88.9415
18,206,562,129,10,2,89.5911
18,206,562,130,10,2,90.713
18,8,562,101,10,2,34.92
18,8,562,102,10,2,35.23
18,8,562,103,10,2,35.72
18,8,562,104,10,2,36.06
18,8,562,105,10,2,36.84
18,8,562,106,10,2,38.34
18,8,562,107,10,2,40.87
18,8,562,108,10,2,42.92
18,8,562,109,10,2,45.7
18,8,562,110,10,2,48.99
18,8,562,111,10,2,52.29
18,8,562,112,10,2,56.23
18,8,562,113,10,2,60.28
18,8,562,114,10,2,62.97
18,8,562,115,10,2,62.97
18,8,562,116,10,2,62.97
18,8,562,117,10,2,62.97
18,8,562,118,10,2,62.97
18,8,562,119,10,2,62.97
18,8,562,120,10,2,62.97
18,8,562,121,10,2,62.97
18,8,562,122,10,2,62.97
18,8,562,123,10,2,62.97
18,8,562,124,10,2,62.97
18,8,562,125,10,2,62.97
18,8,562,126,10,2,62.97
18,8,562,127,10,2,62.97
18,8,562,128,10,2,62.97
18,8,562,129,10,2,62.97
18,8,562,130,10,2,62.97
18,202,566,101,10,2,35.37
18,202,566,102,10,2,37.3
18,202,566,103,10,2,39.57
18,202,566,104,10,2,41.36
18,202,566,105,10,2,43.37
18,202,566,106,10,2,45.59
18,202,566,107,10,2,47.31
18,202,566,108,10,2,47.22
18,202,566,109,10,2,47.15
18,202,566,110,10,2,47.02
18,202,566,111,10,2,47.79
18,202,566,112,10,2,50.5
18,202,566,113,10,2,52.76
18,202,566,114,10,2,55.08
18,202,566,115,10,2,56.707
18,202,566,116,10,2,58.3415
18,202,566,117,10,2,59.9203
18,202,566,118,10,2,61.3444
18,202,566,119,10,2,62.8817
18,202,566,120,10,2,64.283
18,202,566,121,10,2,65.4823
18,202,566,122,10,2,66.5972
18,202,566,123,10,2,67.6419
18,202,566,124,10,2,68.5426
18,202,566,125,10,2,69.5644
18,202,566,126,10,2,70.3645
18,202,566,127,10,2,71.3336
18,202,566,128,10,2,72.294
18,202,566,129,10,2,73.124
18,202,566,130,10,2,73.8813
18,204,566,101,10,2,35.37
18,204,566,102,10,2,37.3
18,204,566,103,10,2,39.57
18,204,566,104,10,2,41.36
18,204,566,105,10,2,43.37
18,204,566,106,10,2,45.59
18,204,566,107,10,2,47.31
18,204,566,108,10,2,47.22
18,204,566,109,10,2,47.15
18,204,566,110,10,2,47.02
18,204,566,111,10,2,47.79
18,204,566,112,10,2,50.5
18,204,566,113,10,2,52.76
18,204,566,114,10,2,55.08
18,204,566,115,10,2,55.128
18,204,566,116,10,2,55.9665
18,204,566,117,10,2,56.6554
18,204,566,118,10,2,57.5425
18,204,566,119,10,2,58.4135
18,204,566,120,10,2,59.0743
18,204,566,121,10,2,59.8629
18,204,566,122,10,2,60.4425
18,204,566,123,10,2,61.4095
18,204,566,124,10,2,62.0569
18,204,566,125,10,2,62.4888
18,204,566,126,10,2,62.9102
18,204,566,127,10,2,63.3444
18,204,566,128,10,2,64.0131
18,204,566,129,10,2,64.5414
18,204,566,130,10,2,65.0024
18,203,566,101,10,2,35.37
18,203,566,102,10,2,37.3
18,203,566,103,10,2,39.57
18,203,566,104,10,2,41.36
18,203,566,105,10,2,43.37
18,203,566,106,10,2,45.59
18,203,566,107,10,2,47.31
18,203,566,108,10,2,47.22
18,203,566,109,10,2,47.15
18,203,566,110,10,2,47.02
18,203,566,111,10,2,47.79
18,203,566,112,10,2,50.5
18,203,566,113,10,2,52.76
18,203,566,114,10,2,55.08
18,203,566,115,10,2,58.1661
18,203,566,116,10,2,60.6711
18,203,566,117,10,2,63.0912
18,203,566,118,10,2,65.3921
18,203,566,119,10,2,67.5653
18,203,566,120,10,2,69.6126
18,203,566,121,10,2,71.1926
18,203,566,122,10,2,72.8847
18,203,566,123,10,2,74.6284
18,203,566,124,10,2,75.8371
18,203,566,125,10,2,76.8596
18,203,566,126,10,2,77.9926
18,203,566,127,10,2,78.9423
18,203,566,128,10,2,79.8316
18,203,566,129,10,2,80.7856
18,203,566,130,10,2,81.5474
18,207,566,101,10,2,35.37
18,207,566,102,10,2,37.3
18,207,566,103,10,2,39.57
18,207,566,104,10,2,41.36
18,207,566,105,10,2,43.37
18,207,566,106,10,2,45.59
18,207,566,107,10,2,47.31
18,207,566,108,10,2,47.22
18,207,566,109,10,2,47.15
18,207,566,110,10,2,47.02
18,207,566,111,10,2,47.79
18,207,566,112,10,2,50.5
18,207,566,113,10,2,52.76
18,207,566,114,10,2,55.08
18,207,566,115,10,2,54.4178
18,207,566,116,10,2,54.8553
18,207,566,117,10,2,55.4444
18,207,566,118,10,2,55.8079
18,207,566,119,10,2,55.8973
18,207,566,120,10,2,56.5126
18,207,566,121,10,2,56.9144
18,207,566,122,10,2,57.3112
18,207,566,123,10,2,57.6975
18,207,566,124,10,2,57.6841
18,207,566,125,10,2,58.1806
18,207,566,126,10,2,58.8786
18,207,566,127,10,2,59.6591
18,207,566,128,10,2,60.328
18,207,566,129,10,2,60.7804
18,207,566,130,10,2,60.8831
18,206,566,101,10,2,35.37
18,206,566,102,10,2,37.3
18,206,566,103,10,2,39.57
18,206,566,104,10,2,41.36
18,206,566,105,10,2,43.37
18,206,566,106,10,2,45.59
18,206,566,107,10,2,47.31
18,206,566,108,10,2,47.22
18,206,566,109,10,2,47.15
18,206,566,110,10,2,47.02
18,206,566,111,10,2,47.79
18,206,566,112,10,2,50.5
18,206,566,113,10,2,52.76
18,206,566,114,10,2,55.08
18,206,566,115,10,2,59.0841
18,206,566,116,10,2,61.9994
18,206,566,117,10,2,64.7633
18,206,566,118,10,2,67.7317
18,206,566,119,10,2,69.7778
18,206,566,120,10,2,72.2903
18,206,566,121,10,2,73.9439
18,206,566,122,10,2,75.7308
18,206,566,123,10,2,77.3295
18,206,566,124,10,2,78.8338
18,206,566,125,10,2,79.8125
18,206,566,126,10,2,81.0936
18,206,566,127,10,2,82.1587
18,206,566,128,10,2,82.9157
18,206,566,129,10,2,83.9539
18,206,566,130,10,2,84.9317
18,8,566,101,10,2,35.37
18,8,566,102,10,2,37.3
18,8,566,103,10,2,39.57
18,8,566,104,10,2,41.36
18,8,566,105,10,2,43.37
18,8,566,106,10,2,45.59
18,8,566,107,10,2,47.31
18,8,566,108,10,2,47.22
18,8,566,109,10,2,47.15
18,8,566,110,10,2,47.02
18,8,566,111,10,2,47.79
18,8,566,112,10,2,50.5
18,8,566,113,10,2,52.76
18,8,566,114,10,2,55.08
18,8,566,115,10,2,55.08
18,8,566,116,10,2,55.08
18,8,566,117,10,2,55.08
18,8,566,118,10,2,55.08
18,8,566,119,10,2,55.08
18,8,566,120,10,2,55.08
18,8,566,121,10,2,55.08
18,8,566,122,10,2,55.08
18,8,566,123,10,2,55.08
18,8,566,124,10,2,55.08
18,8,566,125,10,2,55.08
18,8,566,126,10,2,55.08
18,8,566,127,10,2,55.08
18,8,566,128,10,2,55.08
18,8,566,129,10,2,55.08
18,8,566,130,10,2,55.08
18,202,686,101,10,2,36.12
18,202,686,102,10,2,38.22
18,202,686,103,10,2,39.41
18,202,686,104,10,2,39.28
18,202,686,105,10,2,41.9
18,202,686,106,10,2,47.68
18,202,686,107,10,2,52.66
18,202,686,108,10,2,57.62
18,202,686,109,10,2,59.2
18,202,686,110,10,2,58.76
18,202,686,111,10,2,60.55
18,202,686,112,10,2,63.92
18,202,686,113,10,2,67.52
18,202,686,114,10,2,69.42
18,202,686,115,10,2,70.7166
18,202,686,116,10,2,72.1087
18,202,686,117,10,2,73.2134
18,202,686,118,10,2,74.246
18,202,686,119,10,2,75.1233
18,202,686,120,10,2,76.0031
18,202,686,121,10,2,76.8494
18,202,686,122,10,2,77.6293
18,202,686,123,10,2,78.3774
18,202,686,124,10,2,79.1141
18,202,686,125,10,2,79.8885
18,202,686,126,10,2,80.5347
18,202,686,127,10,2,81.1738
18,202,686,128,10,2,81.8777
18,202,686,129,10,2,82.3999
18,202,686,130,10,2,83.0712
18,204,686,101,10,2,36.12
18,204,686,102,10,2,38.22
18,204,686,103,10,2,39.41
18,204,686,104,10,2,39.28
18,204,686,105,10,2,41.9
18,204,686,106,10,2,47.68
18,204,686,107,10,2,52.66
18,204,686,108,10,2,57.62
18,204,686,109,10,2,59.2
18,204,686,110,10,2,58.76
18,204,686,111,10,2,60.55
18,204,686,112,10,2,63.92
18,204,686,113,10,2,67.52
18,204,686,114,10,2,69.42
18,204,686,115,10,2,69.5623
18,204,686,116,10,2,70.3321
18,204,686,117,10,2,71.024
18,204,686,118,10,2,71.6839
18,204,686,119,10,2,72.2438
18,204,686,120,10,2,72.8805
18,204,686,121,10,2,73.4424
18,204,686,122,10,2,74.0691
18,204,686,123,10,2,74.7142
18,204,686,124,10,2,75.2329
18,204,686,125,10,2,75.7861
18,204,686,126,10,2,76.3419
18,204,686,127,10,2,76.8852
18,204,686,128,10,2,77.466
18,204,686,129,10,2,77.996
18,204,686,130,10,2,78.6316
18,203,686,101,10,2,36.12
18,203,686,102,10,2,38.22
18,203,686,103,10,2,39.41
18,203,686,104,10,2,39.28
18,203,686,105,10,2,41.9
18,203,686,106,10,2,47.68
18,203,686,107,10,2,52.66
18,203,686,108,10,2,57.62
18,203,686,109,10,2,59.2
18,203,686,110,10,2,58.76
18,203,686,111,10,2,60.55
18,203,686,112,10,2,63.92
18,203,686,113,10,2,67.52
18,203,686,114,10,2,69.42
18,203,686,115,10,2,72.0251
18,203,686,116,10,2,73.8661
18,203,686,117,10,2,75.4946
18,203,686,118,10,2,76.868
18,203,686,119,10,2,78.1156
18,203,686,120,10,2,79.1781
18,203,686,121,10,2,80.1145
18,203,686,122,10,2,81.1568
18,203,686,123,10,2,82.0949
18,203,686,124,10,2,82.9234
18,203,686,125,10,2,83.78
18,203,686,126,10,2,84.4574
18,203,686,127,10,2,85.2912
18,203,686,128,10,2,85.9505
18,203,686,129,10,2,86.8664
18,203,686,130,10,2,87.3602
18,207,686,101,10,2,36.12
18,207,686,102,10,2,38.22
18,207,686,103,10,2,39.41
18,207,686,104,10,2,39.28
18,207,686,105,10,2,41.9
18,207,686,106,10,2,47.68
18,207,686,107,10,2,52.66
18,207,686,108,10,2,57.62
18,207,686,109,10,2,59.2
18,207,686,110,10,2,58.76
18,207,686,111,10,2,60.55
18,207,686,112,10,2,63.92
18,207,686,113,10,2,67.52
18,207,686,114,10,2,69.42
18,207,686,115,10,2,68.9886
18,207,686,116,10,2,69.3094
18,207,686,117,10,2,69.9427
18,207,686,118,10,2,70.6199
18,207,686,119,10,2,70.7891
18,207,686,120,10,2,71.3589
18,207,686,121,10,2,71.5913
18,207,686,122,10,2,72.198
18,207,686,123,10,2,72.5194
18,207,686,124,10,2,73.098
18,207,686,125,10,2,73.5333
18,207,686,126,10,2,74.2047
18,207,686,127,10,2,74.698
18,207,686,128,10,2,75.3247
18,207,686,129,10,2,75.8507
18,207,686,130,10,2,76.396
18,206,686,101,10,2,36.12
18,206,686,102,10,2,38.22
18,206,686,103,10,2,39.41
18,206,686,104,10,2,39.28
18,206,686,105,10,2,41.9
18,206,686,106,10,2,47.68
18,206,686,107,10,2,52.66
18,206,686,108,10,2,57.62
18,206,686,109,10,2,59.2
18,206,686,110,10,2,58.76
18,206,686,111,10,2,60.55
18,206,686,112,10,2,63.92
18,206,686,113,10,2,67.52
18,206,686,114,10,2,69.42
18,206,686,115,10,2,72.8756
18,206,686,116,10,2,74.8626
18,206,686,117,10,2,76.5414
18,206,686,118,10,2,78.2238
18,206,686,119,10,2,79.643
18,206,686,120,10,2,80.5592
18,206,686,121,10,2,81.7775
18,206,686,122,10,2,82.7785
18,206,686,123,10,2,83.7181
18,206,686,124,10,2,84.6115
18,206,686,125,10,2,85.3309
18,206,686,126,10,2,86.255
18,206,686,127,10,2,87.1448
18,206,686,128,10,2,87.7591
18,206,686,129,10,2,88.6802
18,206,686,130,10,2,89.5702
18,8,686,101,10,2,36.12
18,8,686,102,10,2,38.22
18,8,686,103,10,2,39.41
18,8,686,104,10,2,39.28
18,8,686,105,10,2,41.9
18,8,686,106,10,2,47.68
18,8,686,107,10,2,52.66
18,8,686,108,10,2,57.62
18,8,686,109,10,2,59.2
18,8,686,110,10,2,58.76
18,8,686,111,10,2,60.55
18,8,686,112,10,2,63.92
18,8,686,113,10,2,67.52
18,8,686,114,10,2,69.42
18,8,686,115,10,2,69.42
18,8,686,116,10,2,69.42
18,8,686,117,10,2,69.42
18,8,686,118,10,2,69.42
18,8,686,119,10,2,69.42
18,8,686,120,10,2,69.42
18,8,686,121,10,2,69.42
18,8,686,122,10,2,69.42
18,8,686,123,10,2,69.42
18,8,686,124,10,2,69.42
18,8,686,125,10,2,69.42
18,8,686,126,10,2,69.42
18,8,686,127,10,2,69.42
18,8,686,128,10,2,69.42
18,8,686,129,10,2,69.42
18,8,686,130,10,2,69.42
18,202,694,101,10,2,29.97
18,202,694,102,10,2,31.86
18,202,694,103,10,2,33.51
18,202,694,104,10,2,35.79
18,202,694,105,10,2,38.41
18,202,694,106,10,2,40.3
18,202,694,107,10,2,41.4
18,202,694,108,10,2,40.37
18,202,694,109,10,2,38.01
18,202,694,110,10,2,38.08
18,202,694,111,10,2,42.71
18,202,694,112,10,2,47.78
18,202,694,113,10,2,52.29
18,202,694,114,10,2,54.85
18,202,694,115,10,2,57.6774
18,202,694,116,10,2,60.3305
18,202,694,117,10,2,62.8751
18,202,694,118,10,2,65.2385
18,202,694,119,10,2,67.3435
18,202,694,120,10,2,69.2335
18,202,694,121,10,2,70.7667
18,202,694,122,10,2,72.3532
18,202,694,123,10,2,73.4316
18,202,694,124,10,2,74.398
18,202,694,125,10,2,75.3388
18,202,694,126,10,2,76.2095
18,202,694,127,10,2,77.0544
18,202,694,128,10,2,77.6654
18,202,694,129,10,2,78.4861
18,202,694,130,10,2,79.141
18,204,694,101,10,2,29.97
18,204,694,102,10,2,31.86
18,204,694,103,10,2,33.51
18,204,694,104,10,2,35.79
18,204,694,105,10,2,38.41
18,204,694,106,10,2,40.3
18,204,694,107,10,2,41.4
18,204,694,108,10,2,40.37
18,204,694,109,10,2,38.01
18,204,694,110,10,2,38.08
18,204,694,111,10,2,42.71
18,204,694,112,10,2,47.78
18,204,694,113,10,2,52.29
18,204,694,114,10,2,54.85
18,204,694,115,10,2,56.0086
18,204,694,116,10,2,57.8619
18,204,694,117,10,2,59.5315
18,204,694,118,10,2,60.9611
18,204,694,119,10,2,62.3429
18,204,694,120,10,2,63.8735
18,204,694,121,10,2,64.7841
18,204,694,122,10,2,65.7444
18,204,694,123,10,2,66.6674
18,204,694,124,10,2,67.5369
18,204,694,125,10,2,68.2661
18,204,694,126,10,2,68.6612
18,204,694,127,10,2,69.3298
18,204,694,128,10,2,70.1122
18,204,694,129,10,2,70.659
18,204,694,130,10,2,71.5175
18,203,694,101,10,2,29.97
18,203,694,102,10,2,31.86
18,203,694,103,10,2,33.51
18,203,694,104,10,2,35.79
18,203,694,105,10,2,38.41
18,203,694,106,10,2,40.3
18,203,694,107,10,2,41.4
18,203,694,108,10,2,40.37
18,203,694,109,10,2,38.01
18,203,694,110,10,2,38.08
18,203,694,111,10,2,42.71
18,203,694,112,10,2,47.78
18,203,694,113,10,2,52.29
18,203,694,114,10,2,54.85
18,203,694,115,10,2,59.2351
18,203,694,116,10,2,63.0064
18,203,694,117,10,2,66.2618
18,203,694,118,10,2,69.3927
18,203,694,119,10,2,72.0962
18,203,694,120,10,2,74.2397
18,203,694,121,10,2,76.18
18,203,694,122,10,2,77.794
18,203,694,123,10,2,79.1632
18,203,694,124,10,2,80.4475
18,203,694,125,10,2,81.442
18,203,694,126,10,2,82.4332
18,203,694,127,10,2,83.3422
18,203,694,128,10,2,84.1899
18,203,694,129,10,2,84.9939
18,203,694,130,10,2,85.6739
18,207,694,101,10,2,29.97
18,207,694,102,10,2,31.86
18,207,694,103,10,2,33.51
18,207,694,104,10,2,35.79
18,207,694,105,10,2,38.41
18,207,694,106,10,2,40.3
18,207,694,107,10,2,41.4
18,207,694,108,10,2,40.37
18,207,694,109,10,2,38.01
18,207,694,110,10,2,38.08
18,207,694,111,10,2,42.71
18,207,694,112,10,2,47.78
18,207,694,113,10,2,52.29
18,207,694,114,10,2,54.85
18,207,694,115,10,2,55.2623
18,207,694,116,10,2,56.3277
18,207,694,117,10,2,57.6973
18,207,694,118,10,2,58.7116
18,207,694,119,10,2,59.7742
18,207,694,120,10,2,60.1897
18,207,694,121,10,2,61.456
18,207,694,122,10,2,62.2772
18,207,694,123,10,2,63.1955
18,207,694,124,10,2,63.7073
18,207,694,125,10,2,64.4039
18,207,694,126,10,2,64.5711
18,207,694,127,10,2,65.2847
18,207,694,128,10,2,65.6975
18,207,694,129,10,2,66.9115
18,207,694,130,10,2,66.9007
18,206,694,101,10,2,29.97
18,206,694,102,10,2,31.86
18,206,694,103,10,2,33.51
18,206,694,104,10,2,35.79
18,206,694,105,10,2,38.41
18,206,694,106,10,2,40.3
18,206,694,107,10,2,41.4
18,206,694,108,10,2,40.37
18,206,694,109,10,2,38.01
18,206,694,110,10,2,38.08
18,206,694,111,10,2,42.71
18,206,694,112,10,2,47.78
18,206,694,113,10,2,52.29
18,206,694,114,10,2,54.85
18,206,694,115,10,2,60.0757
18,206,694,116,10,2,64.1871
18,206,694,117,10,2,68.0246
18,206,694,118,10,2,71.4887
18,206,694,119,10,2,74.3865
18,206,694,120,10,2,77.013
18,206,694,121,10,2,78.6841
18,206,694,122,10,2,80.5585
18,206,694,123,10,2,82.043
18,206,694,124,10,2,83.2456
18,206,694,125,10,2,84.0751
18,206,694,126,10,2,85.1395
18,206,694,127,10,2,86.091
18,206,694,128,10,2,86.9313
18,206,694,129,10,2,87.3353
18,206,694,130,10,2,88.1922
18,8,694,101,10,2,29.97
18,8,694,102,10,2,31.86
18,8,694,103,10,2,33.51
18,8,694,104,10,2,35.79
18,8,694,105,10,2,38.41
18,8,694,106,10,2,40.3
18,8,694,107,10,2,41.4
18,8,694,108,10,2,40.37
18,8,694,109,10,2,38.01
18,8,694,110,10,2,38.08
18,8,694,111,10,2,42.71
18,8,694,112,10,2,47.78
18,8,694,113,10,2,52.29
18,8,694,114,10,2,54.85
18,8,694,115,10,2,54.85
18,8,694,116,10,2,54.85
18,8,694,117,10,2,54.85
18,8,694,118,10,2,54.85
18,8,694,119,10,2,54.85
18,8,694,120,10,2,54.85
18,8,694,121,10,2,54.85
18,8,694,122,10,2,54.85
18,8,694,123,10,2,54.85
18,8,694,124,10,2,54.85
18,8,694,125,10,2,54.85
18,8,694,126,10,2,54.85
18,8,694,127,10,2,54.85
18,8,694,128,10,2,54.85
18,8,694,129,10,2,54.85
18,8,694,130,10,2,54.85
18,202,12,101,10,2,43.54
18,202,12,102,10,2,45.7
18,202,12,103,10,2,48.04
18,202,12,104,10,2,50.27
18,202,12,105,10,2,52.35
18,202,12,106,10,2,55.87
18,202,12,107,10,2,63.04
18,202,12,108,10,2,67.31
18,202,12,109,10,2,69.23
18,202,12,110,10,2,70.98
18,202,12,111,10,2,73.24
18,202,12,112,10,2,75.43
18,202,12,113,10,2,76.71
18,202,12,114,10,2,77.84
18,202,12,115,10,2,78.8603
18,202,12,116,10,2,79.7267
18,202,12,117,10,2,80.6314
18,202,12,118,10,2,81.4387
18,202,12,119,10,2,82.2747
18,202,12,120,10,2,82.9638
18,202,12,121,10,2,83.6319
18,202,12,122,10,2,84.3483
18,202,12,123,10,2,84.9613
18,202,12,124,10,2,85.4877
18,202,12,125,10,2,86.1437
18,202,12,126,10,2,86.7682
18,202,12,127,10,2,87.3363
18,202,12,128,10,2,87.96
18,202,12,129,10,2,88.4474
18,202,12,130,10,2,89.0571
18,204,12,101,10,2,43.54
18,204,12,102,10,2,45.7
18,204,12,103,10,2,48.04
18,204,12,104,10,2,50.27
18,204,12,105,10,2,52.35
18,204,12,106,10,2,55.87
18,204,12,107,10,2,63.04
18,204,12,108,10,2,67.31
18,204,12,109,10,2,69.23
18,204,12,110,10,2,70.98
18,204,12,111,10,2,73.24
18,204,12,112,10,2,75.43
18,204,12,113,10,2,76.71
18,204,12,114,10,2,77.84
18,204,12,115,10,2,77.8959
18,204,12,116,10,2,78.502
18,204,12,117,10,2,78.9481
18,204,12,118,10,2,79.6204
18,204,12,119,10,2,80.2413
18,204,12,120,10,2,80.7666
18,204,12,121,10,2,81.297
18,204,12,122,10,2,81.8247
18,204,12,123,10,2,82.3387
18,204,12,124,10,2,82.7719
18,204,12,125,10,2,83.3618
18,204,12,126,10,2,83.68
18,204,12,127,10,2,84.1131
18,204,12,128,10,2,84.5897
18,204,12,129,10,2,85.0752
18,204,12,130,10,2,85.5345
18,203,12,101,10,2,43.54
18,203,12,102,10,2,45.7
18,203,12,103,10,2,48.04
18,203,12,104,10,2,50.27
18,203,12,105,10,2,52.35
18,203,12,106,10,2,55.87
18,203,12,107,10,2,63.04
18,203,12,108,10,2,67.31
18,203,12,109,10,2,69.23
18,203,12,110,10,2,70.98
18,203,12,111,10,2,73.24
18,203,12,112,10,2,75.43
18,203,12,113,10,2,76.71
18,203,12,114,10,2,77.84
18,203,12,115,10,2,79.7055
18,203,12,116,10,2,81.0768
18,203,12,117,10,2,82.2441
18,203,12,118,10,2,83.27
18,203,12,119,10,2,84.2096
18,203,12,120,10,2,85.1159
18,203,12,121,10,2,85.887
18,203,12,122,10,2,86.6128
18,203,12,123,10,2,87.4602
18,203,12,124,10,2,88.2113
18,203,12,125,10,2,88.8695
18,203,12,126,10,2,89.694
18,203,12,127,10,2,90.3261
18,203,12,128,10,2,91.0984
18,203,12,129,10,2,91.7113
18,203,12,130,10,2,92.4386
18,207,12,101,10,2,43.54
18,207,12,102,10,2,45.7
18,207,12,103,10,2,48.04
18,207,12,104,10,2,50.27
18,207,12,105,10,2,52.35
18,207,12,106,10,2,55.87
18,207,12,107,10,2,63.04
18,207,12,108,10,2,67.31
18,207,12,109,10,2,69.23
18,207,12,110,10,2,70.98
18,207,12,111,10,2,73.24
18,207,12,112,10,2,75.43
18,207,12,113,10,2,76.71
18,207,12,114,10,2,77.84
18,207,12,115,10,2,77.4273
18,207,12,116,10,2,77.788
18,207,12,117,10,2,78.1299
18,207,12,118,10,2,78.6507
18,207,12,119,10,2,78.9672
18,207,12,120,10,2,79.6238
18,207,12,121,10,2,80.0715
18,207,12,122,10,2,80.5637
18,207,12,123,10,2,80.7979
18,207,12,124,10,2,81.3365
18,207,12,125,10,2,81.7943
18,207,12,126,10,2,82.2636
18,207,12,127,10,2,82.7423
18,207,12,128,10,2,83.0056
18,207,12,129,10,2,83.224
18,207,12,130,10,2,83.7949
18,206,12,101,10,2,43.54
18,206,12,102,10,2,45.7
18,206,12,103,10,2,48.04
18,206,12,104,10,2,50.27
18,206,12,105,10,2,52.35
18,206,12,106,10,2,55.87
18,206,12,107,10,2,63.04
18,206,12,108,10,2,67.31
18,206,12,109,10,2,69.23
18,206,12,110,10,2,70.98
18,206,12,111,10,2,73.24
18,206,12,112,10,2,75.43
18,206,12,113,10,2,76.71
18,206,12,114,10,2,77.84
18,206,12,115,10,2,80.3564
18,206,12,116,10,2,81.7666
18,206,12,117,10,2,83.0966
18,206,12,118,10,2,84.0201
18,206,12,119,10,2,85.1308
18,206,12,120,10,2,86.03
18,206,12,121,10,2,86.9472
18,206,12,122,10,2,87.7353
18,206,12,123,10,2,88.5644
18,206,12,124,10,2,89.4778
18,206,12,125,10,2,90.1321
18,206,12,126,10,2,90.7995
18,206,12,127,10,2,91.6543
18,206,12,128,10,2,92.3895
18,206,12,129,10,2,93.1826
18,206,12,130,10,2,93.8915
18,8,12,101,10,2,43.54
18,8,12,102,10,2,45.7
18,8,12,103,10,2,48.04
18,8,12,104,10,2,50.27
18,8,12,105,10,2,52.35
18,8,12,106,10,2,55.87
18,8,12,107,10,2,63.04
18,8,12,108,10,2,67.31
18,8,12,109,10,2,69.23
18,8,12,110,10,2,70.98
18,8,12,111,10,2,73.24
18,8,12,112,10,2,75.43
18,8,12,113,10,2,76.71
18,8,12,114,10,2,77.84
18,8,12,115,10,2,77.84
18,8,12,116,10,2,77.84
18,8,12,117,10,2,77.84
18,8,12,118,10,2,77.84
18,8,12,119,10,2,77.84
18,8,12,120,10,2,77.84
18,8,12,121,10,2,77.84
18,8,12,122,10,2,77.84
18,8,12,123,10,2,77.84
18,8,12,124,10,2,77.84
18,8,12,125,10,2,77.84
18,8,12,126,10,2,77.84
18,8,12,127,10,2,77.84
18,8,12,128,10,2,77.84
18,8,12,129,10,2,77.84
18,8,12,130,10,2,77.84
18,202,818,101,10,2,41.64
18,202,818,102,10,2,47.37
18,202,818,103,10,2,50.66
18,202,818,104,10,2,53.27
18,202,818,105,10,2,54.8
18,202,818,106,10,2,58.85
18,202,818,107,10,2,62.2
18,202,818,108,10,2,65.91
18,202,818,109,10,2,67.87
18,202,818,110,10,2,70.43
18,202,818,111,10,2,71.41
18,202,818,112,10,2,72.21
18,202,818,113,10,2,73.05
18,202,818,114,10,2,74.08
18,202,818,115,10,2,75.037
18,202,818,116,10,2,75.9206
18,202,818,117,10,2,76.6779
18,202,818,118,10,2,77.4491
18,202,818,119,10,2,78.2892
18,202,818,120,10,2,79.0869
18,202,818,121,10,2,79.65
18,202,818,122,10,2,80.3065
18,202,818,123,10,2,81.0093
18,202,818,124,10,2,81.5909
18,202,818,125,10,2,82.1644
18,202,818,126,10,2,82.7773
18,202,818,127,10,2,83.4956
18,202,818,128,10,2,84.0012
18,202,818,129,10,2,84.5384
18,202,818,130,10,2,85.1396
18,204,818,101,10,2,41.64
18,204,818,102,10,2,47.37
18,204,818,103,10,2,50.66
18,204,818,104,10,2,53.27
18,204,818,105,10,2,54.8
18,204,818,106,10,2,58.85
18,204,818,107,10,2,62.2
18,204,818,108,10,2,65.91
18,204,818,109,10,2,67.87
18,204,818,110,10,2,70.43
18,204,818,111,10,2,71.41
18,204,818,112,10,2,72.21
18,204,818,113,10,2,73.05
18,204,818,114,10,2,74.08
18,204,818,115,10,2,73.9564
18,204,818,116,10,2,74.4799
18,204,818,117,10,2,75.0844
18,204,818,118,10,2,75.4613
18,204,818,119,10,2,75.9698
18,204,818,120,10,2,76.5136
18,204,818,121,10,2,77.0036
18,204,818,122,10,2,77.5417
18,204,818,123,10,2,77.9637
18,204,818,124,10,2,78.4758
18,204,818,125,10,2,79.0719
18,204,818,126,10,2,79.5233
18,204,818,127,10,2,79.8908
18,204,818,128,10,2,80.5414
18,204,818,129,10,2,80.9608
18,204,818,130,10,2,81.3647
18,203,818,101,10,2,41.64
18,203,818,102,10,2,47.37
18,203,818,103,10,2,50.66
18,203,818,104,10,2,53.27
18,203,818,105,10,2,54.8
18,203,818,106,10,2,58.85
18,203,818,107,10,2,62.2
18,203,818,108,10,2,65.91
18,203,818,109,10,2,67.87
18,203,818,110,10,2,70.43
18,203,818,111,10,2,71.41
18,203,818,112,10,2,72.21
18,203,818,113,10,2,73.05
18,203,818,114,10,2,74.08
18,203,818,115,10,2,76.0539
18,203,818,116,10,2,77.3582
18,203,818,117,10,2,78.4687
18,203,818,118,10,2,79.5244
18,203,818,119,10,2,80.5214
18,203,818,120,10,2,81.3934
18,203,818,121,10,2,82.2142
18,203,818,122,10,2,82.971
18,203,818,123,10,2,83.7631
18,203,818,124,10,2,84.4644
18,203,818,125,10,2,85.0106
18,203,818,126,10,2,85.7466
18,203,818,127,10,2,86.5277
18,203,818,128,10,2,87.2159
18,203,818,129,10,2,87.9543
18,203,818,130,10,2,88.5596
18,207,818,101,10,2,41.64
18,207,818,102,10,2,47.37
18,207,818,103,10,2,50.66
18,207,818,104,10,2,53.27
18,207,818,105,10,2,54.8
18,207,818,106,10,2,58.85
18,207,818,107,10,2,62.2
18,207,818,108,10,2,65.91
18,207,818,109,10,2,67.87
18,207,818,110,10,2,70.43
18,207,818,111,10,2,71.41
18,207,818,112,10,2,72.21
18,207,818,113,10,2,73.05
18,207,818,114,10,2,74.08
18,207,818,115,10,2,73.4893
18,207,818,116,10,2,73.609
18,207,818,117,10,2,74.1095
18,207,818,118,10,2,74.3681
18,207,818,119,10,2,74.6814
18,207,818,120,10,2,75.1782
18,207,818,121,10,2,75.6388
18,207,818,122,10,2,76.241
18,207,818,123,10,2,76.7871
18,207,818,124,10,2,77.0274
18,207,818,125,10,2,77.5356
18,207,818,126,10,2,77.8302
18,207,818,127,10,2,78.3737
18,207,818,128,10,2,78.4826
18,207,818,129,10,2,78.987
18,207,818,130,10,2,79.379
18,206,818,101,10,2,41.64
18,206,818,102,10,2,47.37
18,206,818,103,10,2,50.66
18,206,818,104,10,2,53.27
18,206,818,105,10,2,54.8
18,206,818,106,10,2,58.85
18,206,818,107,10,2,62.2
18,206,818,108,10,2,65.91
18,206,818,109,10,2,67.87
18,206,818,110,10,2,70.43
18,206,818,111,10,2,71.41
18,206,818,112,10,2,72.21
18,206,818,113,10,2,73.05
18,206,818,114,10,2,74.08
18,206,818,115,10,2,76.7356
18,206,818,116,10,2,78.1672
18,206,818,117,10,2,79.3617
18,206,818,118,10,2,80.6305
18,206,818,119,10,2,81.6753
18,206,818,120,10,2,82.6029
18,206,818,121,10,2,83.4828
18,206,818,122,10,2,84.2711
18,206,818,123,10,2,85.066
18,206,818,124,10,2,85.635
18,206,818,125,10,2,86.1917
18,206,818,126,10,2,87.1302
18,206,818,127,10,2,87.9492
18,206,818,128,10,2,88.6675
18,206,818,129,10,2,89.483
18,206,818,130,10,2,89.986
18,8,818,101,10,2,41.64
18,8,818,102,10,2,47.37
18,8,818,103,10,2,50.66
18,8,818,104,10,2,53.27
18,8,818,105,10,2,54.8
18,8,818,106,10,2,58.85
18,8,818,107,10,2,62.2
18,8,818,108,10,2,65.91
18,8,818,109,10,2,67.87
18,8,818,110,10,2,70.43
18,8,818,111,10,2,71.41
18,8,818,112,10,2,72.21
18,8,818,113,10,2,73.05
18,8,818,114,10,2,74.08
18,8,818,115,10,2,74.08
18,8,818,116,10,2,74.08
18,8,818,117,10,2,74.08
18,8,818,118,10,2,74.08
18,8,818,119,10,2,74.08
18,8,818,120,10,2,74.08
18,8,818,121,10,2,74.08
18,8,818,122,10,2,74.08
18,8,818,123,10,2,74.08
18,8,818,124,10,2,74.08
18,8,818,125,10,2,74.08
18,8,818,126,10,2,74.08
18,8,818,127,10,2,74.08
18,8,818,128,10,2,74.08
18,8,818,129,10,2,74.08
18,8,818,130,10,2,74.08
18,202,434,101,10,2,37.85
18,202,434,102,10,2,40.21
18,202,434,103,10,2,48.25
18,202,434,104,10,2,54.83
18,202,434,105,10,2,60.44
18,202,434,106,10,2,64.49
18,202,434,107,10,2,67.53
18,202,434,108,10,2,69.41
18,202,434,109,10,2,71.17
18,202,434,110,10,2,72.33
18,202,434,111,10,2,73.25
18,202,434,112,10,2,74.86
18,202,434,113,10,2,74.93
18,202,434,114,10,2,75.74
18,202,434,115,10,2,76.498
18,202,434,116,10,2,77.2519
18,202,434,117,10,2,77.9892
18,202,434,118,10,2,78.7186
18,202,434,119,10,2,79.391
18,202,434,120,10,2,80.034
18,202,434,121,10,2,80.6434
18,202,434,122,10,2,81.2209
18,202,434,123,10,2,81.8133
18,202,434,124,10,2,82.3267
18,202,434,125,10,2,83.0309
18,202,434,126,10,2,83.6535
18,202,434,127,10,2,84.1422
18,202,434,128,10,2,84.6993
18,202,434,129,10,2,85.2219
18,202,434,130,10,2,85.8643
18,204,434,101,10,2,37.85
18,204,434,102,10,2,40.21
18,204,434,103,10,2,48.25
18,204,434,104,10,2,54.83
18,204,434,105,10,2,60.44
18,204,434,106,10,2,64.49
18,204,434,107,10,2,67.53
18,204,434,108,10,2,69.41
18,204,434,109,10,2,71.17
18,204,434,110,10,2,72.33
18,204,434,111,10,2,73.25
18,204,434,112,10,2,74.86
18,204,434,113,10,2,74.93
18,204,434,114,10,2,75.74
18,204,434,115,10,2,75.5956
18,204,434,116,10,2,75.9687
18,204,434,117,10,2,76.2967
18,204,434,118,10,2,76.8892
18,204,434,119,10,2,77.2887
18,204,434,120,10,2,77.7593
18,204,434,121,10,2,78.1026
18,204,434,122,10,2,78.5988
18,204,434,123,10,2,79.0229
18,204,434,124,10,2,79.4955
18,204,434,125,10,2,79.948
18,204,434,126,10,2,80.3523
18,204,434,127,10,2,80.8373
18,204,434,128,10,2,81.444
18,204,434,129,10,2,81.7676
18,204,434,130,10,2,82.1842
18,203,434,101,10,2,37.85
18,203,434,102,10,2,40.21
18,203,434,103,10,2,48.25
18,203,434,104,10,2,54.83
18,203,434,105,10,2,60.44
18,203,434,106,10,2,64.49
18,203,434,107,10,2,67.53
18,203,434,108,10,2,69.41
18,203,434,109,10,2,71.17
18,203,434,110,10,2,72.33
18,203,434,111,10,2,73.25
18,203,434,112,10,2,74.86
18,203,434,113,10,2,74.93
18,203,434,114,10,2,75.74
18,203,434,115,10,2,77.4716
18,203,434,116,10,2,78.6636
18,203,434,117,10,2,79.6541
18,203,434,118,10,2,80.5288
18,203,434,119,10,2,81.4372
18,203,434,120,10,2,82.1513
18,203,434,121,10,2,82.98
18,203,434,122,10,2,83.6506
18,203,434,123,10,2,84.3585
18,203,434,124,10,2,85.0668
18,203,434,125,10,2,85.8108
18,203,434,126,10,2,86.4677
18,203,434,127,10,2,87.0187
18,203,434,128,10,2,87.6706
18,203,434,129,10,2,88.3164
18,203,434,130,10,2,89.0283
18,207,434,101,10,2,37.85
18,207,434,102,10,2,40.21
18,207,434,103,10,2,48.25
18,207,434,104,10,2,54.83
18,207,434,105,10,2,60.44
18,207,434,106,10,2,64.49
18,207,434,107,10,2,67.53
18,207,434,108,10,2,69.41
18,207,434,109,10,2,71.17
18,207,434,110,10,2,72.33
18,207,434,111,10,2,73.25
18,207,434,112,10,2,74.86
18,207,434,113,10,2,74.93
18,207,434,114,10,2,75.74
18,207,434,115,10,2,75.1271
18,207,434,116,10,2,75.1665
18,207,434,117,10,2,75.5778
18,207,434,118,10,2,75.8749
18,207,434,119,10,2,76.2393
18,207,434,120,10,2,76.5164
18,207,434,121,10,2,76.678
18,207,434,122,10,2,76.989
18,207,434,123,10,2,77.4261
18,207,434,124,10,2,77.8931
18,207,434,125,10,2,78.0146
18,207,434,126,10,2,78.4127
18,207,434,127,10,2,78.612
18,207,434,128,10,2,79.1819
18,207,434,129,10,2,79.4156
18,207,434,130,10,2,79.8063
18,206,434,101,10,2,37.85
18,206,434,102,10,2,40.21
18,206,434,103,10,2,48.25
18,206,434,104,10,2,54.83
18,206,434,105,10,2,60.44
18,206,434,106,10,2,64.49
18,206,434,107,10,2,67.53
18,206,434,108,10,2,69.41
18,206,434,109,10,2,71.17
18,206,434,110,10,2,72.33
18,206,434,111,10,2,73.25
18,206,434,112,10,2,74.86
18,206,434,113,10,2,74.93
18,206,434,114,10,2,75.74
18,206,434,115,10,2,78.0834
18,206,434,116,10,2,79.3377
18,206,434,117,10,2,80.4313
18,206,434,118,10,2,81.4153
18,206,434,119,10,2,82.3366
18,206,434,120,10,2,83.2574
18,206,434,121,10,2,84.1981
18,206,434,122,10,2,84.8573
18,206,434,123,10,2,85.7083
18,206,434,124,10,2,86.4854
18,206,434,125,10,2,87.1969
18,206,434,126,10,2,87.8353
18,206,434,127,10,2,88.6756
18,206,434,128,10,2,89.4979
18,206,434,129,10,2,89.9502
18,206,434,130,10,2,90.5415
18,8,434,101,10,2,37.85
18,8,434,102,10,2,40.21
18,8,434,103,10,2,48.25
18,8,434,104,10,2,54.83
18,8,434,105,10,2,60.44
18,8,434,106,10,2,64.49
18,8,434,107,10,2,67.53
18,8,434,108,10,2,69.41
18,8,434,109,10,2,71.17
18,8,434,110,10,2,72.33
18,8,434,111,10,2,73.25
18,8,434,112,10,2,74.86
18,8,434,113,10,2,74.93
18,8,434,114,10,2,75.74
18,8,434,115,10,2,75.74
18,8,434,116,10,2,75.74
18,8,434,117,10,2,75.74
18,8,434,118,10,2,75.74
18,8,434,119,10,2,75.74
18,8,434,120,10,2,75.74
18,8,434,121,10,2,75.74
18,8,434,122,10,2,75.74
18,8,434,123,10,2,75.74
18,8,434,124,10,2,75.74
18,8,434,125,10,2,75.74
18,8,434,126,10,2,75.74
18,8,434,127,10,2,75.74
18,8,434,128,10,2,75.74
18,8,434,129,10,2,75.74
18,8,434,130,10,2,75.74
18,202,504,101,10,2,47.43
18,202,504,102,10,2,49.21
18,202,504,103,10,2,50.46
18,202,504,104,10,2,52.63
18,202,504,105,10,2,54.55
18,202,504,106,10,2,56.79
18,202,504,107,10,2,61.1
18,202,504,108,10,2,64.67
18,202,504,109,10,2,67.66
18,202,504,110,10,2,69.25
18,202,504,111,10,2,71.39
18,202,504,112,10,2,74.7
18,202,504,113,10,2,76.3
18,202,504,114,10,2,77.54
18,202,504,115,10,2,78.6656
18,202,504,116,10,2,79.7738
18,202,504,117,10,2,80.6737
18,202,504,118,10,2,81.5944
18,202,504,119,10,2,82.4169
18,202,504,120,10,2,83.1643
18,202,504,121,10,2,83.9043
18,202,504,122,10,2,84.5659
18,202,504,123,10,2,85.196
18,202,504,124,10,2,85.9139
18,202,504,125,10,2,86.5183
18,202,504,126,10,2,87.138
18,202,504,127,10,2,87.7544
18,202,504,128,10,2,88.3477
18,202,504,129,10,2,88.8845
18,202,504,130,10,2,89.4776
18,204,504,101,10,2,47.43
18,204,504,102,10,2,49.21
18,204,504,103,10,2,50.46
18,204,504,104,10,2,52.63
18,204,504,105,10,2,54.55
18,204,504,106,10,2,56.79
18,204,504,107,10,2,61.1
18,204,504,108,10,2,64.67
18,204,504,109,10,2,67.66
18,204,504,110,10,2,69.25
18,204,504,111,10,2,71.39
18,204,504,112,10,2,74.7
18,204,504,113,10,2,76.3
18,204,504,114,10,2,77.54
18,204,504,115,10,2,77.7124
18,204,504,116,10,2,78.453
18,204,504,117,10,2,79.0545
18,204,504,118,10,2,79.7405
18,204,504,119,10,2,80.5895
18,204,504,120,10,2,81.1174
18,204,504,121,10,2,81.7145
18,204,504,122,10,2,82.3414
18,204,504,123,10,2,82.8362
18,204,504,124,10,2,83.3528
18,204,504,125,10,2,83.9046
18,204,504,126,10,2,84.3664
18,204,504,127,10,2,84.9279
18,204,504,128,10,2,85.4247
18,204,504,129,10,2,85.8113
18,204,504,130,10,2,86.3095
18,203,504,101,10,2,47.43
18,203,504,102,10,2,49.21
18,203,504,103,10,2,50.46
18,203,504,104,10,2,52.63
18,203,504,105,10,2,54.55
18,203,504,106,10,2,56.79
18,203,504,107,10,2,61.1
18,203,504,108,10,2,64.67
18,203,504,109,10,2,67.66
18,203,504,110,10,2,69.25
18,203,504,111,10,2,71.39
18,203,504,112,10,2,74.7
18,203,504,113,10,2,76.3
18,203,504,114,10,2,77.54
18,203,504,115,10,2,79.7244
18,203,504,116,10,2,81.0239
18,203,504,117,10,2,82.1645
18,203,504,118,10,2,83.2531
18,203,504,119,10,2,84.235
18,203,504,120,10,2,85.1049
18,203,504,121,10,2,86.1064
18,203,504,122,10,2,86.8643
18,203,504,123,10,2,87.6473
18,203,504,124,10,2,88.3333
18,203,504,125,10,2,89.0819
18,203,504,126,10,2,89.6926
18,203,504,127,10,2,90.5136
18,203,504,128,10,2,91.2119
18,203,504,129,10,2,91.827
18,203,504,130,10,2,92.6001
18,207,504,101,10,2,47.43
18,207,504,102,10,2,49.21
18,207,504,103,10,2,50.46
18,207,504,104,10,2,52.63
18,207,504,105,10,2,54.55
18,207,504,106,10,2,56.79
18,207,504,107,10,2,61.1
18,207,504,108,10,2,64.67
18,207,504,109,10,2,67.66
18,207,504,110,10,2,69.25
18,207,504,111,10,2,71.39
18,207,504,112,10,2,74.7
18,207,504,113,10,2,76.3
18,207,504,114,10,2,77.54
18,207,504,115,10,2,77.187
18,207,504,116,10,2,77.6563
18,207,504,117,10,2,78.2285
18,207,504,118,10,2,78.7342
18,207,504,119,10,2,79.4225
18,207,504,120,10,2,80.0593
18,207,504,121,10,2,80.4018
18,207,504,122,10,2,80.9454
18,207,504,123,10,2,81.3552
18,207,504,124,10,2,81.7491
18,207,504,125,10,2,82.2725
18,207,504,126,10,2,82.4511
18,207,504,127,10,2,83.0873
18,207,504,128,10,2,83.5157
18,207,504,129,10,2,83.5164
18,207,504,130,10,2,84.0852
18,206,504,101,10,2,47.43
18,206,504,102,10,2,49.21
18,206,504,103,10,2,50.46
18,206,504,104,10,2,52.63
18,206,504,105,10,2,54.55
18,206,504,106,10,2,56.79
18,206,504,107,10,2,61.1
18,206,504,108,10,2,64.67
18,206,504,109,10,2,67.66
18,206,504,110,10,2,69.25
18,206,504,111,10,2,71.39
18,206,504,112,10,2,74.7
18,206,504,113,10,2,76.3
18,206,504,114,10,2,77.54
18,206,504,115,10,2,80.1186
18,206,504,116,10,2,81.7338
18,206,504,117,10,2,83.1993
18,206,504,118,10,2,84.3917
18,206,504,119,10,2,85.1261
18,206,504,120,10,2,86.182
18,206,504,121,10,2,87.0259
18,206,504,122,10,2,87.9122
18,206,504,123,10,2,88.8478
18,206,504,124,10,2,89.7515
18,206,504,125,10,2,90.511
18,206,504,126,10,2,91.2699
18,206,504,127,10,2,92.0336
18,206,504,128,10,2,92.7262
18,206,504,129,10,2,93.4927
18,206,504,130,10,2,94.1956
18,8,504,101,10,2,47.43
18,8,504,102,10,2,49.21
18,8,504,103,10,2,50.46
18,8,504,104,10,2,52.63
18,8,504,105,10,2,54.55
18,8,504,106,10,2,56.79
18,8,504,107,10,2,61.1
18,8,504,108,10,2,64.67
18,8,504,109,10,2,67.66
18,8,504,110,10,2,69.25
18,8,504,111,10,2,71.39
18,8,504,112,10,2,74.7
18,8,504,113,10,2,76.3
18,8,504,114,10,2,77.54
18,8,504,115,10,2,77.54
18,8,504,116,10,2,77.54
18,8,504,117,10,2,77.54
18,8,504,118,10,2,77.54
18,8,504,119,10,2,77.54
18,8,504,120,10,2,77.54
18,8,504,121,10,2,77.54
18,8,504,122,10,2,77.54
18,8,504,123,10,2,77.54
18,8,504,124,10,2,77.54
18,8,504,125,10,2,77.54
18,8,504,126,10,2,77.54
18,8,504,127,10,2,77.54
18,8,504,128,10,2,77.54
18,8,504,129,10,2,77.54
18,8,504,130,10,2,77.54
18,202,729,101,10,2,45.99
18,202,729,102,10,2,48.53
18,202,729,103,10,2,50.69
18,202,729,104,10,2,52.7
18,202,729,105,10,2,54.54
18,202,729,106,10,2,55.5
18,202,729,107,10,2,55.95
18,202,729,108,10,2,56.63
18,202,729,109,10,2,57.59
18,202,729,110,10,2,59.4
18,202,729,111,10,2,61.47
18,202,729,112,10,2,63.5
18,202,729,113,10,2,65.48
18,202,729,114,10,2,66.8
18,202,729,115,10,2,67.9292
18,202,729,116,10,2,68.9799
18,202,729,117,10,2,69.8994
18,202,729,118,10,2,70.8727
18,202,729,119,10,2,71.8529
18,202,729,120,10,2,72.6275
18,202,729,121,10,2,73.4724
18,202,729,122,10,2,74.3625
18,202,729,123,10,2,74.9801
18,202,729,124,10,2,75.6177
18,202,729,125,10,2,76.1747
18,202,729,126,10,2,76.9193
18,202,729,127,10,2,77.5346
18,202,729,128,10,2,78.1131
18,202,729,129,10,2,78.8529
18,202,729,130,10,2,79.4441
18,204,729,101,10,2,45.99
18,204,729,102,10,2,48.53
18,204,729,103,10,2,50.69
18,204,729,104,10,2,52.7
18,204,729,105,10,2,54.54
18,204,729,106,10,2,55.5
18,204,729,107,10,2,55.95
18,204,729,108,10,2,56.63
18,204,729,109,10,2,57.59
18,204,729,110,10,2,59.4
18,204,729,111,10,2,61.47
18,204,729,112,10,2,63.5
18,204,729,113,10,2,65.48
18,204,729,114,10,2,66.8
18,204,729,115,10,2,66.6393
18,204,729,116,10,2,67.1324
18,204,729,117,10,2,67.6564
18,204,729,118,10,2,68.0351
18,204,729,119,10,2,68.6411
18,204,729,120,10,2,69.2193
18,204,729,121,10,2,69.7494
18,204,729,122,10,2,70.3526
18,204,729,123,10,2,70.7848
18,204,729,124,10,2,71.2393
18,204,729,125,10,2,71.5324
18,204,729,126,10,2,72.1563
18,204,729,127,10,2,72.6453
18,204,729,128,10,2,73.2545
18,204,729,129,10,2,73.6762
18,204,729,130,10,2,74.3057
18,203,729,101,10,2,45.99
18,203,729,102,10,2,48.53
18,203,729,103,10,2,50.69
18,203,729,104,10,2,52.7
18,203,729,105,10,2,54.54
18,203,729,106,10,2,55.5
18,203,729,107,10,2,55.95
18,203,729,108,10,2,56.63
18,203,729,109,10,2,57.59
18,203,729,110,10,2,59.4
18,203,729,111,10,2,61.47
18,203,729,112,10,2,63.5
18,203,729,113,10,2,65.48
18,203,729,114,10,2,66.8
18,203,729,115,10,2,69.1699
18,203,729,116,10,2,70.7563
18,203,729,117,10,2,72.3478
18,203,729,118,10,2,73.653
18,203,729,119,10,2,74.8445
18,203,729,120,10,2,76.032
18,203,729,121,10,2,77.0671
18,203,729,122,10,2,77.969
18,203,729,123,10,2,78.7217
18,203,729,124,10,2,79.6274
18,203,729,125,10,2,80.5775
18,203,729,126,10,2,81.3201
18,203,729,127,10,2,82.153
18,203,729,128,10,2,82.8645
18,203,729,129,10,2,83.6957
18,203,729,130,10,2,84.374
18,207,729,101,10,2,45.99
18,207,729,102,10,2,48.53
18,207,729,103,10,2,50.69
18,207,729,104,10,2,52.7
18,207,729,105,10,2,54.54
18,207,729,106,10,2,55.5
18,207,729,107,10,2,55.95
18,207,729,108,10,2,56.63
18,207,729,109,10,2,57.59
18,207,729,110,10,2,59.4
18,207,729,111,10,2,61.47
18,207,729,112,10,2,63.5
18,207,729,113,10,2,65.48
18,207,729,114,10,2,66.8
18,207,729,115,10,2,65.9782
18,207,729,116,10,2,66.0154
18,207,729,117,10,2,66.287
18,207,729,118,10,2,66.5821
18,207,729,119,10,2,67.1678
18,207,729,120,10,2,67.4759
18,207,729,121,10,2,67.8933
18,207,729,122,10,2,68.2418
18,207,729,123,10,2,68.6481
18,207,729,124,10,2,68.9909
18,207,729,125,10,2,69.3939
18,207,729,126,10,2,69.8354
18,207,729,127,10,2,70.1772
18,207,729,128,10,2,70.6129
18,207,729,129,10,2,70.71
18,207,729,130,10,2,71.1126
18,206,729,101,10,2,45.99
18,206,729,102,10,2,48.53
18,206,729,103,10,2,50.69
18,206,729,104,10,2,52.7
18,206,729,105,10,2,54.54
18,206,729,106,10,2,55.5
18,206,729,107,10,2,55.95
18,206,729,108,10,2,56.63
18,206,729,109,10,2,57.59
18,206,729,110,10,2,59.4
18,206,729,111,10,2,61.47
18,206,729,112,10,2,63.5
18,206,729,113,10,2,65.48
18,206,729,114,10,2,66.8
18,206,729,115,10,2,69.833
18,206,729,116,10,2,71.7842
18,206,729,117,10,2,73.4918
18,206,729,118,10,2,75.1643
18,206,729,119,10,2,76.655
18,206,729,120,10,2,77.9587
18,206,729,121,10,2,79.0161
18,206,729,122,10,2,80.0243
18,206,729,123,10,2,80.7406
18,206,729,124,10,2,81.6996
18,206,729,125,10,2,82.5526
18,206,729,126,10,2,83.2229
18,206,729,127,10,2,83.9005
18,206,729,128,10,2,84.6879
18,206,729,129,10,2,85.5121
18,206,729,130,10,2,86.2822
18,8,729,101,10,2,45.99
18,8,729,102,10,2,48.53
18,8,729,103,10,2,50.69
18,8,729,104,10,2,52.7
18,8,729,105,10,2,54.54
18,8,729,106,10,2,55.5
18,8,729,107,10,2,55.95
18,8,729,108,10,2,56.63
18,8,729,109,10,2,57.59
18,8,729,110,10,2,59.4
18,8,729,111,10,2,61.47
18,8,729,112,10,2,63.5
18,8,729,113,10,2,65.48
18,8,729,114,10,2,66.8
18,8,729,115,10,2,66.8
18,8,729,116,10,2,66.8
18,8,729,117,10,2,66.8
18,8,729,118,10,2,66.8
18,8,729,119,10,2,66.8
18,8,729,120,10,2,66.8
18,8,729,121,10,2,66.8
18,8,729,122,10,2,66.8
18,8,729,123,10,2,66.8
18,8,729,124,10,2,66.8
18,8,729,125,10,2,66.8
18,8,729,126,10,2,66.8
18,8,729,127,10,2,66.8
18,8,729,128,10,2,66.8
18,8,729,129,10,2,66.8
18,8,729,130,10,2,66.8
18,202,788,101,10,2,39.9
18,202,788,102,10,2,41.71
18,202,788,103,10,2,44.76
18,202,788,104,10,2,49.44
18,202,788,105,10,2,55.21
18,202,788,106,10,2,60.28
18,202,788,107,10,2,65.91
18,202,788,108,10,2,69.07
18,202,788,109,10,2,72.75
18,202,788,110,10,2,75.11
18,202,788,111,10,2,76.3
18,202,788,112,10,2,77.19
18,202,788,113,10,2,77.59
18,202,788,114,10,2,78.46
18,202,788,115,10,2,79.3717
18,202,788,116,10,2,80.1943
18,202,788,117,10,2,80.9491
18,202,788,118,10,2,81.7602
18,202,788,119,10,2,82.4512
18,202,788,120,10,2,83.0989
18,202,788,121,10,2,83.7366
18,202,788,122,10,2,84.3395
18,202,788,123,10,2,84.9457
18,202,788,124,10,2,85.5789
18,202,788,125,10,2,86.1146
18,202,788,126,10,2,86.6709
18,202,788,127,10,2,87.2006
18,202,788,128,10,2,87.7711
18,202,788,129,10,2,88.2949
18,202,788,130,10,2,88.8761
18,204,788,101,10,2,39.9
18,204,788,102,10,2,41.71
18,204,788,103,10,2,44.76
18,204,788,104,10,2,49.44
18,204,788,105,10,2,55.21
18,204,788,106,10,2,60.28
18,204,788,107,10,2,65.91
18,204,788,108,10,2,69.07
18,204,788,109,10,2,72.75
18,204,788,110,10,2,75.11
18,204,788,111,10,2,76.3
18,204,788,112,10,2,77.19
18,204,788,113,10,2,77.59
18,204,788,114,10,2,78.46
18,204,788,115,10,2,78.4666
18,204,788,116,10,2,78.9194
18,204,788,117,10,2,79.5093
18,204,788,118,10,2,79.9972
18,204,788,119,10,2,80.4915
18,204,788,120,10,2,81.1036
18,204,788,121,10,2,81.3488
18,204,788,122,10,2,81.9901
18,204,788,123,10,2,82.3664
18,204,788,124,10,2,82.9336
18,204,788,125,10,2,83.4529
18,204,788,126,10,2,83.7437
18,204,788,127,10,2,84.2349
18,204,788,128,10,2,84.4925
18,204,788,129,10,2,84.9477
18,204,788,130,10,2,85.4065
18,203,788,101,10,2,39.9
18,203,788,102,10,2,41.71
18,203,788,103,10,2,44.76
18,203,788,104,10,2,49.44
18,203,788,105,10,2,55.21
18,203,788,106,10,2,60.28
18,203,788,107,10,2,65.91
18,203,788,108,10,2,69.07
18,203,788,109,10,2,72.75
18,203,788,110,10,2,75.11
18,203,788,111,10,2,76.3
18,203,788,112,10,2,77.19
18,203,788,113,10,2,77.59
18,203,788,114,10,2,78.46
18,203,788,115,10,2,80.2437
18,203,788,116,10,2,81.441
18,203,788,117,10,2,82.4385
18,203,788,118,10,2,83.3644
18,203,788,119,10,2,84.2261
18,203,788,120,10,2,85.0438
18,203,788,121,10,2,85.791
18,203,788,122,10,2,86.5147
18,203,788,123,10,2,87.3183
18,203,788,124,10,2,88.0433
18,203,788,125,10,2,88.6355
18,203,788,126,10,2,89.3412
18,203,788,127,10,2,90.0351
18,203,788,128,10,2,90.779
18,203,788,129,10,2,91.5845
18,203,788,130,10,2,92.0513
18,207,788,101,10,2,39.9
18,207,788,102,10,2,41.71
18,207,788,103,10,2,44.76
18,207,788,104,10,2,49.44
18,207,788,105,10,2,55.21
18,207,788,106,10,2,60.28
18,207,788,107,10,2,65.91
18,207,788,108,10,2,69.07
18,207,788,109,10,2,72.75
18,207,788,110,10,2,75.11
18,207,788,111,10,2,76.3
18,207,788,112,10,2,77.19
18,207,788,113,10,2,77.59
18,207,788,114,10,2,78.46
18,207,788,115,10,2,78.0506
18,207,788,116,10,2,78.2303
18,207,788,117,10,2,78.7933
18,207,788,118,10,2,79.2181
18,207,788,119,10,2,79.5861
18,207,788,120,10,2,80.0309
18,207,788,121,10,2,80.2795
18,207,788,122,10,2,80.6595
18,207,788,123,10,2,80.9714
18,207,788,124,10,2,81.2649
18,207,788,125,10,2,81.6814
18,207,788,126,10,2,81.9317
18,207,788,127,10,2,82.2874
18,207,788,128,10,2,82.7989
18,207,788,129,10,2,83.1405
18,207,788,130,10,2,83.559
18,206,788,101,10,2,39.9
18,206,788,102,10,2,41.71
18,206,788,103,10,2,44.76
18,206,788,104,10,2,49.44
18,206,788,105,10,2,55.21
18,206,788,106,10,2,60.28
18,206,788,107,10,2,65.91
18,206,788,108,10,2,69.07
18,206,788,109,10,2,72.75
18,206,788,110,10,2,75.11
18,206,788,111,10,2,76.3
18,206,788,112,10,2,77.19
18,206,788,113,10,2,77.59
18,206,788,114,10,2,78.46
18,206,788,115,10,2,80.7138
18,206,788,116,10,2,81.9936
18,206,788,117,10,2,83.1753
18,206,788,118,10,2,84.2451
18,206,788,119,10,2,85.2617
18,206,788,120,10,2,85.9747
18,206,788,121,10,2,86.805
18,206,788,122,10,2,87.7509
18,206,788,123,10,2,88.4805
18,206,788,124,10,2,89.3797
18,206,788,125,10,2,90.1729
18,206,788,126,10,2,90.7889
18,206,788,127,10,2,91.7255
18,206,788,128,10,2,92.2152
18,206,788,129,10,2,93.0552
18,206,788,130,10,2,93.724
18,8,788,101,10,2,39.9
18,8,788,102,10,2,41.71
18,8,788,103,10,2,44.76
18,8,788,104,10,2,49.44
18,8,788,105,10,2,55.21
18,8,788,106,10,2,60.28
18,8,788,107,10,2,65.91
18,8,788,108,10,2,69.07
18,8,788,109,10,2,72.75
18,8,788,110,10,2,75.11
18,8,788,111,10,2,76.3
18,8,788,112,10,2,77.19
18,8,788,113,10,2,77.59
18,8,788,114,10,2,78.46
18,8,788,115,10,2,78.46
18,8,788,116,10,2,78.46
18,8,788,117,10,2,78.46
18,8,788,118,10,2,78.46
18,8,788,119,10,2,78.46
18,8,788,120,10,2,78.46
18,8,788,121,10,2,78.46
18,8,788,122,10,2,78.46
18,8,788,123,10,2,78.46
18,8,788,124,10,2,78.46
18,8,788,125,10,2,78.46
18,8,788,126,10,2,78.46
18,8,788,127,10,2,78.46
18,8,788,128,10,2,78.46
18,8,788,129,10,2,78.46
18,8,788,130,10,2,78.46
18,202,732,101,10,2,37.1
18,202,732,102,10,2,39.1
18,202,732,103,10,2,41
18,202,732,104,10,2,43
18,202,732,105,10,2,45.1
18,202,732,106,10,2,49.42
18,202,732,107,10,2,53.73
18,202,732,108,10,2,58.05
18,202,732,109,10,2,60.55
18,202,732,110,10,2,63.05
18,202,732,111,10,2,65.83
18,202,732,112,10,2,68.1
18,202,732,113,10,2,70.3
18,202,732,114,10,2,71.87
18,202,732,115,10,2,73.1462
18,202,732,116,10,2,74.3535
18,202,732,117,10,2,75.3259
18,202,732,118,10,2,76.359
18,202,732,119,10,2,77.2383
18,202,732,120,10,2,78.0797
18,202,732,121,10,2,78.8793
18,202,732,122,10,2,79.6339
18,202,732,123,10,2,80.3898
18,202,732,124,10,2,81.0968
18,202,732,125,10,2,81.8422
18,202,732,126,10,2,82.5065
18,202,732,127,10,2,83.084
18,202,732,128,10,2,83.6944
18,202,732,129,10,2,84.2179
18,202,732,130,10,2,84.7976
18,204,732,101,10,2,37.1
18,204,732,102,10,2,39.1
18,204,732,103,10,2,41
18,204,732,104,10,2,43
18,204,732,105,10,2,45.1
18,204,732,106,10,2,49.42
18,204,732,107,10,2,53.73
18,204,732,108,10,2,58.05
18,204,732,109,10,2,60.55
18,204,732,110,10,2,63.05
18,204,732,111,10,2,65.83
18,204,732,112,10,2,68.1
18,204,732,113,10,2,70.3
18,204,732,114,10,2,71.87
18,204,732,115,10,2,72.0184
18,204,732,116,10,2,72.6478
18,204,732,117,10,2,73.4557
18,204,732,118,10,2,73.9183
18,204,732,119,10,2,74.6386
18,204,732,120,10,2,75.269
18,204,732,121,10,2,75.9524
18,204,732,122,10,2,76.5683
18,204,732,123,10,2,77.131
18,204,732,124,10,2,77.7259
18,204,732,125,10,2,78.5685
18,204,732,126,10,2,78.7342
18,204,732,127,10,2,79.2889
18,204,732,128,10,2,79.7802
18,204,732,129,10,2,80.2018
18,204,732,130,10,2,80.8627
18,203,732,101,10,2,37.1
18,203,732,102,10,2,39.1
18,203,732,103,10,2,41
18,203,732,104,10,2,43
18,203,732,105,10,2,45.1
18,203,732,106,10,2,49.42
18,203,732,107,10,2,53.73
18,203,732,108,10,2,58.05
18,203,732,109,10,2,60.55
18,203,732,110,10,2,63.05
18,203,732,111,10,2,65.83
18,203,732,112,10,2,68.1
18,203,732,113,10,2,70.3
18,203,732,114,10,2,71.87
18,203,732,115,10,2,74.3737
18,203,732,116,10,2,75.971
18,203,732,117,10,2,77.3247
18,203,732,118,10,2,78.689
18,203,732,119,10,2,79.8853
18,203,732,120,10,2,80.8506
18,203,732,121,10,2,81.8802
18,203,732,122,10,2,82.6567
18,203,732,123,10,2,83.4367
18,203,732,124,10,2,84.2747
18,203,732,125,10,2,85.1045
18,203,732,126,10,2,85.7127
18,203,732,127,10,2,86.366
18,203,732,128,10,2,87.2516
18,203,732,129,10,2,87.9723
18,203,732,130,10,2,88.7137
18,207,732,101,10,2,37.1
18,207,732,102,10,2,39.1
18,207,732,103,10,2,41
18,207,732,104,10,2,43
18,207,732,105,10,2,45.1
18,207,732,106,10,2,49.42
18,207,732,107,10,2,53.73
18,207,732,108,10,2,58.05
18,207,732,109,10,2,60.55
18,207,732,110,10,2,63.05
18,207,732,111,10,2,65.83
18,207,732,112,10,2,68.1
18,207,732,113,10,2,70.3
18,207,732,114,10,2,71.87
18,207,732,115,10,2,71.3563
18,207,732,116,10,2,71.8293
18,207,732,117,10,2,72.4405
18,207,732,118,10,2,72.6688
18,207,732,119,10,2,73.3587
18,207,732,120,10,2,73.8827
18,207,732,121,10,2,74.3876
18,207,732,122,10,2,75.0336
18,207,732,123,10,2,75.4118
18,207,732,124,10,2,75.8134
18,207,732,125,10,2,76.1564
18,207,732,126,10,2,76.6432
18,207,732,127,10,2,77.3403
18,207,732,128,10,2,77.5875
18,207,732,129,10,2,77.8284
18,207,732,130,10,2,78.3808
18,206,732,101,10,2,37.1
18,206,732,102,10,2,39.1
18,206,732,103,10,2,41
18,206,732,104,10,2,43
18,206,732,105,10,2,45.1
18,206,732,106,10,2,49.42
18,206,732,107,10,2,53.73
18,206,732,108,10,2,58.05
18,206,732,109,10,2,60.55
18,206,732,110,10,2,63.05
18,206,732,111,10,2,65.83
18,206,732,112,10,2,68.1
18,206,732,113,10,2,70.3
18,206,732,114,10,2,71.87
18,206,732,115,10,2,75.0259
18,206,732,116,10,2,76.8992
18,206,732,117,10,2,78.1958
18,206,732,118,10,2,79.7335
18,206,732,119,10,2,81.0372
18,206,732,120,10,2,82.085
18,206,732,121,10,2,83.2306
18,206,732,122,10,2,84.3195
18,206,732,123,10,2,85.2776
18,206,732,124,10,2,86.1126
18,206,732,125,10,2,86.567
18,206,732,126,10,2,87.5057
18,206,732,127,10,2,88.4152
18,206,732,128,10,2,89.1729
18,206,732,129,10,2,89.8174
18,206,732,130,10,2,90.5145
18,8,732,101,10,2,37.1
18,8,732,102,10,2,39.1
18,8,732,103,10,2,41
18,8,732,104,10,2,43
18,8,732,105,10,2,45.1
18,8,732,106,10,2,49.42
18,8,732,107,10,2,53.73
18,8,732,108,10,2,58.05
18,8,732,109,10,2,60.55
18,8,732,110,10,2,63.05
18,8,732,111,10,2,65.83
18,8,732,112,10,2,68.1
18,8,732,113,10,2,70.3
18,8,732,114,10,2,71.87
18,8,732,115,10,2,71.87
18,8,732,116,10,2,71.87
18,8,732,117,10,2,71.87
18,8,732,118,10,2,71.87
18,8,732,119,10,2,71.87
18,8,732,120,10,2,71.87
18,8,732,121,10,2,71.87
18,8,732,122,10,2,71.87
18,8,732,123,10,2,71.87
18,8,732,124,10,2,71.87
18,8,732,125,10,2,71.87
18,8,732,126,10,2,71.87
18,8,732,127,10,2,71.87
18,8,732,128,10,2,71.87
18,8,732,129,10,2,71.87
18,8,732,130,10,2,71.87
18,202,51,101,10,2,65.94
18,202,51,102,10,2,68.01
18,202,51,103,10,2,70.1
18,202,51,104,10,2,72.16
18,202,51,105,10,2,73.64
18,202,51,106,10,2,73.56
18,202,51,107,10,2,73.83
18,202,51,108,10,2,70.76
18,202,51,109,10,2,71.54
18,202,51,110,10,2,73.41
18,202,51,111,10,2,75.33
18,202,51,112,10,2,75.84
18,202,51,113,10,2,77.03
18,202,51,114,10,2,78.3
18,202,51,115,10,2,78.933
18,202,51,116,10,2,79.5289
18,202,51,117,10,2,80.0481
18,202,51,118,10,2,80.6721
18,202,51,119,10,2,81.2531
18,202,51,120,10,2,81.8261
18,202,51,121,10,2,82.3914
18,202,51,122,10,2,83.0671
18,202,51,123,10,2,83.5286
18,202,51,124,10,2,84.0762
18,202,51,125,10,2,84.6175
18,202,51,126,10,2,85.1447
18,202,51,127,10,2,85.6683
18,202,51,128,10,2,86.191
18,202,51,129,10,2,86.6442
18,202,51,130,10,2,87.1299
18,204,51,101,10,2,65.94
18,204,51,102,10,2,68.01
18,204,51,103,10,2,70.1
18,204,51,104,10,2,72.16
18,204,51,105,10,2,73.64
18,204,51,106,10,2,73.56
18,204,51,107,10,2,73.83
18,204,51,108,10,2,70.76
18,204,51,109,10,2,71.54
18,204,51,110,10,2,73.41
18,204,51,111,10,2,75.33
18,204,51,112,10,2,75.84
18,204,51,113,10,2,77.03
18,204,51,114,10,2,78.3
18,204,51,115,10,2,78.0088
18,204,51,116,10,2,78.1634
18,204,51,117,10,2,78.4309
18,204,51,118,10,2,78.8198
18,204,51,119,10,2,79.1323
18,204,51,120,10,2,79.6269
18,204,51,121,10,2,80.0036
18,204,51,122,10,2,80.4449
18,204,51,123,10,2,80.8254
18,204,51,124,10,2,81.1765
18,204,51,125,10,2,81.4493
18,204,51,126,10,2,81.8328
18,204,51,127,10,2,82.1141
18,204,51,128,10,2,82.6043
18,204,51,129,10,2,82.8866
18,204,51,130,10,2,83.4531
18,203,51,101,10,2,65.94
18,203,51,102,10,2,68.01
18,203,51,103,10,2,70.1
18,203,51,104,10,2,72.16
18,203,51,105,10,2,73.64
18,203,51,106,10,2,73.56
18,203,51,107,10,2,73.83
18,203,51,108,10,2,70.76
18,203,51,109,10,2,71.54
18,203,51,110,10,2,73.41
18,203,51,111,10,2,75.33
18,203,51,112,10,2,75.84
18,203,51,113,10,2,77.03
18,203,51,114,10,2,78.3
18,203,51,115,10,2,79.8387
18,203,51,116,10,2,80.8161
18,203,51,117,10,2,81.6259
18,203,51,118,10,2,82.4036
18,203,51,119,10,2,83.2119
18,203,51,120,10,2,83.8447
18,203,51,121,10,2,84.5879
18,203,51,122,10,2,85.3715
18,203,51,123,10,2,85.8164
18,203,51,124,10,2,86.5236
18,203,51,125,10,2,87.1444
18,203,51,126,10,2,87.8759
18,203,51,127,10,2,88.3767
18,203,51,128,10,2,89.0017
18,203,51,129,10,2,89.8068
18,203,51,130,10,2,90.4196
18,207,51,101,10,2,65.94
18,207,51,102,10,2,68.01
18,207,51,103,10,2,70.1
18,207,51,104,10,2,72.16
18,207,51,105,10,2,73.64
18,207,51,106,10,2,73.56
18,207,51,107,10,2,73.83
18,207,51,108,10,2,70.76
18,207,51,109,10,2,71.54
18,207,51,110,10,2,73.41
18,207,51,111,10,2,75.33
18,207,51,112,10,2,75.84
18,207,51,113,10,2,77.03
18,207,51,114,10,2,78.3
18,207,51,115,10,2,77.584
18,207,51,116,10,2,77.5184
18,207,51,117,10,2,77.7071
18,207,51,118,10,2,77.8025
18,207,51,119,10,2,78.1384
18,207,51,120,10,2,78.4933
18,207,51,121,10,2,78.7329
18,207,51,122,10,2,78.8169
18,207,51,123,10,2,79.2921
18,207,51,124,10,2,79.5987
18,207,51,125,10,2,79.9199
18,207,51,126,10,2,80.2377
18,207,51,127,10,2,80.594
18,207,51,128,10,2,80.6857
18,207,51,129,10,2,81.0702
18,207,51,130,10,2,81.3871
18,206,51,101,10,2,65.94
18,206,51,102,10,2,68.01
18,206,51,103,10,2,70.1
18,206,51,104,10,2,72.16
18,206,51,105,10,2,73.64
18,206,51,106,10,2,73.56
18,206,51,107,10,2,73.83
18,206,51,108,10,2,70.76
18,206,51,109,10,2,71.54
18,206,51,110,10,2,73.41
18,206,51,111,10,2,75.33
18,206,51,112,10,2,75.84
18,206,51,113,10,2,77.03
18,206,51,114,10,2,78.3
18,206,51,115,10,2,80.2997
18,206,51,116,10,2,81.4032
18,206,51,117,10,2,82.4449
18,206,51,118,10,2,83.1919
18,206,51,119,10,2,84.2169
18,206,51,120,10,2,84.9834
18,206,51,121,10,2,85.7087
18,206,51,122,10,2,86.3512
18,206,51,123,10,2,87.1622
18,206,51,124,10,2,87.6222
18,206,51,125,10,2,88.3006
18,206,51,126,10,2,89.1384
18,206,51,127,10,2,90.0144
18,206,51,128,10,2,90.645
18,206,51,129,10,2,91.5022
18,206,51,130,10,2,92.1899
18,8,51,101,10,2,65.94
18,8,51,102,10,2,68.01
18,8,51,103,10,2,70.1
18,8,51,104,10,2,72.16
18,8,51,105,10,2,73.64
18,8,51,106,10,2,73.56
18,8,51,107,10,2,73.83
18,8,51,108,10,2,70.76
18,8,51,109,10,2,71.54
18,8,51,110,10,2,73.41
18,8,51,111,10,2,75.33
18,8,51,112,10,2,75.84
18,8,51,113,10,2,77.03
18,8,51,114,10,2,78.3
18,8,51,115,10,2,78.3
18,8,51,116,10,2,78.3
18,8,51,117,10,2,78.3
18,8,51,118,10,2,78.3
18,8,51,119,10,2,78.3
18,8,51,120,10,2,78.3
18,8,51,121,10,2,78.3
18,8,51,122,10,2,78.3
18,8,51,123,10,2,78.3
18,8,51,124,10,2,78.3
18,8,51,125,10,2,78.3
18,8,51,126,10,2,78.3
18,8,51,127,10,2,78.3
18,8,51,128,10,2,78.3
18,8,51,129,10,2,78.3
18,8,51,130,10,2,78.3
18,202,31,101,10,2,61.5
18,202,31,102,10,2,63.5
18,202,31,103,10,2,64.7
18,202,31,104,10,2,65.85
18,202,31,105,10,2,66.79
18,202,31,106,10,2,67.21
18,202,31,107,10,2,67.69
18,202,31,108,10,2,68.59
18,202,31,109,10,2,69.03
18,202,31,110,10,2,69.84
18,202,31,111,10,2,70.28
18,202,31,112,10,2,73.35
18,202,31,113,10,2,74.55
18,202,31,114,10,2,75.26
18,202,31,115,10,2,75.9247
18,202,31,116,10,2,76.5104
18,202,31,117,10,2,77.1128
18,202,31,118,10,2,77.7999
18,202,31,119,10,2,78.3801
18,202,31,120,10,2,78.9523
18,202,31,121,10,2,79.5536
18,202,31,122,10,2,80.1154
18,202,31,123,10,2,80.6872
18,202,31,124,10,2,81.3145
18,202,31,125,10,2,81.8364
18,202,31,126,10,2,82.441
18,202,31,127,10,2,82.9753
18,202,31,128,10,2,83.5092
18,202,31,129,10,2,84.1582
18,202,31,130,10,2,84.7927
18,204,31,101,10,2,61.5
18,204,31,102,10,2,63.5
18,204,31,103,10,2,64.7
18,204,31,104,10,2,65.85
18,204,31,105,10,2,66.79
18,204,31,106,10,2,67.21
18,204,31,107,10,2,67.69
18,204,31,108,10,2,68.59
18,204,31,109,10,2,69.03
18,204,31,110,10,2,69.84
18,204,31,111,10,2,70.28
18,204,31,112,10,2,73.35
18,204,31,113,10,2,74.55
18,204,31,114,10,2,75.26
18,204,31,115,10,2,74.9073
18,204,31,116,10,2,74.9365
18,204,31,117,10,2,75.3598
18,204,31,118,10,2,75.6948
18,204,31,119,10,2,76.157
18,204,31,120,10,2,76.4886
18,204,31,121,10,2,77.0498
18,204,31,122,10,2,77.3193
18,204,31,123,10,2,77.8253
18,204,31,124,10,2,78.2352
18,204,31,125,10,2,78.6756
18,204,31,126,10,2,78.921
18,204,31,127,10,2,79.4364
18,204,31,128,10,2,79.9029
18,204,31,129,10,2,80.2423
18,204,31,130,10,2,80.7349
18,203,31,101,10,2,61.5
18,203,31,102,10,2,63.5
18,203,31,103,10,2,64.7
18,203,31,104,10,2,65.85
18,203,31,105,10,2,66.79
18,203,31,106,10,2,67.21
18,203,31,107,10,2,67.69
18,203,31,108,10,2,68.59
18,203,31,109,10,2,69.03
18,203,31,110,10,2,69.84
18,203,31,111,10,2,70.28
18,203,31,112,10,2,73.35
18,203,31,113,10,2,74.55
18,203,31,114,10,2,75.26
18,203,31,115,10,2,76.8708
18,203,31,116,10,2,77.915
18,203,31,117,10,2,78.7648
18,203,31,118,10,2,79.5841
18,203,31,119,10,2,80.434
18,203,31,120,10,2,81.1575
18,203,31,121,10,2,81.978
18,203,31,122,10,2,82.648
18,203,31,123,10,2,83.3766
18,203,31,124,10,2,84.1098
18,203,31,125,10,2,84.8213
18,203,31,126,10,2,85.3978
18,203,31,127,10,2,86.0848
18,203,31,128,10,2,86.7672
18,203,31,129,10,2,87.3509
18,203,31,130,10,2,87.9216
18,207,31,101,10,2,61.5
18,207,31,102,10,2,63.5
18,207,31,103,10,2,64.7
18,207,31,104,10,2,65.85
18,207,31,105,10,2,66.79
18,207,31,106,10,2,67.21
18,207,31,107,10,2,67.69
18,207,31,108,10,2,68.59
18,207,31,109,10,2,69.03
18,207,31,110,10,2,69.84
18,207,31,111,10,2,70.28
18,207,31,112,10,2,73.35
18,207,31,113,10,2,74.55
18,207,31,114,10,2,75.26
18,207,31,115,10,2,74.3837
18,207,31,116,10,2,74.2555
18,207,31,117,10,2,74.1776
18,207,31,118,10,2,74.6114
18,207,31,119,10,2,75.027
18,207,31,120,10,2,75.518
18,207,31,121,10,2,75.6301
18,207,31,122,10,2,76.1321
18,207,31,123,10,2,76.2907
18,207,31,124,10,2,76.5297
18,207,31,125,10,2,76.9523
18,207,31,126,10,2,77.3699
18,207,31,127,10,2,77.4038
18,207,31,128,10,2,77.6618
18,207,31,129,10,2,78.2409
18,207,31,130,10,2,78.7552
18,206,31,101,10,2,61.5
18,206,31,102,10,2,63.5
18,206,31,103,10,2,64.7
18,206,31,104,10,2,65.85
18,206,31,105,10,2,66.79
18,206,31,106,10,2,67.21
18,206,31,107,10,2,67.69
18,206,31,108,10,2,68.59
18,206,31,109,10,2,69.03
18,206,31,110,10,2,69.84
18,206,31,111,10,2,70.28
18,206,31,112,10,2,73.35
18,206,31,113,10,2,74.55
18,206,31,114,10,2,75.26
18,206,31,115,10,2,77.3807
18,206,31,116,10,2,78.579
18,206,31,117,10,2,79.5715
18,206,31,118,10,2,80.5146
18,206,31,119,10,2,81.2796
18,206,31,120,10,2,82.233
18,206,31,121,10,2,83.0658
18,206,31,122,10,2,83.7844
18,206,31,123,10,2,84.5834
18,206,31,124,10,2,85.2385
18,206,31,125,10,2,85.9471
18,206,31,126,10,2,86.6201
18,206,31,127,10,2,87.2457
18,206,31,128,10,2,87.9396
18,206,31,129,10,2,88.5165
18,206,31,130,10,2,89.286
18,8,31,101,10,2,61.5
18,8,31,102,10,2,63.5
18,8,31,103,10,2,64.7
18,8,31,104,10,2,65.85
18,8,31,105,10,2,66.79
18,8,31,106,10,2,67.21
18,8,31,107,10,2,67.69
18,8,31,108,10,2,68.59
18,8,31,109,10,2,69.03
18,8,31,110,10,2,69.84
18,8,31,111,10,2,70.28
18,8,31,112,10,2,73.35
18,8,31,113,10,2,74.55
18,8,31,114,10,2,75.26
18,8,31,115,10,2,75.26
18,8,31,116,10,2,75.26
18,8,31,117,10,2,75.26
18,8,31,118,10,2,75.26
18,8,31,119,10,2,75.26
18,8,31,120,10,2,75.26
18,8,31,121,10,2,75.26
18,8,31,122,10,2,75.26
18,8,31,123,10,2,75.26
18,8,31,124,10,2,75.26
18,8,31,125,10,2,75.26
18,8,31,126,10,2,75.26
18,8,31,127,10,2,75.26
18,8,31,128,10,2,75.26
18,8,31,129,10,2,75.26
18,8,31,130,10,2,75.26
18,202,48,101,10,2,47.03
18,202,48,102,10,2,52.25
18,202,48,103,10,2,58.54
18,202,48,104,10,2,63.82
18,202,48,105,10,2,67.68
18,202,48,106,10,2,70.31
18,202,48,107,10,2,72.1
18,202,48,108,10,2,73.18
18,202,48,109,10,2,74.09
18,202,48,110,10,2,75
18,202,48,111,10,2,75.85
18,202,48,112,10,2,76.7
18,202,48,113,10,2,77.46
18,202,48,114,10,2,78.22
18,202,48,115,10,2,78.936
18,202,48,116,10,2,79.588
18,202,48,117,10,2,80.2622
18,202,48,118,10,2,80.8734
18,202,48,119,10,2,81.4805
18,202,48,120,10,2,82.0912
18,202,48,121,10,2,82.7267
18,202,48,122,10,2,83.3446
18,202,48,123,10,2,83.9249
18,202,48,124,10,2,84.4387
18,202,48,125,10,2,84.9339
18,202,48,126,10,2,85.4735
18,202,48,127,10,2,86.0107
18,202,48,128,10,2,86.4879
18,202,48,129,10,2,87.1211
18,202,48,130,10,2,87.6522
18,204,48,101,10,2,47.03
18,204,48,102,10,2,52.25
18,204,48,103,10,2,58.54
18,204,48,104,10,2,63.82
18,204,48,105,10,2,67.68
18,204,48,106,10,2,70.31
18,204,48,107,10,2,72.1
18,204,48,108,10,2,73.18
18,204,48,109,10,2,74.09
18,204,48,110,10,2,75
18,204,48,111,10,2,75.85
18,204,48,112,10,2,76.7
18,204,48,113,10,2,77.46
18,204,48,114,10,2,78.22
18,204,48,115,10,2,77.9707
18,204,48,116,10,2,78.2558
18,204,48,117,10,2,78.7075
18,204,48,118,10,2,79.1864
18,204,48,119,10,2,79.5788
18,204,48,120,10,2,80.0297
18,204,48,121,10,2,80.4907
18,204,48,122,10,2,80.997
18,204,48,123,10,2,81.2951
18,204,48,124,10,2,81.7062
18,204,48,125,10,2,82.0701
18,204,48,126,10,2,82.5459
18,204,48,127,10,2,83.0054
18,204,48,128,10,2,83.4867
18,204,48,129,10,2,83.986
18,204,48,130,10,2,84.3143
18,203,48,101,10,2,47.03
18,203,48,102,10,2,52.25
18,203,48,103,10,2,58.54
18,203,48,104,10,2,63.82
18,203,48,105,10,2,67.68
18,203,48,106,10,2,70.31
18,203,48,107,10,2,72.1
18,203,48,108,10,2,73.18
18,203,48,109,10,2,74.09
18,203,48,110,10,2,75
18,203,48,111,10,2,75.85
18,203,48,112,10,2,76.7
18,203,48,113,10,2,77.46
18,203,48,114,10,2,78.22
18,203,48,115,10,2,79.849
18,203,48,116,10,2,80.8506
18,203,48,117,10,2,81.6766
18,203,48,118,10,2,82.523
18,203,48,119,10,2,83.3777
18,203,48,120,10,2,84.0615
18,203,48,121,10,2,84.7932
18,203,48,122,10,2,85.4862
18,203,48,123,10,2,86.1675
18,203,48,124,10,2,86.9065
18,203,48,125,10,2,87.5609
18,203,48,126,10,2,88.2751
18,203,48,127,10,2,88.8562
18,203,48,128,10,2,89.4898
18,203,48,129,10,2,90.0806
18,203,48,130,10,2,90.7747
18,207,48,101,10,2,47.03
18,207,48,102,10,2,52.25
18,207,48,103,10,2,58.54
18,207,48,104,10,2,63.82
18,207,48,105,10,2,67.68
18,207,48,106,10,2,70.31
18,207,48,107,10,2,72.1
18,207,48,108,10,2,73.18
18,207,48,109,10,2,74.09
18,207,48,110,10,2,75
18,207,48,111,10,2,75.85
18,207,48,112,10,2,76.7
18,207,48,113,10,2,77.46
18,207,48,114,10,2,78.22
18,207,48,115,10,2,77.4973
18,207,48,116,10,2,77.5992
18,207,48,117,10,2,77.875
18,207,48,118,10,2,78.216
18,207,48,119,10,2,78.4669
18,207,48,120,10,2,78.9792
18,207,48,121,10,2,79.3113
18,207,48,122,10,2,79.774
18,207,48,123,10,2,80.1467
18,207,48,124,10,2,80.5717
18,207,48,125,10,2,80.515
18,207,48,126,10,2,80.941
18,207,48,127,10,2,81.1938
18,207,48,128,10,2,81.7152
18,207,48,129,10,2,82.0196
18,207,48,130,10,2,82.1549
18,206,48,101,10,2,47.03
18,206,48,102,10,2,52.25
18,206,48,103,10,2,58.54
18,206,48,104,10,2,63.82
18,206,48,105,10,2,67.68
18,206,48,106,10,2,70.31
18,206,48,107,10,2,72.1
18,206,48,108,10,2,73.18
18,206,48,109,10,2,74.09
18,206,48,110,10,2,75
18,206,48,111,10,2,75.85
18,206,48,112,10,2,76.7
18,206,48,113,10,2,77.46
18,206,48,114,10,2,78.22
18,206,48,115,10,2,80.2478
18,206,48,116,10,2,81.3745
18,206,48,117,10,2,82.4136
18,206,48,118,10,2,83.3871
18,206,48,119,10,2,84.3061
18,206,48,120,10,2,85.1116
18,206,48,121,10,2,85.8521
18,206,48,122,10,2,86.7353
18,206,48,123,10,2,87.4821
18,206,48,124,10,2,88.1832
18,206,48,125,10,2,88.8432
18,206,48,126,10,2,89.7214
18,206,48,127,10,2,90.617
18,206,48,128,10,2,91.3986
18,206,48,129,10,2,91.9317
18,206,48,130,10,2,92.6891
18,8,48,101,10,2,47.03
18,8,48,102,10,2,52.25
18,8,48,103,10,2,58.54
18,8,48,104,10,2,63.82
18,8,48,105,10,2,67.68
18,8,48,106,10,2,70.31
18,8,48,107,10,2,72.1
18,8,48,108,10,2,73.18
18,8,48,109,10,2,74.09
18,8,48,110,10,2,75
18,8,48,111,10,2,75.85
18,8,48,112,10,2,76.7
18,8,48,113,10,2,77.46
18,8,48,114,10,2,78.22
18,8,48,115,10,2,78.22
18,8,48,116,10,2,78.22
18,8,48,117,10,2,78.22
18,8,48,118,10,2,78.22
18,8,48,119,10,2,78.22
18,8,48,120,10,2,78.22
18,8,48,121,10,2,78.22
18,8,48,122,10,2,78.22
18,8,48,123,10,2,78.22
18,8,48,124,10,2,78.22
18,8,48,125,10,2,78.22
18,8,48,126,10,2,78.22
18,8,48,127,10,2,78.22
18,8,48,128,10,2,78.22
18,8,48,129,10,2,78.22
18,8,48,130,10,2,78.22
18,202,196,101,10,2,68.72
18,202,196,102,10,2,70.75
18,202,196,103,10,2,72.47
18,202,196,104,10,2,73.94
18,202,196,105,10,2,75.21
18,202,196,106,10,2,76.33
18,202,196,107,10,2,77.32
18,202,196,108,10,2,78.2
18,202,196,109,10,2,79.01
18,202,196,110,10,2,79.75
18,202,196,111,10,2,80.45
18,202,196,112,10,2,81.1
18,202,196,113,10,2,82.17
18,202,196,114,10,2,82.84
18,202,196,115,10,2,83.5078
18,202,196,116,10,2,84.1771
18,202,196,117,10,2,84.8491
18,202,196,118,10,2,85.504
18,202,196,119,10,2,86.0614
18,202,196,120,10,2,86.6514
18,202,196,121,10,2,87.2895
18,202,196,122,10,2,87.8143
18,202,196,123,10,2,88.3443
18,202,196,124,10,2,88.9693
18,202,196,125,10,2,89.4966
18,202,196,126,10,2,90.1226
18,202,196,127,10,2,90.6972
18,202,196,128,10,2,91.2703
18,202,196,129,10,2,91.7908
18,202,196,130,10,2,92.3432
18,204,196,101,10,2,68.72
18,204,196,102,10,2,70.75
18,204,196,103,10,2,72.47
18,204,196,104,10,2,73.94
18,204,196,105,10,2,75.21
18,204,196,106,10,2,76.33
18,204,196,107,10,2,77.32
18,204,196,108,10,2,78.2
18,204,196,109,10,2,79.01
18,204,196,110,10,2,79.75
18,204,196,111,10,2,80.45
18,204,196,112,10,2,81.1
18,204,196,113,10,2,82.17
18,204,196,114,10,2,82.84
18,204,196,115,10,2,82.835
18,204,196,116,10,2,83.147
18,204,196,117,10,2,83.562
18,204,196,118,10,2,83.9964
18,204,196,119,10,2,84.3612
18,204,196,120,10,2,84.8321
18,204,196,121,10,2,85.2591
18,204,196,122,10,2,85.6609
18,204,196,123,10,2,86.1586
18,204,196,124,10,2,86.619
18,204,196,125,10,2,87.0956
18,204,196,126,10,2,87.5313
18,204,196,127,10,2,87.9424
18,204,196,128,10,2,88.3189
18,204,196,129,10,2,88.8158
18,204,196,130,10,2,89.1717
18,203,196,101,10,2,68.72
18,203,196,102,10,2,70.75
18,203,196,103,10,2,72.47
18,203,196,104,10,2,73.94
18,203,196,105,10,2,75.21
18,203,196,106,10,2,76.33
18,203,196,107,10,2,77.32
18,203,196,108,10,2,78.2
18,203,196,109,10,2,79.01
18,203,196,110,10,2,79.75
18,203,196,111,10,2,80.45
18,203,196,112,10,2,81.1
18,203,196,113,10,2,82.17
18,203,196,114,10,2,82.84
18,203,196,115,10,2,84.2714
18,203,196,116,10,2,85.2265
18,203,196,117,10,2,86.0483
18,203,196,118,10,2,86.8779
18,203,196,119,10,2,87.5648
18,203,196,120,10,2,88.4309
18,203,196,121,10,2,89.1492
18,203,196,122,10,2,89.8471
18,203,196,123,10,2,90.538
18,203,196,124,10,2,91.2783
18,203,196,125,10,2,92.0504
18,203,196,126,10,2,92.7349
18,203,196,127,10,2,93.3594
18,203,196,128,10,2,93.9962
18,203,196,129,10,2,94.6748
18,203,196,130,10,2,95.4239
18,207,196,101,10,2,68.72
18,207,196,102,10,2,70.75
18,207,196,103,10,2,72.47
18,207,196,104,10,2,73.94
18,207,196,105,10,2,75.21
18,207,196,106,10,2,76.33
18,207,196,107,10,2,77.32
18,207,196,108,10,2,78.2
18,207,196,109,10,2,79.01
18,207,196,110,10,2,79.75
18,207,196,111,10,2,80.45
18,207,196,112,10,2,81.1
18,207,196,113,10,2,82.17
18,207,196,114,10,2,82.84
18,207,196,115,10,2,82.4551
18,207,196,116,10,2,82.4913
18,207,196,117,10,2,82.8344
18,207,196,118,10,2,83.1152
18,207,196,119,10,2,83.5219
18,207,196,120,10,2,83.863
18,207,196,121,10,2,84.2777
18,207,196,122,10,2,84.7494
18,207,196,123,10,2,85.116
18,207,196,124,10,2,85.4435
18,207,196,125,10,2,85.7973
18,207,196,126,10,2,86.2491
18,207,196,127,10,2,86.4205
18,207,196,128,10,2,86.8041
18,207,196,129,10,2,87.1017
18,207,196,130,10,2,87.7433
18,206,196,101,10,2,68.72
18,206,196,102,10,2,70.75
18,206,196,103,10,2,72.47
18,206,196,104,10,2,73.94
18,206,196,105,10,2,75.21
18,206,196,106,10,2,76.33
18,206,196,107,10,2,77.32
18,206,196,108,10,2,78.2
18,206,196,109,10,2,79.01
18,206,196,110,10,2,79.75
18,206,196,111,10,2,80.45
18,206,196,112,10,2,81.1
18,206,196,113,10,2,82.17
18,206,196,114,10,2,82.84
18,206,196,115,10,2,84.5831
18,206,196,116,10,2,85.66
18,206,196,117,10,2,86.5659
18,206,196,118,10,2,87.7143
18,206,196,119,10,2,88.4438
18,206,196,120,10,2,89.2375
18,206,196,121,10,2,90.0902
18,206,196,122,10,2,90.8674
18,206,196,123,10,2,91.6835
18,206,196,124,10,2,92.5051
18,206,196,125,10,2,93.2837
18,206,196,126,10,2,94.1508
18,206,196,127,10,2,94.8402
18,206,196,128,10,2,95.5202
18,206,196,129,10,2,96.0736
18,206,196,130,10,2,96.7653
18,8,196,101,10,2,68.72
18,8,196,102,10,2,70.75
18,8,196,103,10,2,72.47
18,8,196,104,10,2,73.94
18,8,196,105,10,2,75.21
18,8,196,106,10,2,76.33
18,8,196,107,10,2,77.32
18,8,196,108,10,2,78.2
18,8,196,109,10,2,79.01
18,8,196,110,10,2,79.75
18,8,196,111,10,2,80.45
18,8,196,112,10,2,81.1
18,8,196,113,10,2,82.17
18,8,196,114,10,2,82.84
18,8,196,115,10,2,82.84
18,8,196,116,10,2,82.84
18,8,196,117,10,2,82.84
18,8,196,118,10,2,82.84
18,8,196,119,10,2,82.84
18,8,196,120,10,2,82.84
18,8,196,121,10,2,82.84
18,8,196,122,10,2,82.84
18,8,196,123,10,2,82.84
18,8,196,124,10,2,82.84
18,8,196,125,10,2,82.84
18,8,196,126,10,2,82.84
18,8,196,127,10,2,82.84
18,8,196,128,10,2,82.84
18,8,196,129,10,2,82.84
18,8,196,130,10,2,82.84
18,202,268,101,10,2,64.42
18,202,268,102,10,2,66.38
18,202,268,103,10,2,68.35
18,202,268,104,10,2,70.32
18,202,268,105,10,2,71.79
18,202,268,106,10,2,73.26
18,202,268,107,10,2,73.23
18,202,268,108,10,2,74.04
18,202,268,109,10,2,73.82
18,202,268,110,10,2,73.4
18,202,268,111,10,2,74.05
18,202,268,112,10,2,75.32
18,202,268,113,10,2,76.76
18,202,268,114,10,2,77.92
18,202,268,115,10,2,78.5554
18,202,268,116,10,2,79.2431
18,202,268,117,10,2,79.8466
18,202,268,118,10,2,80.4069
18,202,268,119,10,2,80.9682
18,202,268,120,10,2,81.5422
18,202,268,121,10,2,82.1782
18,202,268,122,10,2,82.7384
18,202,268,123,10,2,83.3229
18,202,268,124,10,2,83.8685
18,202,268,125,10,2,84.4172
18,202,268,126,10,2,84.9543
18,202,268,127,10,2,85.5895
18,202,268,128,10,2,86.1201
18,202,268,129,10,2,86.6145
18,202,268,130,10,2,87.1386
18,204,268,101,10,2,64.42
18,204,268,102,10,2,66.38
18,204,268,103,10,2,68.35
18,204,268,104,10,2,70.32
18,204,268,105,10,2,71.79
18,204,268,106,10,2,73.26
18,204,268,107,10,2,73.23
18,204,268,108,10,2,74.04
18,204,268,109,10,2,73.82
18,204,268,110,10,2,73.4
18,204,268,111,10,2,74.05
18,204,268,112,10,2,75.32
18,204,268,113,10,2,76.76
18,204,268,114,10,2,77.92
18,204,268,115,10,2,77.6706
18,204,268,116,10,2,77.9294
18,204,268,117,10,2,78.215
18,204,268,118,10,2,78.6307
18,204,268,119,10,2,79.0883
18,204,268,120,10,2,79.4831
18,204,268,121,10,2,79.9096
18,204,268,122,10,2,80.2398
18,204,268,123,10,2,80.7107
18,204,268,124,10,2,81.122
18,204,268,125,10,2,81.6355
18,204,268,126,10,2,82.0333
18,204,268,127,10,2,82.3628
18,204,268,128,10,2,82.7347
18,204,268,129,10,2,83.268
18,204,268,130,10,2,83.7367
18,203,268,101,10,2,64.42
18,203,268,102,10,2,66.38
18,203,268,103,10,2,68.35
18,203,268,104,10,2,70.32
18,203,268,105,10,2,71.79
18,203,268,106,10,2,73.26
18,203,268,107,10,2,73.23
18,203,268,108,10,2,74.04
18,203,268,109,10,2,73.82
18,203,268,110,10,2,73.4
18,203,268,111,10,2,74.05
18,203,268,112,10,2,75.32
18,203,268,113,10,2,76.76
18,203,268,114,10,2,77.92
18,203,268,115,10,2,79.4043
18,203,268,116,10,2,80.3787
18,203,268,117,10,2,81.3854
18,203,268,118,10,2,82.1541
18,203,268,119,10,2,82.9594
18,203,268,120,10,2,83.7692
18,203,268,121,10,2,84.4507
18,203,268,122,10,2,85.0438
18,203,268,123,10,2,85.7887
18,203,268,124,10,2,86.561
18,203,268,125,10,2,87.3009
18,203,268,126,10,2,88.0741
18,203,268,127,10,2,88.7165
18,203,268,128,10,2,89.3294
18,203,268,129,10,2,89.8953
18,203,268,130,10,2,90.4343
18,207,268,101,10,2,64.42
18,207,268,102,10,2,66.38
18,207,268,103,10,2,68.35
18,207,268,104,10,2,70.32
18,207,268,105,10,2,71.79
18,207,268,106,10,2,73.26
18,207,268,107,10,2,73.23
18,207,268,108,10,2,74.04
18,207,268,109,10,2,73.82
18,207,268,110,10,2,73.4
18,207,268,111,10,2,74.05
18,207,268,112,10,2,75.32
18,207,268,113,10,2,76.76
18,207,268,114,10,2,77.92
18,207,268,115,10,2,77.2807
18,207,268,116,10,2,77.2909
18,207,268,117,10,2,77.3792
18,207,268,118,10,2,77.6385
18,207,268,119,10,2,78.0729
18,207,268,120,10,2,78.3454
18,207,268,121,10,2,78.785
18,207,268,122,10,2,78.8411
18,207,268,123,10,2,79.4951
18,207,268,124,10,2,79.8772
18,207,268,125,10,2,80.2916
18,207,268,126,10,2,80.466
18,207,268,127,10,2,80.727
18,207,268,128,10,2,81.0251
18,207,268,129,10,2,81.4172
18,207,268,130,10,2,81.6807
18,206,268,101,10,2,64.42
18,206,268,102,10,2,66.38
18,206,268,103,10,2,68.35
18,206,268,104,10,2,70.32
18,206,268,105,10,2,71.79
18,206,268,106,10,2,73.26
18,206,268,107,10,2,73.23
18,206,268,108,10,2,74.04
18,206,268,109,10,2,73.82
18,206,268,110,10,2,73.4
18,206,268,111,10,2,74.05
18,206,268,112,10,2,75.32
18,206,268,113,10,2,76.76
18,206,268,114,10,2,77.92
18,206,268,115,10,2,79.9821
18,206,268,116,10,2,81.1693
18,206,268,117,10,2,82.1167
18,206,268,118,10,2,83.204
18,206,268,119,10,2,84.0357
18,206,268,120,10,2,84.8201
18,206,268,121,10,2,85.7505
18,206,268,122,10,2,86.3322
18,206,268,123,10,2,87.1402
18,206,268,124,10,2,87.9924
18,206,268,125,10,2,88.652
18,206,268,126,10,2,89.4184
18,206,268,127,10,2,90.1198
18,206,268,128,10,2,90.7
18,206,268,129,10,2,91.4888
18,206,268,130,10,2,92.065
18,8,268,101,10,2,64.42
18,8,268,102,10,2,66.38
18,8,268,103,10,2,68.35
18,8,268,104,10,2,70.32
18,8,268,105,10,2,71.79
18,8,268,106,10,2,73.26
18,8,268,107,10,2,73.23
18,8,268,108,10,2,74.04
18,8,268,109,10,2,73.82
18,8,268,110,10,2,73.4
18,8,268,111,10,2,74.05
18,8,268,112,10,2,75.32
18,8,268,113,10,2,76.76
18,8,268,114,10,2,77.92
18,8,268,115,10,2,77.92
18,8,268,116,10,2,77.92
18,8,268,117,10,2,77.92
18,8,268,118,10,2,77.92
18,8,268,119,10,2,77.92
18,8,268,120,10,2,77.92
18,8,268,121,10,2,77.92
18,8,268,122,10,2,77.92
18,8,268,123,10,2,77.92
18,8,268,124,10,2,77.92
18,8,268,125,10,2,77.92
18,8,268,126,10,2,77.92
18,8,268,127,10,2,77.92
18,8,268,128,10,2,77.92
18,8,268,129,10,2,77.92
18,8,268,130,10,2,77.92
18,202,368,101,10,2,38.88
18,202,368,102,10,2,44.8
18,202,368,103,10,2,50.27
18,202,368,104,10,2,55.93
18,202,368,105,10,2,59.51
18,202,368,106,10,2,62.11
18,202,368,107,10,2,65.85
18,202,368,108,10,2,68.32
18,202,368,109,10,2,70.46
18,202,368,110,10,2,71.87
18,202,368,111,10,2,71.06
18,202,368,112,10,2,71.33
18,202,368,113,10,2,71.64
18,202,368,114,10,2,72.42
18,202,368,115,10,2,73.2914
18,202,368,116,10,2,74.0761
18,202,368,117,10,2,74.8688
18,202,368,118,10,2,75.5581
18,202,368,119,10,2,76.2713
18,202,368,120,10,2,76.8328
18,202,368,121,10,2,77.4849
18,202,368,122,10,2,78.1142
18,202,368,123,10,2,78.7674
18,202,368,124,10,2,79.3518
18,202,368,125,10,2,79.8935
18,202,368,126,10,2,80.5142
18,202,368,127,10,2,81.1017
18,202,368,128,10,2,81.6896
18,202,368,129,10,2,82.2455
18,202,368,130,10,2,82.8394
18,204,368,101,10,2,38.88
18,204,368,102,10,2,44.8
18,204,368,103,10,2,50.27
18,204,368,104,10,2,55.93
18,204,368,105,10,2,59.51
18,204,368,106,10,2,62.11
18,204,368,107,10,2,65.85
18,204,368,108,10,2,68.32
18,204,368,109,10,2,70.46
18,204,368,110,10,2,71.87
18,204,368,111,10,2,71.06
18,204,368,112,10,2,71.33
18,204,368,113,10,2,71.64
18,204,368,114,10,2,72.42
18,204,368,115,10,2,72.1819
18,204,368,116,10,2,72.4695
18,204,368,117,10,2,72.9121
18,204,368,118,10,2,73.3528
18,204,368,119,10,2,73.8973
18,204,368,120,10,2,74.325
18,204,368,121,10,2,74.8232
18,204,368,122,10,2,75.4306
18,204,368,123,10,2,76.0267
18,204,368,124,10,2,76.498
18,204,368,125,10,2,76.8219
18,204,368,126,10,2,77.3504
18,204,368,127,10,2,77.6684
18,204,368,128,10,2,78.1267
18,204,368,129,10,2,78.5328
18,204,368,130,10,2,78.9932
18,203,368,101,10,2,38.88
18,203,368,102,10,2,44.8
18,203,368,103,10,2,50.27
18,203,368,104,10,2,55.93
18,203,368,105,10,2,59.51
18,203,368,106,10,2,62.11
18,203,368,107,10,2,65.85
18,203,368,108,10,2,68.32
18,203,368,109,10,2,70.46
18,203,368,110,10,2,71.87
18,203,368,111,10,2,71.06
18,203,368,112,10,2,71.33
18,203,368,113,10,2,71.64
18,203,368,114,10,2,72.42
18,203,368,115,10,2,74.3224
18,203,368,116,10,2,75.5598
18,203,368,117,10,2,76.6283
18,203,368,118,10,2,77.5252
18,203,368,119,10,2,78.3673
18,203,368,120,10,2,79.1809
18,203,368,121,10,2,79.9751
18,203,368,122,10,2,80.6652
18,203,368,123,10,2,81.4601
18,203,368,124,10,2,82.1557
18,203,368,125,10,2,82.8302
18,203,368,126,10,2,83.5525
18,203,368,127,10,2,84.2396
18,203,368,128,10,2,84.9314
18,203,368,129,10,2,85.6249
18,203,368,130,10,2,86.2476
18,207,368,101,10,2,38.88
18,207,368,102,10,2,44.8
18,207,368,103,10,2,50.27
18,207,368,104,10,2,55.93
18,207,368,105,10,2,59.51
18,207,368,106,10,2,62.11
18,207,368,107,10,2,65.85
18,207,368,108,10,2,68.32
18,207,368,109,10,2,70.46
18,207,368,110,10,2,71.87
18,207,368,111,10,2,71.06
18,207,368,112,10,2,71.33
18,207,368,113,10,2,71.64
18,207,368,114,10,2,72.42
18,207,368,115,10,2,71.6272
18,207,368,116,10,2,71.7098
18,207,368,117,10,2,71.8552
18,207,368,118,10,2,72.1587
18,207,368,119,10,2,72.5592
18,207,368,120,10,2,73.1286
18,207,368,121,10,2,73.6318
18,207,368,122,10,2,74.0889
18,207,368,123,10,2,74.3232
18,207,368,124,10,2,74.8009
18,207,368,125,10,2,75.3774
18,207,368,126,10,2,75.5039
18,207,368,127,10,2,75.877
18,207,368,128,10,2,76.1584
18,207,368,129,10,2,76.7542
18,207,368,130,10,2,77.0266
18,206,368,101,10,2,38.88
18,206,368,102,10,2,44.8
18,206,368,103,10,2,50.27
18,206,368,104,10,2,55.93
18,206,368,105,10,2,59.51
18,206,368,106,10,2,62.11
18,206,368,107,10,2,65.85
18,206,368,108,10,2,68.32
18,206,368,109,10,2,70.46
18,206,368,110,10,2,71.87
18,206,368,111,10,2,71.06
18,206,368,112,10,2,71.33
18,206,368,113,10,2,71.64
18,206,368,114,10,2,72.42
18,206,368,115,10,2,74.9609
18,206,368,116,10,2,76.401
18,206,368,117,10,2,77.3608
18,206,368,118,10,2,78.4108
18,206,368,119,10,2,79.3139
18,206,368,120,10,2,80.39
18,206,368,121,10,2,81.4058
18,206,368,122,10,2,82.1263
18,206,368,123,10,2,82.8181
18,206,368,124,10,2,83.6405
18,206,368,125,10,2,84.3076
18,206,368,126,10,2,85.1805
18,206,368,127,10,2,85.718
18,206,368,128,10,2,86.3408
18,206,368,129,10,2,86.9808
18,206,368,130,10,2,87.8151
18,8,368,101,10,2,38.88
18,8,368,102,10,2,44.8
18,8,368,103,10,2,50.27
18,8,368,104,10,2,55.93
18,8,368,105,10,2,59.51
18,8,368,106,10,2,62.11
18,8,368,107,10,2,65.85
18,8,368,108,10,2,68.32
18,8,368,109,10,2,70.46
18,8,368,110,10,2,71.87
18,8,368,111,10,2,71.06
18,8,368,112,10,2,71.33
18,8,368,113,10,2,71.64
18,8,368,114,10,2,72.42
18,8,368,115,10,2,72.42
18,8,368,116,10,2,72.42
18,8,368,117,10,2,72.42
18,8,368,118,10,2,72.42
18,8,368,119,10,2,72.42
18,8,368,120,10,2,72.42
18,8,368,121,10,2,72.42
18,8,368,122,10,2,72.42
18,8,368,123,10,2,72.42
18,8,368,124,10,2,72.42
18,8,368,125,10,2,72.42
18,8,368,126,10,2,72.42
18,8,368,127,10,2,72.42
18,8,368,128,10,2,72.42
18,8,368,129,10,2,72.42
18,8,368,130,10,2,72.42
18,202,376,101,10,2,70.31
18,202,376,102,10,2,71.52
18,202,376,103,10,2,72.5
18,202,376,104,10,2,73.35
18,202,376,105,10,2,74.22
18,202,376,106,10,2,75.22
18,202,376,107,10,2,76.38
18,202,376,108,10,2,77.77
18,202,376,109,10,2,79.04
18,202,376,110,10,2,80.31
18,202,376,111,10,2,81.58
18,202,376,112,10,2,82.77
18,202,376,113,10,2,83.66
18,202,376,114,10,2,84.32
18,202,376,115,10,2,84.9272
18,202,376,116,10,2,85.544
18,202,376,117,10,2,86.1364
18,202,376,118,10,2,86.7582
18,202,376,119,10,2,87.412
18,202,376,120,10,2,87.941
18,202,376,121,10,2,88.5884
18,202,376,122,10,2,89.2079
18,202,376,123,10,2,89.754
18,202,376,124,10,2,90.4343
18,202,376,125,10,2,91.0701
18,202,376,126,10,2,91.626
18,202,376,127,10,2,92.2397
18,202,376,128,10,2,92.824
18,202,376,129,10,2,93.3662
18,202,376,130,10,2,93.8803
18,204,376,101,10,2,70.31
18,204,376,102,10,2,71.52
18,204,376,103,10,2,72.5
18,204,376,104,10,2,73.35
18,204,376,105,10,2,74.22
18,204,376,106,10,2,75.22
18,204,376,107,10,2,76.38
18,204,376,108,10,2,77.77
18,204,376,109,10,2,79.04
18,204,376,110,10,2,80.31
18,204,376,111,10,2,81.58
18,204,376,112,10,2,82.77
18,204,376,113,10,2,83.66
18,204,376,114,10,2,84.32
18,204,376,115,10,2,84.2523
18,204,376,116,10,2,84.578
18,204,376,117,10,2,84.9506
18,204,376,118,10,2,85.2711
18,204,376,119,10,2,85.7405
18,204,376,120,10,2,86.2089
18,204,376,121,10,2,86.6219
18,204,376,122,10,2,87.0578
18,204,376,123,10,2,87.5889
18,204,376,124,10,2,88.0708
18,204,376,125,10,2,88.4375
18,204,376,126,10,2,88.9561
18,204,376,127,10,2,89.4806
18,204,376,128,10,2,89.9699
18,204,376,129,10,2,90.4612
18,204,376,130,10,2,90.8743
18,203,376,101,10,2,70.31
18,203,376,102,10,2,71.52
18,203,376,103,10,2,72.5
18,203,376,104,10,2,73.35
18,203,376,105,10,2,74.22
18,203,376,106,10,2,75.22
18,203,376,107,10,2,76.38
18,203,376,108,10,2,77.77
18,203,376,109,10,2,79.04
18,203,376,110,10,2,80.31
18,203,376,111,10,2,81.58
18,203,376,112,10,2,82.77
18,203,376,113,10,2,83.66
18,203,376,114,10,2,84.32
18,203,376,115,10,2,85.6321
18,203,376,116,10,2,86.4941
18,203,376,117,10,2,87.4031
18,203,376,118,10,2,88.1533
18,203,376,119,10,2,89.0471
18,203,376,120,10,2,89.8129
18,203,376,121,10,2,90.5019
18,203,376,122,10,2,91.2575
18,203,376,123,10,2,91.9965
18,203,376,124,10,2,92.6876
18,203,376,125,10,2,93.4952
18,203,376,126,10,2,94.0885
18,203,376,127,10,2,94.8393
18,203,376,128,10,2,95.588
18,203,376,129,10,2,96.2779
18,203,376,130,10,2,97.0236
18,207,376,101,10,2,70.31
18,207,376,102,10,2,71.52
18,207,376,103,10,2,72.5
18,207,376,104,10,2,73.35
18,207,376,105,10,2,74.22
18,207,376,106,10,2,75.22
18,207,376,107,10,2,76.38
18,207,376,108,10,2,77.77
18,207,376,109,10,2,79.04
18,207,376,110,10,2,80.31
18,207,376,111,10,2,81.58
18,207,376,112,10,2,82.77
18,207,376,113,10,2,83.66
18,207,376,114,10,2,84.32
18,207,376,115,10,2,83.8708
18,207,376,116,10,2,84.1116
18,207,376,117,10,2,84.2901
18,207,376,118,10,2,84.5875
18,207,376,119,10,2,84.9133
18,207,376,120,10,2,85.2689
18,207,376,121,10,2,85.7555
18,207,376,122,10,2,86.0345
18,207,376,123,10,2,86.3042
18,207,376,124,10,2,86.7825
18,207,376,125,10,2,87.111
18,207,376,126,10,2,87.6716
18,207,376,127,10,2,88.0681
18,207,376,128,10,2,88.5189
18,207,376,129,10,2,88.9824
18,207,376,130,10,2,89.4347
18,206,376,101,10,2,70.31
18,206,376,102,10,2,71.52
18,206,376,103,10,2,72.5
18,206,376,104,10,2,73.35
18,206,376,105,10,2,74.22
18,206,376,106,10,2,75.22
18,206,376,107,10,2,76.38
18,206,376,108,10,2,77.77
18,206,376,109,10,2,79.04
18,206,376,110,10,2,80.31
18,206,376,111,10,2,81.58
18,206,376,112,10,2,82.77
18,206,376,113,10,2,83.66
18,206,376,114,10,2,84.32
18,206,376,115,10,2,86.009
18,206,376,116,10,2,87.1054
18,206,376,117,10,2,88.1156
18,206,376,118,10,2,88.9297
18,206,376,119,10,2,89.8705
18,206,376,120,10,2,90.6787
18,206,376,121,10,2,91.5663
18,206,376,122,10,2,92.364
18,206,376,123,10,2,92.9248
18,206,376,124,10,2,93.7408
18,206,376,125,10,2,94.5213
18,206,376,126,10,2,95.2231
18,206,376,127,10,2,96.0253
18,206,376,128,10,2,96.6907
18,206,376,129,10,2,97.4336
18,206,376,130,10,2,98.5132
18,8,376,101,10,2,70.31
18,8,376,102,10,2,71.52
18,8,376,103,10,2,72.5
18,8,376,104,10,2,73.35
18,8,376,105,10,2,74.22
18,8,376,106,10,2,75.22
18,8,376,107,10,2,76.38
18,8,376,108,10,2,77.77
18,8,376,109,10,2,79.04
18,8,376,110,10,2,80.31
18,8,376,111,10,2,81.58
18,8,376,112,10,2,82.77
18,8,376,113,10,2,83.66
18,8,376,114,10,2,84.32
18,8,376,115,10,2,84.32
18,8,376,116,10,2,84.32
18,8,376,117,10,2,84.32
18,8,376,118,10,2,84.32
18,8,376,119,10,2,84.32
18,8,376,120,10,2,84.32
18,8,376,121,10,2,84.32
18,8,376,122,10,2,84.32
18,8,376,123,10,2,84.32
18,8,376,124,10,2,84.32
18,8,376,125,10,2,84.32
18,8,376,126,10,2,84.32
18,8,376,127,10,2,84.32
18,8,376,128,10,2,84.32
18,8,376,129,10,2,84.32
18,8,376,130,10,2,84.32
18,202,400,101,10,2,45.91
18,202,400,102,10,2,50.67
18,202,400,103,10,2,55.09
18,202,400,104,10,2,59.28
18,202,400,105,10,2,63.04
18,202,400,106,10,2,66.35
18,202,400,107,10,2,68.76
18,202,400,108,10,2,70.64
18,202,400,109,10,2,71.91
18,202,400,110,10,2,72.77
18,202,400,111,10,2,73.75
18,202,400,112,10,2,74.63
18,202,400,113,10,2,75.52
18,202,400,114,10,2,76.09
18,202,400,115,10,2,76.8341
18,202,400,116,10,2,77.5566
18,202,400,117,10,2,78.2537
18,202,400,118,10,2,78.9842
18,202,400,119,10,2,79.5338
18,202,400,120,10,2,80.2458
18,202,400,121,10,2,80.8762
18,202,400,122,10,2,81.4785
18,202,400,123,10,2,82.0708
18,202,400,124,10,2,82.6776
18,202,400,125,10,2,83.2193
18,202,400,126,10,2,83.744
18,202,400,127,10,2,84.3788
18,202,400,128,10,2,84.8827
18,202,400,129,10,2,85.4336
18,202,400,130,10,2,86.0431
18,204,400,101,10,2,45.91
18,204,400,102,10,2,50.67
18,204,400,103,10,2,55.09
18,204,400,104,10,2,59.28
18,204,400,105,10,2,63.04
18,204,400,106,10,2,66.35
18,204,400,107,10,2,68.76
18,204,400,108,10,2,70.64
18,204,400,109,10,2,71.91
18,204,400,110,10,2,72.77
18,204,400,111,10,2,73.75
18,204,400,112,10,2,74.63
18,204,400,113,10,2,75.52
18,204,400,114,10,2,76.09
18,204,400,115,10,2,75.8595
18,204,400,116,10,2,76.2512
18,204,400,117,10,2,76.7291
18,204,400,118,10,2,77.0722
18,204,400,119,10,2,77.4549
18,204,400,120,10,2,77.9805
18,204,400,121,10,2,78.4753
18,204,400,122,10,2,78.8904
18,204,400,123,10,2,79.2344
18,204,400,124,10,2,79.6927
18,204,400,125,10,2,80.083
18,204,400,126,10,2,80.6049
18,204,400,127,10,2,80.9941
18,204,400,128,10,2,81.4683
18,204,400,129,10,2,81.8761
18,204,400,130,10,2,82.3806
18,203,400,101,10,2,45.91
18,203,400,102,10,2,50.67
18,203,400,103,10,2,55.09
18,203,400,104,10,2,59.28
18,203,400,105,10,2,63.04
18,203,400,106,10,2,66.35
18,203,400,107,10,2,68.76
18,203,400,108,10,2,70.64
18,203,400,109,10,2,71.91
18,203,400,110,10,2,72.77
18,203,400,111,10,2,73.75
18,203,400,112,10,2,74.63
18,203,400,113,10,2,75.52
18,203,400,114,10,2,76.09
18,203,400,115,10,2,77.851
18,203,400,116,10,2,78.8918
18,203,400,117,10,2,79.8363
18,203,400,118,10,2,80.6481
18,203,400,119,10,2,81.5617
18,203,400,120,10,2,82.434
18,203,400,121,10,2,83.204
18,203,400,122,10,2,83.8376
18,203,400,123,10,2,84.6082
18,203,400,124,10,2,85.3822
18,203,400,125,10,2,86.0638
18,203,400,126,10,2,86.6032
18,203,400,127,10,2,87.312
18,203,400,128,10,2,87.989
18,203,400,129,10,2,88.6151
18,203,400,130,10,2,89.3324
18,207,400,101,10,2,45.91
18,207,400,102,10,2,50.67
18,207,400,103,10,2,55.09
18,207,400,104,10,2,59.28
18,207,400,105,10,2,63.04
18,207,400,106,10,2,66.35
18,207,400,107,10,2,68.76
18,207,400,108,10,2,70.64
18,207,400,109,10,2,71.91
18,207,400,110,10,2,72.77
18,207,400,111,10,2,73.75
18,207,400,112,10,2,74.63
18,207,400,113,10,2,75.52
18,207,400,114,10,2,76.09
18,207,400,115,10,2,75.4246
18,207,400,116,10,2,75.5558
18,207,400,117,10,2,75.8745
18,207,400,118,10,2,76.0868
18,207,400,119,10,2,76.541
18,207,400,120,10,2,76.874
18,207,400,121,10,2,77.2936
18,207,400,122,10,2,77.5194
18,207,400,123,10,2,77.6884
18,207,400,124,10,2,78.1092
18,207,400,125,10,2,78.1778
18,207,400,126,10,2,78.6508
18,207,400,127,10,2,78.7163
18,207,400,128,10,2,78.9893
18,207,400,129,10,2,79.4716
18,207,400,130,10,2,79.9308
18,206,400,101,10,2,45.91
18,206,400,102,10,2,50.67
18,206,400,103,10,2,55.09
18,206,400,104,10,2,59.28
18,206,400,105,10,2,63.04
18,206,400,106,10,2,66.35
18,206,400,107,10,2,68.76
18,206,400,108,10,2,70.64
18,206,400,109,10,2,71.91
18,206,400,110,10,2,72.77
18,206,400,111,10,2,73.75
18,206,400,112,10,2,74.63
18,206,400,113,10,2,75.52
18,206,400,114,10,2,76.09
18,206,400,115,10,2,78.2712
18,206,400,116,10,2,79.5047
18,206,400,117,10,2,80.5827
18,206,400,118,10,2,81.5846
18,206,400,119,10,2,82.5423
18,206,400,120,10,2,83.3905
18,206,400,121,10,2,84.2224
18,206,400,122,10,2,85.1215
18,206,400,123,10,2,85.8967
18,206,400,124,10,2,86.7508
18,206,400,125,10,2,87.4988
18,206,400,126,10,2,88.3826
18,206,400,127,10,2,89.0583
18,206,400,128,10,2,89.6094
18,206,400,129,10,2,90.347
18,206,400,130,10,2,91.1273
18,8,400,101,10,2,45.91
18,8,400,102,10,2,50.67
18,8,400,103,10,2,55.09
18,8,400,104,10,2,59.28
18,8,400,105,10,2,63.04
18,8,400,106,10,2,66.35
18,8,400,107,10,2,68.76
18,8,400,108,10,2,70.64
18,8,400,109,10,2,71.91
18,8,400,110,10,2,72.77
18,8,400,111,10,2,73.75
18,8,400,112,10,2,74.63
18,8,400,113,10,2,75.52
18,8,400,114,10,2,76.09
18,8,400,115,10,2,76.09
18,8,400,116,10,2,76.09
18,8,400,117,10,2,76.09
18,8,400,118,10,2,76.09
18,8,400,119,10,2,76.09
18,8,400,120,10,2,76.09
18,8,400,121,10,2,76.09
18,8,400,122,10,2,76.09
18,8,400,123,10,2,76.09
18,8,400,124,10,2,76.09
18,8,400,125,10,2,76.09
18,8,400,126,10,2,76.09
18,8,400,127,10,2,76.09
18,8,400,128,10,2,76.09
18,8,400,129,10,2,76.09
18,8,400,130,10,2,76.09
18,202,414,101,10,2,54.96
18,202,414,102,10,2,58.93
18,202,414,103,10,2,62.88
18,202,414,104,10,2,66.24
18,202,414,105,10,2,68.57
18,202,414,106,10,2,70.42
18,202,414,107,10,2,72.04
18,202,414,108,10,2,73.04
18,202,414,109,10,2,73.7
18,202,414,110,10,2,74.12
18,202,414,111,10,2,74.49
18,202,414,112,10,2,74.92
18,202,414,113,10,2,75.92
18,202,414,114,10,2,76.38
18,202,414,115,10,2,77.0617
18,202,414,116,10,2,77.7578
18,202,414,117,10,2,78.4506
18,202,414,118,10,2,79.0829
18,202,414,119,10,2,79.7134
18,202,414,120,10,2,80.3269
18,202,414,121,10,2,80.9785
18,202,414,122,10,2,81.5106
18,202,414,123,10,2,82.0659
18,202,414,124,10,2,82.6603
18,202,414,125,10,2,83.214
18,202,414,126,10,2,83.7314
18,202,414,127,10,2,84.2123
18,202,414,128,10,2,84.696
18,202,414,129,10,2,85.3113
18,202,414,130,10,2,85.7872
18,204,414,101,10,2,54.96
18,204,414,102,10,2,58.93
18,204,414,103,10,2,62.88
18,204,414,104,10,2,66.24
18,204,414,105,10,2,68.57
18,204,414,106,10,2,70.42
18,204,414,107,10,2,72.04
18,204,414,108,10,2,73.04
18,204,414,109,10,2,73.7
18,204,414,110,10,2,74.12
18,204,414,111,10,2,74.49
18,204,414,112,10,2,74.92
18,204,414,113,10,2,75.92
18,204,414,114,10,2,76.38
18,204,414,115,10,2,76.128
18,204,414,116,10,2,76.3615
18,204,414,117,10,2,76.6895
18,204,414,118,10,2,77.193
18,204,414,119,10,2,77.5986
18,204,414,120,10,2,78.0196
18,204,414,121,10,2,78.417
18,204,414,122,10,2,78.8368
18,204,414,123,10,2,79.3313
18,204,414,124,10,2,79.6618
18,204,414,125,10,2,80.1273
18,204,414,126,10,2,80.6033
18,204,414,127,10,2,80.912
18,204,414,128,10,2,81.3192
18,204,414,129,10,2,81.7326
18,204,414,130,10,2,82.2294
18,203,414,101,10,2,54.96
18,203,414,102,10,2,58.93
18,203,414,103,10,2,62.88
18,203,414,104,10,2,66.24
18,203,414,105,10,2,68.57
18,203,414,106,10,2,70.42
18,203,414,107,10,2,72.04
18,203,414,108,10,2,73.04
18,203,414,109,10,2,73.7
18,203,414,110,10,2,74.12
18,203,414,111,10,2,74.49
18,203,414,112,10,2,74.92
18,203,414,113,10,2,75.92
18,203,414,114,10,2,76.38
18,203,414,115,10,2,77.9747
18,203,414,116,10,2,79.0297
18,203,414,117,10,2,80.0044
18,203,414,118,10,2,80.8696
18,203,414,119,10,2,81.649
18,203,414,120,10,2,82.446
18,203,414,121,10,2,83.1353
18,203,414,122,10,2,83.8231
18,203,414,123,10,2,84.4318
18,203,414,124,10,2,85.0746
18,203,414,125,10,2,85.847
18,203,414,126,10,2,86.5057
18,203,414,127,10,2,87.3212
18,203,414,128,10,2,87.8616
18,203,414,129,10,2,88.5713
18,203,414,130,10,2,89.1006
18,207,414,101,10,2,54.96
18,207,414,102,10,2,58.93
18,207,414,103,10,2,62.88
18,207,414,104,10,2,66.24
18,207,414,105,10,2,68.57
18,207,414,106,10,2,70.42
18,207,414,107,10,2,72.04
18,207,414,108,10,2,73.04
18,207,414,109,10,2,73.7
18,207,414,110,10,2,74.12
18,207,414,111,10,2,74.49
18,207,414,112,10,2,74.92
18,207,414,113,10,2,75.92
18,207,414,114,10,2,76.38
18,207,414,115,10,2,75.656
18,207,414,116,10,2,75.5193
18,207,414,117,10,2,75.7054
18,207,414,118,10,2,76.0873
18,207,414,119,10,2,76.3218
18,207,414,120,10,2,76.8046
18,207,414,121,10,2,77.0833
18,207,414,122,10,2,77.6039
18,207,414,123,10,2,77.8268
18,207,414,124,10,2,78.2166
18,207,414,125,10,2,78.4662
18,207,414,126,10,2,78.7324
18,207,414,127,10,2,79.2128
18,207,414,128,10,2,79.5512
18,207,414,129,10,2,79.6476
18,207,414,130,10,2,79.9183
18,206,414,101,10,2,54.96
18,206,414,102,10,2,58.93
18,206,414,103,10,2,62.88
18,206,414,104,10,2,66.24
18,206,414,105,10,2,68.57
18,206,414,106,10,2,70.42
18,206,414,107,10,2,72.04
18,206,414,108,10,2,73.04
18,206,414,109,10,2,73.7
18,206,414,110,10,2,74.12
18,206,414,111,10,2,74.49
18,206,414,112,10,2,74.92
18,206,414,113,10,2,75.92
18,206,414,114,10,2,76.38
18,206,414,115,10,2,78.4621
18,206,414,116,10,2,79.6667
18,206,414,117,10,2,80.6497
18,206,414,118,10,2,81.6007
18,206,414,119,10,2,82.4436
18,206,414,120,10,2,83.3683
18,206,414,121,10,2,84.3772
18,206,414,122,10,2,85.0136
18,206,414,123,10,2,85.9622
18,206,414,124,10,2,86.5732
18,206,414,125,10,2,87.2807
18,206,414,126,10,2,87.9214
18,206,414,127,10,2,88.8665
18,206,414,128,10,2,89.4537
18,206,414,129,10,2,90.0895
18,206,414,130,10,2,90.9432
18,8,414,101,10,2,54.96
18,8,414,102,10,2,58.93
18,8,414,103,10,2,62.88
18,8,414,104,10,2,66.24
18,8,414,105,10,2,68.57
18,8,414,106,10,2,70.42
18,8,414,107,10,2,72.04
18,8,414,108,10,2,73.04
18,8,414,109,10,2,73.7
18,8,414,110,10,2,74.12
18,8,414,111,10,2,74.49
18,8,414,112,10,2,74.92
18,8,414,113,10,2,75.92
18,8,414,114,10,2,76.38
18,8,414,115,10,2,76.38
18,8,414,116,10,2,76.38
18,8,414,117,10,2,76.38
18,8,414,118,10,2,76.38
18,8,414,119,10,2,76.38
18,8,414,120,10,2,76.38
18,8,414,121,10,2,76.38
18,8,414,122,10,2,76.38
18,8,414,123,10,2,76.38
18,8,414,124,10,2,76.38
18,8,414,125,10,2,76.38
18,8,414,126,10,2,76.38
18,8,414,127,10,2,76.38
18,8,414,128,10,2,76.38
18,8,414,129,10,2,76.38
18,8,414,130,10,2,76.38
18,202,422,101,10,2,62.17
18,202,422,102,10,2,64.22
18,202,422,103,10,2,65.83
18,202,422,104,10,2,67.17
18,202,422,105,10,2,68.55
18,202,422,106,10,2,69.43
18,202,422,107,10,2,70.12
18,202,422,108,10,2,71.26
18,202,422,109,10,2,72.54
18,202,422,110,10,2,74.81
18,202,422,111,10,2,77.44
18,202,422,112,10,2,79.73
18,202,422,113,10,2,80.61
18,202,422,114,10,2,80.77
18,202,422,115,10,2,81.4509
18,202,422,116,10,2,82.1251
18,202,422,117,10,2,82.8312
18,202,422,118,10,2,83.5773
18,202,422,119,10,2,84.2226
18,202,422,120,10,2,84.8139
18,202,422,121,10,2,85.3773
18,202,422,122,10,2,86.0165
18,202,422,123,10,2,86.5669
18,202,422,124,10,2,87.0991
18,202,422,125,10,2,87.7989
18,202,422,126,10,2,88.3134
18,202,422,127,10,2,88.9081
18,202,422,128,10,2,89.4513
18,202,422,129,10,2,90.0286
18,202,422,130,10,2,90.5558
18,204,422,101,10,2,62.17
18,204,422,102,10,2,64.22
18,204,422,103,10,2,65.83
18,204,422,104,10,2,67.17
18,204,422,105,10,2,68.55
18,204,422,106,10,2,69.43
18,204,422,107,10,2,70.12
18,204,422,108,10,2,71.26
18,204,422,109,10,2,72.54
18,204,422,110,10,2,74.81
18,204,422,111,10,2,77.44
18,204,422,112,10,2,79.73
18,204,422,113,10,2,80.61
18,204,422,114,10,2,80.77
18,204,422,115,10,2,80.6745
18,204,422,116,10,2,81.0838
18,204,422,117,10,2,81.5414
18,204,422,118,10,2,82.0159
18,204,422,119,10,2,82.4146
18,204,422,120,10,2,82.9649
18,204,422,121,10,2,83.4199
18,204,422,122,10,2,83.848
18,204,422,123,10,2,84.256
18,204,422,124,10,2,84.8404
18,204,422,125,10,2,85.2468
18,204,422,126,10,2,85.7099
18,204,422,127,10,2,86.2537
18,204,422,128,10,2,86.6759
18,204,422,129,10,2,87.1178
18,204,422,130,10,2,87.6791
18,203,422,101,10,2,62.17
18,203,422,102,10,2,64.22
18,203,422,103,10,2,65.83
18,203,422,104,10,2,67.17
18,203,422,105,10,2,68.55
18,203,422,106,10,2,69.43
18,203,422,107,10,2,70.12
18,203,422,108,10,2,71.26
18,203,422,109,10,2,72.54
18,203,422,110,10,2,74.81
18,203,422,111,10,2,77.44
18,203,422,112,10,2,79.73
18,203,422,113,10,2,80.61
18,203,422,114,10,2,80.77
18,203,422,115,10,2,82.2015
18,203,422,116,10,2,83.3036
18,203,422,117,10,2,84.1435
18,203,422,118,10,2,84.9332
18,203,422,119,10,2,85.8197
18,203,422,120,10,2,86.5815
18,203,422,121,10,2,87.3153
18,203,422,122,10,2,88.1029
18,203,422,123,10,2,88.7191
18,203,422,124,10,2,89.4142
18,203,422,125,10,2,90.165
18,203,422,126,10,2,90.9555
18,203,422,127,10,2,91.5643
18,203,422,128,10,2,92.1545
18,203,422,129,10,2,92.9347
18,203,422,130,10,2,93.6036
18,207,422,101,10,2,62.17
18,207,422,102,10,2,64.22
18,207,422,103,10,2,65.83
18,207,422,104,10,2,67.17
18,207,422,105,10,2,68.55
18,207,422,106,10,2,69.43
18,207,422,107,10,2,70.12
18,207,422,108,10,2,71.26
18,207,422,109,10,2,72.54
18,207,422,110,10,2,74.81
18,207,422,111,10,2,77.44
18,207,422,112,10,2,79.73
18,207,422,113,10,2,80.61
18,207,422,114,10,2,80.77
18,207,422,115,10,2,80.2695
18,207,422,116,10,2,80.6315
18,207,422,117,10,2,80.8856
18,207,422,118,10,2,81.3083
18,207,422,119,10,2,81.5783
18,207,422,120,10,2,81.7997
18,207,422,121,10,2,82.1871
18,207,422,122,10,2,82.5764
18,207,422,123,10,2,83.1241
18,207,422,124,10,2,83.5861
18,207,422,125,10,2,84.144
18,207,422,126,10,2,84.6113
18,207,422,127,10,2,85.0222
18,207,422,128,10,2,85.4302
18,207,422,129,10,2,85.916
18,207,422,130,10,2,86.3392
18,206,422,101,10,2,62.17
18,206,422,102,10,2,64.22
18,206,422,103,10,2,65.83
18,206,422,104,10,2,67.17
18,206,422,105,10,2,68.55
18,206,422,106,10,2,69.43
18,206,422,107,10,2,70.12
18,206,422,108,10,2,71.26
18,206,422,109,10,2,72.54
18,206,422,110,10,2,74.81
18,206,422,111,10,2,77.44
18,206,422,112,10,2,79.73
18,206,422,113,10,2,80.61
18,206,422,114,10,2,80.77
18,206,422,115,10,2,82.7474
18,206,422,116,10,2,83.9103
18,206,422,117,10,2,84.9423
18,206,422,118,10,2,85.7244
18,206,422,119,10,2,86.5756
18,206,422,120,10,2,87.7478
18,206,422,121,10,2,88.5169
18,206,422,122,10,2,89.3238
18,206,422,123,10,2,90.0288
18,206,422,124,10,2,90.8588
18,206,422,125,10,2,91.6744
18,206,422,126,10,2,92.0724
18,206,422,127,10,2,92.87
18,206,422,128,10,2,93.7837
18,206,422,129,10,2,94.4037
18,206,422,130,10,2,95.2317
18,8,422,101,10,2,62.17
18,8,422,102,10,2,64.22
18,8,422,103,10,2,65.83
18,8,422,104,10,2,67.17
18,8,422,105,10,2,68.55
18,8,422,106,10,2,69.43
18,8,422,107,10,2,70.12
18,8,422,108,10,2,71.26
18,8,422,109,10,2,72.54
18,8,422,110,10,2,74.81
18,8,422,111,10,2,77.44
18,8,422,112,10,2,79.73
18,8,422,113,10,2,80.61
18,8,422,114,10,2,80.77
18,8,422,115,10,2,80.77
18,8,422,116,10,2,80.77
18,8,422,117,10,2,80.77
18,8,422,118,10,2,80.77
18,8,422,119,10,2,80.77
18,8,422,120,10,2,80.77
18,8,422,121,10,2,80.77
18,8,422,122,10,2,80.77
18,8,422,123,10,2,80.77
18,8,422,124,10,2,80.77
18,8,422,125,10,2,80.77
18,8,422,126,10,2,80.77
18,8,422,127,10,2,80.77
18,8,422,128,10,2,80.77
18,8,422,129,10,2,80.77
18,8,422,130,10,2,80.77
18,202,512,101,10,2,36.5
18,202,512,102,10,2,41.25
18,202,512,103,10,2,45.64
18,202,512,104,10,2,49.65
18,202,512,105,10,2,53.48
18,202,512,106,10,2,58.91
18,202,512,107,10,2,63.72
18,202,512,108,10,2,67.61
18,202,512,109,10,2,70.65
18,202,512,110,10,2,73.28
18,202,512,111,10,2,75.54
18,202,512,112,10,2,77.51
18,202,512,113,10,2,78.7
18,202,512,114,10,2,80.05
18,202,512,115,10,2,81.0692
18,202,512,116,10,2,82.0129
18,202,512,117,10,2,82.9473
18,202,512,118,10,2,83.7671
18,202,512,119,10,2,84.4986
18,202,512,120,10,2,85.2952
18,202,512,121,10,2,86.051
18,202,512,122,10,2,86.7693
18,202,512,123,10,2,87.4342
18,202,512,124,10,2,88.1296
18,202,512,125,10,2,88.7529
18,202,512,126,10,2,89.3851
18,202,512,127,10,2,90.0284
18,202,512,128,10,2,90.6349
18,202,512,129,10,2,91.2385
18,202,512,130,10,2,91.8903
18,204,512,101,10,2,36.5
18,204,512,102,10,2,41.25
18,204,512,103,10,2,45.64
18,204,512,104,10,2,49.65
18,204,512,105,10,2,53.48
18,204,512,106,10,2,58.91
18,204,512,107,10,2,63.72
18,204,512,108,10,2,67.61
18,204,512,109,10,2,70.65
18,204,512,110,10,2,73.28
18,204,512,111,10,2,75.54
18,204,512,112,10,2,77.51
18,204,512,113,10,2,78.7
18,204,512,114,10,2,80.05
18,204,512,115,10,2,80.2557
18,204,512,116,10,2,80.8925
18,204,512,117,10,2,81.4961
18,204,512,118,10,2,82.11
18,204,512,119,10,2,82.6641
18,204,512,120,10,2,83.4135
18,204,512,121,10,2,83.9915
18,204,512,122,10,2,84.4836
18,204,512,123,10,2,85.0963
18,204,512,124,10,2,85.6196
18,204,512,125,10,2,86.0924
18,204,512,126,10,2,86.6405
18,204,512,127,10,2,87.2579
18,204,512,128,10,2,87.5919
18,204,512,129,10,2,88.0551
18,204,512,130,10,2,88.527
18,203,512,101,10,2,36.5
18,203,512,102,10,2,41.25
18,203,512,103,10,2,45.64
18,203,512,104,10,2,49.65
18,203,512,105,10,2,53.48
18,203,512,106,10,2,58.91
18,203,512,107,10,2,63.72
18,203,512,108,10,2,67.61
18,203,512,109,10,2,70.65
18,203,512,110,10,2,73.28
18,203,512,111,10,2,75.54
18,203,512,112,10,2,77.51
18,203,512,113,10,2,78.7
18,203,512,114,10,2,80.05
18,203,512,115,10,2,81.8884
18,203,512,116,10,2,83.1732
18,203,512,117,10,2,84.2438
18,203,512,118,10,2,85.2377
18,203,512,119,10,2,86.1711
18,203,512,120,10,2,86.9461
18,203,512,121,10,2,87.8512
18,203,512,122,10,2,88.7227
18,203,512,123,10,2,89.487
18,203,512,124,10,2,90.2868
18,203,512,125,10,2,91.0608
18,203,512,126,10,2,91.8206
18,203,512,127,10,2,92.5979
18,203,512,128,10,2,93.3659
18,203,512,129,10,2,94.0768
18,203,512,130,10,2,94.8161
18,207,512,101,10,2,36.5
18,207,512,102,10,2,41.25
18,207,512,103,10,2,45.64
18,207,512,104,10,2,49.65
18,207,512,105,10,2,53.48
18,207,512,106,10,2,58.91
18,207,512,107,10,2,63.72
18,207,512,108,10,2,67.61
18,207,512,109,10,2,70.65
18,207,512,110,10,2,73.28
18,207,512,111,10,2,75.54
18,207,512,112,10,2,77.51
18,207,512,113,10,2,78.7
18,207,512,114,10,2,80.05
18,207,512,115,10,2,79.7759
18,207,512,116,10,2,80.2345
18,207,512,117,10,2,80.7082
18,207,512,118,10,2,81.2248
18,207,512,119,10,2,81.779
18,207,512,120,10,2,82.0757
18,207,512,121,10,2,82.9018
18,207,512,122,10,2,83.34
18,207,512,123,10,2,83.5272
18,207,512,124,10,2,83.9857
18,207,512,125,10,2,84.3685
18,207,512,126,10,2,84.8966
18,207,512,127,10,2,85.4329
18,207,512,128,10,2,85.8843
18,207,512,129,10,2,86.2023
18,207,512,130,10,2,86.8662
18,206,512,101,10,2,36.5
18,206,512,102,10,2,41.25
18,206,512,103,10,2,45.64
18,206,512,104,10,2,49.65
18,206,512,105,10,2,53.48
18,206,512,106,10,2,58.91
18,206,512,107,10,2,63.72
18,206,512,108,10,2,67.61
18,206,512,109,10,2,70.65
18,206,512,110,10,2,73.28
18,206,512,111,10,2,75.54
18,206,512,112,10,2,77.51
18,206,512,113,10,2,78.7
18,206,512,114,10,2,80.05
18,206,512,115,10,2,82.3693
18,206,512,116,10,2,83.8373
18,206,512,117,10,2,84.9938
18,206,512,118,10,2,86.0861
18,206,512,119,10,2,86.9468
18,206,512,120,10,2,88.0096
18,206,512,121,10,2,88.9437
18,206,512,122,10,2,89.8401
18,206,512,123,10,2,90.6846
18,206,512,124,10,2,91.4136
18,206,512,125,10,2,92.2191
18,206,512,126,10,2,92.912
18,206,512,127,10,2,93.7971
18,206,512,128,10,2,94.8512
18,206,512,129,10,2,95.6592
18,206,512,130,10,2,96.204
18,8,512,101,10,2,36.5
18,8,512,102,10,2,41.25
18,8,512,103,10,2,45.64
18,8,512,104,10,2,49.65
18,8,512,105,10,2,53.48
18,8,512,106,10,2,58.91
18,8,512,107,10,2,63.72
18,8,512,108,10,2,67.61
18,8,512,109,10,2,70.65
18,8,512,110,10,2,73.28
18,8,512,111,10,2,75.54
18,8,512,112,10,2,77.51
18,8,512,113,10,2,78.7
18,8,512,114,10,2,80.05
18,8,512,115,10,2,80.05
18,8,512,116,10,2,80.05
18,8,512,117,10,2,80.05
18,8,512,118,10,2,80.05
18,8,512,119,10,2,80.05
18,8,512,120,10,2,80.05
18,8,512,121,10,2,80.05
18,8,512,122,10,2,80.05
18,8,512,123,10,2,80.05
18,8,512,124,10,2,80.05
18,8,512,125,10,2,80.05
18,8,512,126,10,2,80.05
18,8,512,127,10,2,80.05
18,8,512,128,10,2,80.05
18,8,512,129,10,2,80.05
18,8,512,130,10,2,80.05
18,202,634,101,10,2,57.98
18,202,634,102,10,2,61.63
18,202,634,103,10,2,65.01
18,202,634,104,10,2,68.38
18,202,634,105,10,2,71.18
18,202,634,106,10,2,73.34
18,202,634,107,10,2,74.93
18,202,634,108,10,2,76.25
18,202,634,109,10,2,77.45
18,202,634,110,10,2,78.43
18,202,634,111,10,2,79.36
18,202,634,112,10,2,80.29
18,202,634,113,10,2,81.13
18,202,634,114,10,2,81.8
18,202,634,115,10,2,82.5265
18,202,634,116,10,2,83.2493
18,202,634,117,10,2,83.9218
18,202,634,118,10,2,84.6164
18,202,634,119,10,2,85.2427
18,202,634,120,10,2,85.8373
18,202,634,121,10,2,86.4788
18,202,634,122,10,2,87.1088
18,202,634,123,10,2,87.7113
18,202,634,124,10,2,88.3663
18,202,634,125,10,2,88.9804
18,202,634,126,10,2,89.4943
18,202,634,127,10,2,90.0164
18,202,634,128,10,2,90.5919
18,202,634,129,10,2,91.188
18,202,634,130,10,2,91.7174
18,204,634,101,10,2,57.98
18,204,634,102,10,2,61.63
18,204,634,103,10,2,65.01
18,204,634,104,10,2,68.38
18,204,634,105,10,2,71.18
18,204,634,106,10,2,73.34
18,204,634,107,10,2,74.93
18,204,634,108,10,2,76.25
18,204,634,109,10,2,77.45
18,204,634,110,10,2,78.43
18,204,634,111,10,2,79.36
18,204,634,112,10,2,80.29
18,204,634,113,10,2,81.13
18,204,634,114,10,2,81.8
18,204,634,115,10,2,81.7315
18,204,634,116,10,2,82.0672
18,204,634,117,10,2,82.5037
18,204,634,118,10,2,83.017
18,204,634,119,10,2,83.4796
18,204,634,120,10,2,83.9655
18,204,634,121,10,2,84.3584
18,204,634,122,10,2,84.7951
18,204,634,123,10,2,85.3222
18,204,634,124,10,2,85.643
18,204,634,125,10,2,86.1136
18,204,634,126,10,2,86.5111
18,204,634,127,10,2,86.8831
18,204,634,128,10,2,87.351
18,204,634,129,10,2,87.7
18,204,634,130,10,2,88.1481
18,203,634,101,10,2,57.98
18,203,634,102,10,2,61.63
18,203,634,103,10,2,65.01
18,203,634,104,10,2,68.38
18,203,634,105,10,2,71.18
18,203,634,106,10,2,73.34
18,203,634,107,10,2,74.93
18,203,634,108,10,2,76.25
18,203,634,109,10,2,77.45
18,203,634,110,10,2,78.43
18,203,634,111,10,2,79.36
18,203,634,112,10,2,80.29
18,203,634,113,10,2,81.13
18,203,634,114,10,2,81.8
18,203,634,115,10,2,83.2933
18,203,634,116,10,2,84.2919
18,203,634,117,10,2,85.2051
18,203,634,118,10,2,86.0514
18,203,634,119,10,2,86.925
18,203,634,120,10,2,87.6948
18,203,634,121,10,2,88.4349
18,203,634,122,10,2,89.2806
18,203,634,123,10,2,89.854
18,203,634,124,10,2,90.5718
18,203,634,125,10,2,91.2852
18,203,634,126,10,2,91.9808
18,203,634,127,10,2,92.6774
18,203,634,128,10,2,93.242
18,203,634,129,10,2,93.921
18,203,634,130,10,2,94.7058
18,207,634,101,10,2,57.98
18,207,634,102,10,2,61.63
18,207,634,103,10,2,65.01
18,207,634,104,10,2,68.38
18,207,634,105,10,2,71.18
18,207,634,106,10,2,73.34
18,207,634,107,10,2,74.93
18,207,634,108,10,2,76.25
18,207,634,109,10,2,77.45
18,207,634,110,10,2,78.43
18,207,634,111,10,2,79.36
18,207,634,112,10,2,80.29
18,207,634,113,10,2,81.13
18,207,634,114,10,2,81.8
18,207,634,115,10,2,81.3282
18,207,634,116,10,2,81.4399
18,207,634,117,10,2,81.7172
18,207,634,118,10,2,81.8955
18,207,634,119,10,2,82.3468
18,207,634,120,10,2,82.7558
18,207,634,121,10,2,83.2434
18,207,634,122,10,2,83.6062
18,207,634,123,10,2,84.0353
18,207,634,124,10,2,84.1872
18,207,634,125,10,2,84.4311
18,207,634,126,10,2,84.8304
18,207,634,127,10,2,85.3855
18,207,634,128,10,2,85.8072
18,207,634,129,10,2,85.9152
18,207,634,130,10,2,86.3634
18,206,634,101,10,2,57.98
18,206,634,102,10,2,61.63
18,206,634,103,10,2,65.01
18,206,634,104,10,2,68.38
18,206,634,105,10,2,71.18
18,206,634,106,10,2,73.34
18,206,634,107,10,2,74.93
18,206,634,108,10,2,76.25
18,206,634,109,10,2,77.45
18,206,634,110,10,2,78.43
18,206,634,111,10,2,79.36
18,206,634,112,10,2,80.29
18,206,634,113,10,2,81.13
18,206,634,114,10,2,81.8
18,206,634,115,10,2,83.6278
18,206,634,116,10,2,84.7747
18,206,634,117,10,2,85.8311
18,206,634,118,10,2,86.8858
18,206,634,119,10,2,87.6673
18,206,634,120,10,2,88.6738
18,206,634,121,10,2,89.6894
18,206,634,122,10,2,90.2737
18,206,634,123,10,2,91.139
18,206,634,124,10,2,92.037
18,206,634,125,10,2,92.883
18,206,634,126,10,2,93.5721
18,206,634,127,10,2,94.3875
18,206,634,128,10,2,95.095
18,206,634,129,10,2,95.526
18,206,634,130,10,2,96.4286
18,8,634,101,10,2,57.98
18,8,634,102,10,2,61.63
18,8,634,103,10,2,65.01
18,8,634,104,10,2,68.38
18,8,634,105,10,2,71.18
18,8,634,106,10,2,73.34
18,8,634,107,10,2,74.93
18,8,634,108,10,2,76.25
18,8,634,109,10,2,77.45
18,8,634,110,10,2,78.43
18,8,634,111,10,2,79.36
18,8,634,112,10,2,80.29
18,8,634,113,10,2,81.13
18,8,634,114,10,2,81.8
18,8,634,115,10,2,81.8
18,8,634,116,10,2,81.8
18,8,634,117,10,2,81.8
18,8,634,118,10,2,81.8
18,8,634,119,10,2,81.8
18,8,634,120,10,2,81.8
18,8,634,121,10,2,81.8
18,8,634,122,10,2,81.8
18,8,634,123,10,2,81.8
18,8,634,124,10,2,81.8
18,8,634,125,10,2,81.8
18,8,634,126,10,2,81.8
18,8,634,127,10,2,81.8
18,8,634,128,10,2,81.8
18,8,634,129,10,2,81.8
18,8,634,130,10,2,81.8
18,202,682,101,10,2,44.09
18,202,682,102,10,2,46.55
18,202,682,103,10,2,49.09
18,202,682,104,10,2,52.32
18,202,682,105,10,2,57.51
18,202,682,106,10,2,62.39
18,202,682,107,10,2,66.47
18,202,682,108,10,2,69.53
18,202,682,109,10,2,72.22
18,202,682,110,10,2,73.95
18,202,682,111,10,2,74.71
18,202,682,112,10,2,75.07
18,202,682,113,10,2,76.01
18,202,682,114,10,2,76.51
18,202,682,115,10,2,77.34
18,202,682,116,10,2,78.142
18,202,682,117,10,2,78.9393
18,202,682,118,10,2,79.5491
18,202,682,119,10,2,80.2276
18,202,682,120,10,2,80.8685
18,202,682,121,10,2,81.4664
18,202,682,122,10,2,82.0673
18,202,682,123,10,2,82.6311
18,202,682,124,10,2,83.2193
18,202,682,125,10,2,83.7654
18,202,682,126,10,2,84.398
18,202,682,127,10,2,85.0056
18,202,682,128,10,2,85.5091
18,202,682,129,10,2,85.9666
18,202,682,130,10,2,86.4791
18,204,682,101,10,2,44.09
18,204,682,102,10,2,46.55
18,204,682,103,10,2,49.09
18,204,682,104,10,2,52.32
18,204,682,105,10,2,57.51
18,204,682,106,10,2,62.39
18,204,682,107,10,2,66.47
18,204,682,108,10,2,69.53
18,204,682,109,10,2,72.22
18,204,682,110,10,2,73.95
18,204,682,111,10,2,74.71
18,204,682,112,10,2,75.07
18,204,682,113,10,2,76.01
18,204,682,114,10,2,76.51
18,204,682,115,10,2,76.3987
18,204,682,116,10,2,76.7885
18,204,682,117,10,2,77.2156
18,204,682,118,10,2,77.7131
18,204,682,119,10,2,78.1719
18,204,682,120,10,2,78.729
18,204,682,121,10,2,79.1747
18,204,682,122,10,2,79.5984
18,204,682,123,10,2,80.0966
18,204,682,124,10,2,80.6277
18,204,682,125,10,2,81.0814
18,204,682,126,10,2,81.4055
18,204,682,127,10,2,81.94
18,204,682,128,10,2,82.2305
18,204,682,129,10,2,82.6282
18,204,682,130,10,2,83.2014
18,203,682,101,10,2,44.09
18,203,682,102,10,2,46.55
18,203,682,103,10,2,49.09
18,203,682,104,10,2,52.32
18,203,682,105,10,2,57.51
18,203,682,106,10,2,62.39
18,203,682,107,10,2,66.47
18,203,682,108,10,2,69.53
18,203,682,109,10,2,72.22
18,203,682,110,10,2,73.95
18,203,682,111,10,2,74.71
18,203,682,112,10,2,75.07
18,203,682,113,10,2,76.01
18,203,682,114,10,2,76.51
18,203,682,115,10,2,78.3303
18,203,682,116,10,2,79.5205
18,203,682,117,10,2,80.5231
18,203,682,118,10,2,81.4633
18,203,682,119,10,2,82.2751
18,203,682,120,10,2,83.1356
18,203,682,121,10,2,83.9023
18,203,682,122,10,2,84.6181
18,203,682,123,10,2,85.2746
18,203,682,124,10,2,85.9922
18,203,682,125,10,2,86.6598
18,203,682,126,10,2,87.3871
18,203,682,127,10,2,87.8852
18,203,682,128,10,2,88.5669
18,203,682,129,10,2,89.2118
18,203,682,130,10,2,89.945
18,207,682,101,10,2,44.09
18,207,682,102,10,2,46.55
18,207,682,103,10,2,49.09
18,207,682,104,10,2,52.32
18,207,682,105,10,2,57.51
18,207,682,106,10,2,62.39
18,207,682,107,10,2,66.47
18,207,682,108,10,2,69.53
18,207,682,109,10,2,72.22
18,207,682,110,10,2,73.95
18,207,682,111,10,2,74.71
18,207,682,112,10,2,75.07
18,207,682,113,10,2,76.01
18,207,682,114,10,2,76.51
18,207,682,115,10,2,75.7433
18,207,682,116,10,2,76.1206
18,207,682,117,10,2,76.204
18,207,682,118,10,2,76.6816
18,207,682,119,10,2,77.0277
18,207,682,120,10,2,77.3813
18,207,682,121,10,2,77.7839
18,207,682,122,10,2,78.2881
18,207,682,123,10,2,78.5923
18,207,682,124,10,2,79.1181
18,207,682,125,10,2,79.1058
18,207,682,126,10,2,79.5826
18,207,682,127,10,2,80.0303
18,207,682,128,10,2,80.298
18,207,682,129,10,2,80.6478
18,207,682,130,10,2,81.1099
18,206,682,101,10,2,44.09
18,206,682,102,10,2,46.55
18,206,682,103,10,2,49.09
18,206,682,104,10,2,52.32
18,206,682,105,10,2,57.51
18,206,682,106,10,2,62.39
18,206,682,107,10,2,66.47
18,206,682,108,10,2,69.53
18,206,682,109,10,2,72.22
18,206,682,110,10,2,73.95
18,206,682,111,10,2,74.71
18,206,682,112,10,2,75.07
18,206,682,113,10,2,76.01
18,206,682,114,10,2,76.51
18,206,682,115,10,2,78.8152
18,206,682,116,10,2,80.1445
18,206,682,117,10,2,81.3372
18,206,682,118,10,2,82.3181
18,206,682,119,10,2,83.2995
18,206,682,120,10,2,84.1498
18,206,682,121,10,2,84.9579
18,206,682,122,10,2,85.665
18,206,682,123,10,2,86.5394
18,206,682,124,10,2,87.3123
18,206,682,125,10,2,87.8644
18,206,682,126,10,2,88.8599
18,206,682,127,10,2,89.5141
18,206,682,128,10,2,90.1828
18,206,682,129,10,2,90.7211
18,206,682,130,10,2,91.4208
18,8,682,101,10,2,44.09
18,8,682,102,10,2,46.55
18,8,682,103,10,2,49.09
18,8,682,104,10,2,52.32
18,8,682,105,10,2,57.51
18,8,682,106,10,2,62.39
18,8,682,107,10,2,66.47
18,8,682,108,10,2,69.53
18,8,682,109,10,2,72.22
18,8,682,110,10,2,73.95
18,8,682,111,10,2,74.71
18,8,682,112,10,2,75.07
18,8,682,113,10,2,76.01
18,8,682,114,10,2,76.51
18,8,682,115,10,2,76.51
18,8,682,116,10,2,76.51
18,8,682,117,10,2,76.51
18,8,682,118,10,2,76.51
18,8,682,119,10,2,76.51
18,8,682,120,10,2,76.51
18,8,682,121,10,2,76.51
18,8,682,122,10,2,76.51
18,8,682,123,10,2,76.51
18,8,682,124,10,2,76.51
18,8,682,125,10,2,76.51
18,8,682,126,10,2,76.51
18,8,682,127,10,2,76.51
18,8,682,128,10,2,76.51
18,8,682,129,10,2,76.51
18,8,682,130,10,2,76.51
18,202,275,101,10,2,48.85
18,202,275,102,10,2,50.43
18,202,275,103,10,2,52.83
18,202,275,104,10,2,56.07
18,202,275,105,10,2,59.33
18,202,275,106,10,2,61.93
18,202,275,107,10,2,65.55
18,202,275,108,10,2,68.34
18,202,275,109,10,2,70.38
18,202,275,110,10,2,71.92
18,202,275,111,10,2,73.14
18,202,275,112,10,2,74.17
18,202,275,113,10,2,74.88
18,202,275,114,10,2,75.5
18,202,275,115,10,2,76.4584
18,202,275,116,10,2,77.3122
18,202,275,117,10,2,78.0603
18,202,275,118,10,2,78.8457
18,202,275,119,10,2,79.5415
18,202,275,120,10,2,80.2795
18,202,275,121,10,2,80.932
18,202,275,122,10,2,81.6641
18,202,275,123,10,2,82.2082
18,202,275,124,10,2,82.888
18,202,275,125,10,2,83.4832
18,202,275,126,10,2,84.1179
18,202,275,127,10,2,84.7402
18,202,275,128,10,2,85.2545
18,202,275,129,10,2,85.8189
18,202,275,130,10,2,86.413
18,204,275,101,10,2,48.85
18,204,275,102,10,2,50.43
18,204,275,103,10,2,52.83
18,204,275,104,10,2,56.07
18,204,275,105,10,2,59.33
18,204,275,106,10,2,61.93
18,204,275,107,10,2,65.55
18,204,275,108,10,2,68.34
18,204,275,109,10,2,70.38
18,204,275,110,10,2,71.92
18,204,275,111,10,2,73.14
18,204,275,112,10,2,74.17
18,204,275,113,10,2,74.88
18,204,275,114,10,2,75.5
18,204,275,115,10,2,75.4725
18,204,275,116,10,2,75.9223
18,204,275,117,10,2,76.3294
18,204,275,118,10,2,76.8586
18,204,275,119,10,2,77.3624
18,204,275,120,10,2,77.9437
18,204,275,121,10,2,78.3536
18,204,275,122,10,2,78.8259
18,204,275,123,10,2,79.2884
18,204,275,124,10,2,79.8733
18,204,275,125,10,2,80.378
18,204,275,126,10,2,80.8974
18,204,275,127,10,2,81.4927
18,204,275,128,10,2,81.9705
18,204,275,129,10,2,82.2624
18,204,275,130,10,2,82.7096
18,203,275,101,10,2,48.85
18,203,275,102,10,2,50.43
18,203,275,103,10,2,52.83
18,203,275,104,10,2,56.07
18,203,275,105,10,2,59.33
18,203,275,106,10,2,61.93
18,203,275,107,10,2,65.55
18,203,275,108,10,2,68.34
18,203,275,109,10,2,70.38
18,203,275,110,10,2,71.92
18,203,275,111,10,2,73.14
18,203,275,112,10,2,74.17
18,203,275,113,10,2,74.88
18,203,275,114,10,2,75.5
18,203,275,115,10,2,77.4075
18,203,275,116,10,2,78.7023
18,203,275,117,10,2,79.7716
18,203,275,118,10,2,80.8294
18,203,275,119,10,2,81.683
18,203,275,120,10,2,82.5341
18,203,275,121,10,2,83.243
18,203,275,122,10,2,83.973
18,203,275,123,10,2,84.7675
18,203,275,124,10,2,85.4718
18,203,275,125,10,2,86.0562
18,203,275,126,10,2,86.7921
18,203,275,127,10,2,87.5066
18,203,275,128,10,2,88.2306
18,203,275,129,10,2,88.7679
18,203,275,130,10,2,89.5984
18,207,275,101,10,2,48.85
18,207,275,102,10,2,50.43
18,207,275,103,10,2,52.83
18,207,275,104,10,2,56.07
18,207,275,105,10,2,59.33
18,207,275,106,10,2,61.93
18,207,275,107,10,2,65.55
18,207,275,108,10,2,68.34
18,207,275,109,10,2,70.38
18,207,275,110,10,2,71.92
18,207,275,111,10,2,73.14
18,207,275,112,10,2,74.17
18,207,275,113,10,2,74.88
18,207,275,114,10,2,75.5
18,207,275,115,10,2,75.0179
18,207,275,116,10,2,75.1677
18,207,275,117,10,2,75.4272
18,207,275,118,10,2,75.9393
18,207,275,119,10,2,76.151
18,207,275,120,10,2,76.4823
18,207,275,121,10,2,76.8063
18,207,275,122,10,2,77.3587
18,207,275,123,10,2,77.6806
18,207,275,124,10,2,78.1117
18,207,275,125,10,2,78.5143
18,207,275,126,10,2,78.8917
18,207,275,127,10,2,79.19
18,207,275,128,10,2,79.6527
18,207,275,129,10,2,79.5504
18,207,275,130,10,2,79.8866
18,206,275,101,10,2,48.85
18,206,275,102,10,2,50.43
18,206,275,103,10,2,52.83
18,206,275,104,10,2,56.07
18,206,275,105,10,2,59.33
18,206,275,106,10,2,61.93
18,206,275,107,10,2,65.55
18,206,275,108,10,2,68.34
18,206,275,109,10,2,70.38
18,206,275,110,10,2,71.92
18,206,275,111,10,2,73.14
18,206,275,112,10,2,74.17
18,206,275,113,10,2,74.88
18,206,275,114,10,2,75.5
18,206,275,115,10,2,77.9639
18,206,275,116,10,2,79.3735
18,206,275,117,10,2,80.5118
18,206,275,118,10,2,81.6938
18,206,275,119,10,2,82.7025
18,206,275,120,10,2,83.5955
18,206,275,121,10,2,84.4414
18,206,275,122,10,2,85.0848
18,206,275,123,10,2,85.8809
18,206,275,124,10,2,86.7884
18,206,275,125,10,2,87.4458
18,206,275,126,10,2,88.0908
18,206,275,127,10,2,89.1331
18,206,275,128,10,2,90.0224
18,206,275,129,10,2,90.6269
18,206,275,130,10,2,91.116
18,8,275,101,10,2,48.85
18,8,275,102,10,2,50.43
18,8,275,103,10,2,52.83
18,8,275,104,10,2,56.07
18,8,275,105,10,2,59.33
18,8,275,106,10,2,61.93
18,8,275,107,10,2,65.55
18,8,275,108,10,2,68.34
18,8,275,109,10,2,70.38
18,8,275,110,10,2,71.92
18,8,275,111,10,2,73.14
18,8,275,112,10,2,74.17
18,8,275,113,10,2,74.88
18,8,275,114,10,2,75.5
18,8,275,115,10,2,75.5
18,8,275,116,10,2,75.5
18,8,275,117,10,2,75.5
18,8,275,118,10,2,75.5
18,8,275,119,10,2,75.5
18,8,275,120,10,2,75.5
18,8,275,121,10,2,75.5
18,8,275,122,10,2,75.5
18,8,275,123,10,2,75.5
18,8,275,124,10,2,75.5
18,8,275,125,10,2,75.5
18,8,275,126,10,2,75.5
18,8,275,127,10,2,75.5
18,8,275,128,10,2,75.5
18,8,275,129,10,2,75.5
18,8,275,130,10,2,75.5
18,202,760,101,10,2,49.02
18,202,760,102,10,2,51.9
18,202,760,103,10,2,54.95
18,202,760,104,10,2,58.27
18,202,760,105,10,2,62.17
18,202,760,106,10,2,65.54
18,202,760,107,10,2,68.48
18,202,760,108,10,2,71.1
18,202,760,109,10,2,72.95
18,202,760,110,10,2,74.56
18,202,760,111,10,2,75.93
18,202,760,112,10,2,77.27
18,202,760,113,10,2,76.29
18,202,760,114,10,2,77.66
18,202,760,115,10,2,78.468
18,202,760,116,10,2,79.2925
18,202,760,117,10,2,80.0605
18,202,760,118,10,2,80.7466
18,202,760,119,10,2,81.4892
18,202,760,120,10,2,82.1803
18,202,760,121,10,2,82.7907
18,202,760,122,10,2,83.4079
18,202,760,123,10,2,84.0264
18,202,760,124,10,2,84.6458
18,202,760,125,10,2,85.2216
18,202,760,126,10,2,85.8375
18,202,760,127,10,2,86.3445
18,202,760,128,10,2,86.955
18,202,760,129,10,2,87.4498
18,202,760,130,10,2,88.0852
18,204,760,101,10,2,49.02
18,204,760,102,10,2,51.9
18,204,760,103,10,2,54.95
18,204,760,104,10,2,58.27
18,204,760,105,10,2,62.17
18,204,760,106,10,2,65.54
18,204,760,107,10,2,68.48
18,204,760,108,10,2,71.1
18,204,760,109,10,2,72.95
18,204,760,110,10,2,74.56
18,204,760,111,10,2,75.93
18,204,760,112,10,2,77.27
18,204,760,113,10,2,76.29
18,204,760,114,10,2,77.66
18,204,760,115,10,2,77.5435
18,204,760,116,10,2,78.0137
18,204,760,117,10,2,78.495
18,204,760,118,10,2,78.9657
18,204,760,119,10,2,79.4627
18,204,760,120,10,2,79.9203
18,204,760,121,10,2,80.4364
18,204,760,122,10,2,80.8851
18,204,760,123,10,2,81.3062
18,204,760,124,10,2,81.6643
18,204,760,125,10,2,82.0626
18,204,760,126,10,2,82.6137
18,204,760,127,10,2,83.0397
18,204,760,128,10,2,83.5242
18,204,760,129,10,2,83.918
18,204,760,130,10,2,84.27
18,203,760,101,10,2,49.02
18,203,760,102,10,2,51.9
18,203,760,103,10,2,54.95
18,203,760,104,10,2,58.27
18,203,760,105,10,2,62.17
18,203,760,106,10,2,65.54
18,203,760,107,10,2,68.48
18,203,760,108,10,2,71.1
18,203,760,109,10,2,72.95
18,203,760,110,10,2,74.56
18,203,760,111,10,2,75.93
18,203,760,112,10,2,77.27
18,203,760,113,10,2,76.29
18,203,760,114,10,2,77.66
18,203,760,115,10,2,79.424
18,203,760,116,10,2,80.5985
18,203,760,117,10,2,81.5984
18,203,760,118,10,2,82.596
18,203,760,119,10,2,83.4643
18,203,760,120,10,2,84.2869
18,203,760,121,10,2,85.0375
18,203,760,122,10,2,85.8134
18,203,760,123,10,2,86.5655
18,203,760,124,10,2,87.3457
18,203,760,125,10,2,88.0813
18,203,760,126,10,2,88.6475
18,203,760,127,10,2,89.3245
18,203,760,128,10,2,89.9785
18,203,760,129,10,2,90.7584
18,203,760,130,10,2,91.5192
18,207,760,101,10,2,49.02
18,207,760,102,10,2,51.9
18,207,760,103,10,2,54.95
18,207,760,104,10,2,58.27
18,207,760,105,10,2,62.17
18,207,760,106,10,2,65.54
18,207,760,107,10,2,68.48
18,207,760,108,10,2,71.1
18,207,760,109,10,2,72.95
18,207,760,110,10,2,74.56
18,207,760,111,10,2,75.93
18,207,760,112,10,2,77.27
18,207,760,113,10,2,76.29
18,207,760,114,10,2,77.66
18,207,760,115,10,2,77.0934
18,207,760,116,10,2,77.2834
18,207,760,117,10,2,77.6321
18,207,760,118,10,2,78.0633
18,207,760,119,10,2,78.4453
18,207,760,120,10,2,78.8677
18,207,760,121,10,2,79.1361
18,207,760,122,10,2,79.4696
18,207,760,123,10,2,79.8294
18,207,760,124,10,2,80.3065
18,207,760,125,10,2,80.601
18,207,760,126,10,2,80.8908
18,207,760,127,10,2,81.1549
18,207,760,128,10,2,81.744
18,207,760,129,10,2,81.9607
18,207,760,130,10,2,82.3864
18,206,760,101,10,2,49.02
18,206,760,102,10,2,51.9
18,206,760,103,10,2,54.95
18,206,760,104,10,2,58.27
18,206,760,105,10,2,62.17
18,206,760,106,10,2,65.54
18,206,760,107,10,2,68.48
18,206,760,108,10,2,71.1
18,206,760,109,10,2,72.95
18,206,760,110,10,2,74.56
18,206,760,111,10,2,75.93
18,206,760,112,10,2,77.27
18,206,760,113,10,2,76.29
18,206,760,114,10,2,77.66
18,206,760,115,10,2,79.9087
18,206,760,116,10,2,81.2012
18,206,760,117,10,2,82.3735
18,206,760,118,10,2,83.342
18,206,760,119,10,2,84.3736
18,206,760,120,10,2,85.3031
18,206,760,121,10,2,86.1909
18,206,760,122,10,2,86.8535
18,206,760,123,10,2,87.8066
18,206,760,124,10,2,88.5898
18,206,760,125,10,2,89.3632
18,206,760,126,10,2,90.0329
18,206,760,127,10,2,90.9247
18,206,760,128,10,2,91.4576
18,206,760,129,10,2,92.3824
18,206,760,130,10,2,93.1064
18,8,760,101,10,2,49.02
18,8,760,102,10,2,51.9
18,8,760,103,10,2,54.95
18,8,760,104,10,2,58.27
18,8,760,105,10,2,62.17
18,8,760,106,10,2,65.54
18,8,760,107,10,2,68.48
18,8,760,108,10,2,71.1
18,8,760,109,10,2,72.95
18,8,760,110,10,2,74.56
18,8,760,111,10,2,75.93
18,8,760,112,10,2,77.27
18,8,760,113,10,2,76.29
18,8,760,114,10,2,77.66
18,8,760,115,10,2,77.66
18,8,760,116,10,2,77.66
18,8,760,117,10,2,77.66
18,8,760,118,10,2,77.66
18,8,760,119,10,2,77.66
18,8,760,120,10,2,77.66
18,8,760,121,10,2,77.66
18,8,760,122,10,2,77.66
18,8,760,123,10,2,77.66
18,8,760,124,10,2,77.66
18,8,760,125,10,2,77.66
18,8,760,126,10,2,77.66
18,8,760,127,10,2,77.66
18,8,760,128,10,2,77.66
18,8,760,129,10,2,77.66
18,8,760,130,10,2,77.66
18,202,792,101,10,2,44.15
18,202,792,102,10,2,46.81
18,202,792,103,10,2,50.16
18,202,792,104,10,2,53.47
18,202,792,105,10,2,56.73
18,202,792,106,10,2,60.32
18,202,792,107,10,2,63.87
18,202,792,108,10,2,66.7
18,202,792,109,10,2,69.39
18,202,792,110,10,2,72.51
18,202,792,111,10,2,74.89
18,202,792,112,10,2,76.91
18,202,792,113,10,2,78.69
18,202,792,114,10,2,80.23
18,202,792,115,10,2,81.284
18,202,792,116,10,2,82.2727
18,202,792,117,10,2,83.1346
18,202,792,118,10,2,84.0358
18,202,792,119,10,2,84.7456
18,202,792,120,10,2,85.5554
18,202,792,121,10,2,86.3368
18,202,792,122,10,2,87.0205
18,202,792,123,10,2,87.7449
18,202,792,124,10,2,88.3378
18,202,792,125,10,2,88.9659
18,202,792,126,10,2,89.7023
18,202,792,127,10,2,90.2611
18,202,792,128,10,2,90.8403
18,202,792,129,10,2,91.3386
18,202,792,130,10,2,92.0159
18,204,792,101,10,2,44.15
18,204,792,102,10,2,46.81
18,204,792,103,10,2,50.16
18,204,792,104,10,2,53.47
18,204,792,105,10,2,56.73
18,204,792,106,10,2,60.32
18,204,792,107,10,2,63.87
18,204,792,108,10,2,66.7
18,204,792,109,10,2,69.39
18,204,792,110,10,2,72.51
18,204,792,111,10,2,74.89
18,204,792,112,10,2,76.91
18,204,792,113,10,2,78.69
18,204,792,114,10,2,80.23
18,204,792,115,10,2,80.504
18,204,792,116,10,2,81.0871
18,204,792,117,10,2,81.822
18,204,792,118,10,2,82.4058
18,204,792,119,10,2,83.0843
18,204,792,120,10,2,83.6615
18,204,792,121,10,2,84.3194
18,204,792,122,10,2,85.0064
18,204,792,123,10,2,85.4442
18,204,792,124,10,2,85.9788
18,204,792,125,10,2,86.4738
18,204,792,126,10,2,86.8674
18,204,792,127,10,2,87.3218
18,204,792,128,10,2,87.9409
18,204,792,129,10,2,88.5135
18,204,792,130,10,2,88.9412
18,203,792,101,10,2,44.15
18,203,792,102,10,2,46.81
18,203,792,103,10,2,50.16
18,203,792,104,10,2,53.47
18,203,792,105,10,2,56.73
18,203,792,106,10,2,60.32
18,203,792,107,10,2,63.87
18,203,792,108,10,2,66.7
18,203,792,109,10,2,69.39
18,203,792,110,10,2,72.51
18,203,792,111,10,2,74.89
18,203,792,112,10,2,76.91
18,203,792,113,10,2,78.69
18,203,792,114,10,2,80.23
18,203,792,115,10,2,82.1201
18,203,792,116,10,2,83.3855
18,203,792,117,10,2,84.4661
18,203,792,118,10,2,85.5303
18,203,792,119,10,2,86.4329
18,203,792,120,10,2,87.2224
18,203,792,121,10,2,88.1829
18,203,792,122,10,2,88.884
18,203,792,123,10,2,89.7797
18,203,792,124,10,2,90.5903
18,203,792,125,10,2,91.4107
18,203,792,126,10,2,92.0899
18,203,792,127,10,2,92.8412
18,203,792,128,10,2,93.6365
18,203,792,129,10,2,94.3415
18,203,792,130,10,2,95.0104
18,207,792,101,10,2,44.15
18,207,792,102,10,2,46.81
18,207,792,103,10,2,50.16
18,207,792,104,10,2,53.47
18,207,792,105,10,2,56.73
18,207,792,106,10,2,60.32
18,207,792,107,10,2,63.87
18,207,792,108,10,2,66.7
18,207,792,109,10,2,69.39
18,207,792,110,10,2,72.51
18,207,792,111,10,2,74.89
18,207,792,112,10,2,76.91
18,207,792,113,10,2,78.69
18,207,792,114,10,2,80.23
18,207,792,115,10,2,80.0323
18,207,792,116,10,2,80.3945
18,207,792,117,10,2,80.8803
18,207,792,118,10,2,81.385
18,207,792,119,10,2,82.1739
18,207,792,120,10,2,82.6133
18,207,792,121,10,2,83.0026
18,207,792,122,10,2,83.7143
18,207,792,123,10,2,84.0175
18,207,792,124,10,2,84.8146
18,207,792,125,10,2,85.2575
18,207,792,126,10,2,85.7756
18,207,792,127,10,2,86.1607
18,207,792,128,10,2,86.6844
18,207,792,129,10,2,86.7094
18,207,792,130,10,2,87.2679
18,206,792,101,10,2,44.15
18,206,792,102,10,2,46.81
18,206,792,103,10,2,50.16
18,206,792,104,10,2,53.47
18,206,792,105,10,2,56.73
18,206,792,106,10,2,60.32
18,206,792,107,10,2,63.87
18,206,792,108,10,2,66.7
18,206,792,109,10,2,69.39
18,206,792,110,10,2,72.51
18,206,792,111,10,2,74.89
18,206,792,112,10,2,76.91
18,206,792,113,10,2,78.69
18,206,792,114,10,2,80.23
18,206,792,115,10,2,82.546
18,206,792,116,10,2,83.9812
18,206,792,117,10,2,85.2359
18,206,792,118,10,2,86.2741
18,206,792,119,10,2,87.276
18,206,792,120,10,2,88.2487
18,206,792,121,10,2,89.1619
18,206,792,122,10,2,90.0427
18,206,792,123,10,2,90.9294
18,206,792,124,10,2,91.7649
18,206,792,125,10,2,92.5802
18,206,792,126,10,2,93.6139
18,206,792,127,10,2,94.265
18,206,792,128,10,2,94.9596
18,206,792,129,10,2,95.7186
18,206,792,130,10,2,96.5206
18,8,792,101,10,2,44.15
18,8,792,102,10,2,46.81
18,8,792,103,10,2,50.16
18,8,792,104,10,2,53.47
18,8,792,105,10,2,56.73
18,8,792,106,10,2,60.32
18,8,792,107,10,2,63.87
18,8,792,108,10,2,66.7
18,8,792,109,10,2,69.39
18,8,792,110,10,2,72.51
18,8,792,111,10,2,74.89
18,8,792,112,10,2,76.91
18,8,792,113,10,2,78.69
18,8,792,114,10,2,80.23
18,8,792,115,10,2,80.23
18,8,792,116,10,2,80.23
18,8,792,117,10,2,80.23
18,8,792,118,10,2,80.23
18,8,792,119,10,2,80.23
18,8,792,120,10,2,80.23
18,8,792,121,10,2,80.23
18,8,792,122,10,2,80.23
18,8,792,123,10,2,80.23
18,8,792,124,10,2,80.23
18,8,792,125,10,2,80.23
18,8,792,126,10,2,80.23
18,8,792,127,10,2,80.23
18,8,792,128,10,2,80.23
18,8,792,129,10,2,80.23
18,8,792,130,10,2,80.23
18,202,784,101,10,2,47
18,202,784,102,10,2,51.69
18,202,784,103,10,2,56.27
18,202,784,104,10,2,61.06
18,202,784,105,10,2,65.53
18,202,784,106,10,2,68.86
18,202,784,107,10,2,71.2
18,202,784,108,10,2,72.8
18,202,784,109,10,2,74.04
18,202,784,110,10,2,75.13
18,202,784,111,10,2,76.31
18,202,784,112,10,2,77.29
18,202,784,113,10,2,78.23
18,202,784,114,10,2,79.09
18,202,784,115,10,2,79.8996
18,202,784,116,10,2,80.6432
18,202,784,117,10,2,81.3436
18,202,784,118,10,2,82.0263
18,202,784,119,10,2,82.6752
18,202,784,120,10,2,83.3731
18,202,784,121,10,2,83.973
18,202,784,122,10,2,84.587
18,202,784,123,10,2,85.1851
18,202,784,124,10,2,85.7787
18,202,784,125,10,2,86.3238
18,202,784,126,10,2,86.9213
18,202,784,127,10,2,87.5093
18,202,784,128,10,2,88.0354
18,202,784,129,10,2,88.6302
18,202,784,130,10,2,89.195
18,204,784,101,10,2,47
18,204,784,102,10,2,51.69
18,204,784,103,10,2,56.27
18,204,784,104,10,2,61.06
18,204,784,105,10,2,65.53
18,204,784,106,10,2,68.86
18,204,784,107,10,2,71.2
18,204,784,108,10,2,72.8
18,204,784,109,10,2,74.04
18,204,784,110,10,2,75.13
18,204,784,111,10,2,76.31
18,204,784,112,10,2,77.29
18,204,784,113,10,2,78.23
18,204,784,114,10,2,79.09
18,204,784,115,10,2,78.9975
18,204,784,116,10,2,79.4708
18,204,784,117,10,2,79.9713
18,204,784,118,10,2,80.3788
18,204,784,119,10,2,80.7539
18,204,784,120,10,2,81.221
18,204,784,121,10,2,81.6524
18,204,784,122,10,2,82.2087
18,204,784,123,10,2,82.673
18,204,784,124,10,2,83.1741
18,204,784,125,10,2,83.6204
18,204,784,126,10,2,84.1211
18,204,784,127,10,2,84.4636
18,204,784,128,10,2,84.9513
18,204,784,129,10,2,85.1586
18,204,784,130,10,2,85.5306
18,203,784,101,10,2,47
18,203,784,102,10,2,51.69
18,203,784,103,10,2,56.27
18,203,784,104,10,2,61.06
18,203,784,105,10,2,65.53
18,203,784,106,10,2,68.86
18,203,784,107,10,2,71.2
18,203,784,108,10,2,72.8
18,203,784,109,10,2,74.04
18,203,784,110,10,2,75.13
18,203,784,111,10,2,76.31
18,203,784,112,10,2,77.29
18,203,784,113,10,2,78.23
18,203,784,114,10,2,79.09
18,203,784,115,10,2,80.753
18,203,784,116,10,2,81.7806
18,203,784,117,10,2,82.6991
18,203,784,118,10,2,83.5985
18,203,784,119,10,2,84.4254
18,203,784,120,10,2,85.2133
18,203,784,121,10,2,85.9687
18,203,784,122,10,2,86.7666
18,203,784,123,10,2,87.4995
18,203,784,124,10,2,88.3214
18,203,784,125,10,2,89.0063
18,203,784,126,10,2,89.7793
18,203,784,127,10,2,90.4603
18,203,784,128,10,2,91.1834
18,203,784,129,10,2,91.8925
18,203,784,130,10,2,92.4155
18,207,784,101,10,2,47
18,207,784,102,10,2,51.69
18,207,784,103,10,2,56.27
18,207,784,104,10,2,61.06
18,207,784,105,10,2,65.53
18,207,784,106,10,2,68.86
18,207,784,107,10,2,71.2
18,207,784,108,10,2,72.8
18,207,784,109,10,2,74.04
18,207,784,110,10,2,75.13
18,207,784,111,10,2,76.31
18,207,784,112,10,2,77.29
18,207,784,113,10,2,78.23
18,207,784,114,10,2,79.09
18,207,784,115,10,2,78.5247
18,207,784,116,10,2,78.8186
18,207,784,117,10,2,79.2334
18,207,784,118,10,2,79.432
18,207,784,119,10,2,79.7198
18,207,784,120,10,2,80.0502
18,207,784,121,10,2,80.3777
18,207,784,122,10,2,80.8883
18,207,784,123,10,2,81.2663
18,207,784,124,10,2,81.485
18,207,784,125,10,2,81.9955
18,207,784,126,10,2,82.3852
18,207,784,127,10,2,82.8957
18,207,784,128,10,2,83.1418
18,207,784,129,10,2,83.5636
18,207,784,130,10,2,84.01
18,206,784,101,10,2,47
18,206,784,102,10,2,51.69
18,206,784,103,10,2,56.27
18,206,784,104,10,2,61.06
18,206,784,105,10,2,65.53
18,206,784,106,10,2,68.86
18,206,784,107,10,2,71.2
18,206,784,108,10,2,72.8
18,206,784,109,10,2,74.04
18,206,784,110,10,2,75.13
18,206,784,111,10,2,76.31
18,206,784,112,10,2,77.29
18,206,784,113,10,2,78.23
18,206,784,114,10,2,79.09
18,206,784,115,10,2,81.1346
18,206,784,116,10,2,82.408
18,206,784,117,10,2,83.5406
18,206,784,118,10,2,84.6098
18,206,784,119,10,2,85.5057
18,206,784,120,10,2,86.2863
18,206,784,121,10,2,87.0088
18,206,784,122,10,2,87.7728
18,206,784,123,10,2,88.9095
18,206,784,124,10,2,89.6164
18,206,784,125,10,2,90.4284
18,206,784,126,10,2,91.3779
18,206,784,127,10,2,92.1828
18,206,784,128,10,2,92.6082
18,206,784,129,10,2,93.1799
18,206,784,130,10,2,93.7207
18,8,784,101,10,2,47
18,8,784,102,10,2,51.69
18,8,784,103,10,2,56.27
18,8,784,104,10,2,61.06
18,8,784,105,10,2,65.53
18,8,784,106,10,2,68.86
18,8,784,107,10,2,71.2
18,8,784,108,10,2,72.8
18,8,784,109,10,2,74.04
18,8,784,110,10,2,75.13
18,8,784,111,10,2,76.31
18,8,784,112,10,2,77.29
18,8,784,113,10,2,78.23
18,8,784,114,10,2,79.09
18,8,784,115,10,2,79.09
18,8,784,116,10,2,79.09
18,8,784,117,10,2,79.09
18,8,784,118,10,2,79.09
18,8,784,119,10,2,79.09
18,8,784,120,10,2,79.09
18,8,784,121,10,2,79.09
18,8,784,122,10,2,79.09
18,8,784,123,10,2,79.09
18,8,784,124,10,2,79.09
18,8,784,125,10,2,79.09
18,8,784,126,10,2,79.09
18,8,784,127,10,2,79.09
18,8,784,128,10,2,79.09
18,8,784,129,10,2,79.09
18,8,784,130,10,2,79.09
18,202,887,101,10,2,30.44
18,202,887,102,10,2,30.86
18,202,887,103,10,2,31.8
18,202,887,104,10,2,35.6
18,202,887,105,10,2,40.88
18,202,887,106,10,2,46.64
18,202,887,107,10,2,53.09
18,202,887,108,10,2,57.56
18,202,887,109,10,2,59.68
18,202,887,110,10,2,61.09
18,202,887,111,10,2,63.65
18,202,887,112,10,2,66.35
18,202,887,113,10,2,67.7
18,202,887,114,10,2,67.73
18,202,887,115,10,2,68.745
18,202,887,116,10,2,69.5775
18,202,887,117,10,2,70.3772
18,202,887,118,10,2,71.1409
18,202,887,119,10,2,71.912
18,202,887,120,10,2,72.5968
18,202,887,121,10,2,73.301
18,202,887,122,10,2,73.8854
18,202,887,123,10,2,74.5891
18,202,887,124,10,2,75.2498
18,202,887,125,10,2,75.8477
18,202,887,126,10,2,76.4828
18,202,887,127,10,2,77.1379
18,202,887,128,10,2,77.6182
18,202,887,129,10,2,78.2185
18,202,887,130,10,2,78.8057
18,204,887,101,10,2,30.44
18,204,887,102,10,2,30.86
18,204,887,103,10,2,31.8
18,204,887,104,10,2,35.6
18,204,887,105,10,2,40.88
18,204,887,106,10,2,46.64
18,204,887,107,10,2,53.09
18,204,887,108,10,2,57.56
18,204,887,109,10,2,59.68
18,204,887,110,10,2,61.09
18,204,887,111,10,2,63.65
18,204,887,112,10,2,66.35
18,204,887,113,10,2,67.7
18,204,887,114,10,2,67.73
18,204,887,115,10,2,67.5686
18,204,887,116,10,2,67.9379
18,204,887,117,10,2,68.5951
18,204,887,118,10,2,69.0533
18,204,887,119,10,2,69.6014
18,204,887,120,10,2,70.0536
18,204,887,121,10,2,70.429
18,204,887,122,10,2,71.1041
18,204,887,123,10,2,71.3281
18,204,887,124,10,2,71.862
18,204,887,125,10,2,72.2665
18,204,887,126,10,2,72.6711
18,204,887,127,10,2,73.1583
18,204,887,128,10,2,73.5444
18,204,887,129,10,2,73.8759
18,204,887,130,10,2,74.3276
18,203,887,101,10,2,30.44
18,203,887,102,10,2,30.86
18,203,887,103,10,2,31.8
18,203,887,104,10,2,35.6
18,203,887,105,10,2,40.88
18,203,887,106,10,2,46.64
18,203,887,107,10,2,53.09
18,203,887,108,10,2,57.56
18,203,887,109,10,2,59.68
18,203,887,110,10,2,61.09
18,203,887,111,10,2,63.65
18,203,887,112,10,2,66.35
18,203,887,113,10,2,67.7
18,203,887,114,10,2,67.73
18,203,887,115,10,2,69.9269
18,203,887,116,10,2,71.1992
18,203,887,117,10,2,72.4352
18,203,887,118,10,2,73.4024
18,203,887,119,10,2,74.3437
18,203,887,120,10,2,75.4194
18,203,887,121,10,2,76.1411
18,203,887,122,10,2,76.8676
18,203,887,123,10,2,77.6434
18,203,887,124,10,2,78.529
18,203,887,125,10,2,79.0672
18,203,887,126,10,2,79.7493
18,203,887,127,10,2,80.5395
18,203,887,128,10,2,81.304
18,203,887,129,10,2,81.9833
18,203,887,130,10,2,82.8005
18,207,887,101,10,2,30.44
18,207,887,102,10,2,30.86
18,207,887,103,10,2,31.8
18,207,887,104,10,2,35.6
18,207,887,105,10,2,40.88
18,207,887,106,10,2,46.64
18,207,887,107,10,2,53.09
18,207,887,108,10,2,57.56
18,207,887,109,10,2,59.68
18,207,887,110,10,2,61.09
18,207,887,111,10,2,63.65
18,207,887,112,10,2,66.35
18,207,887,113,10,2,67.7
18,207,887,114,10,2,67.73
18,207,887,115,10,2,66.9487
18,207,887,116,10,2,67.0797
18,207,887,117,10,2,67.5167
18,207,887,118,10,2,67.7321
18,207,887,119,10,2,68.3567
18,207,887,120,10,2,68.7124
18,207,887,121,10,2,69.0899
18,207,887,122,10,2,69.2161
18,207,887,123,10,2,69.4361
18,207,887,124,10,2,69.8386
18,207,887,125,10,2,70.2824
18,207,887,126,10,2,70.1715
18,207,887,127,10,2,70.7999
18,207,887,128,10,2,71.3235
18,207,887,129,10,2,71.5719
18,207,887,130,10,2,72.1265
18,206,887,101,10,2,30.44
18,206,887,102,10,2,30.86
18,206,887,103,10,2,31.8
18,206,887,104,10,2,35.6
18,206,887,105,10,2,40.88
18,206,887,106,10,2,46.64
18,206,887,107,10,2,53.09
18,206,887,108,10,2,57.56
18,206,887,109,10,2,59.68
18,206,887,110,10,2,61.09
18,206,887,111,10,2,63.65
18,206,887,112,10,2,66.35
18,206,887,113,10,2,67.7
18,206,887,114,10,2,67.73
18,206,887,115,10,2,70.4963
18,206,887,116,10,2,72.0107
18,206,887,117,10,2,73.3698
18,206,887,118,10,2,74.6257
18,206,887,119,10,2,75.6443
18,206,887,120,10,2,76.6385
18,206,887,121,10,2,77.364
18,206,887,122,10,2,78.3511
18,206,887,123,10,2,79.2282
18,206,887,124,10,2,80.1423
18,206,887,125,10,2,80.9563
18,206,887,126,10,2,81.7818
18,206,887,127,10,2,82.5326
18,206,887,128,10,2,83.065
18,206,887,129,10,2,83.8381
18,206,887,130,10,2,84.6356
18,8,887,101,10,2,30.44
18,8,887,102,10,2,30.86
18,8,887,103,10,2,31.8
18,8,887,104,10,2,35.6
18,8,887,105,10,2,40.88
18,8,887,106,10,2,46.64
18,8,887,107,10,2,53.09
18,8,887,108,10,2,57.56
18,8,887,109,10,2,59.68
18,8,887,110,10,2,61.09
18,8,887,111,10,2,63.65
18,8,887,112,10,2,66.35
18,8,887,113,10,2,67.7
18,8,887,114,10,2,67.73
18,8,887,115,10,2,67.73
18,8,887,116,10,2,67.73
18,8,887,117,10,2,67.73
18,8,887,118,10,2,67.73
18,8,887,119,10,2,67.73
18,8,887,120,10,2,67.73
18,8,887,121,10,2,67.73
18,8,887,122,10,2,67.73
18,8,887,123,10,2,67.73
18,8,887,124,10,2,67.73
18,8,887,125,10,2,67.73
18,8,887,126,10,2,67.73
18,8,887,127,10,2,67.73
18,8,887,128,10,2,67.73
18,8,887,129,10,2,67.73
18,8,887,130,10,2,67.73
18,202,398,101,10,2,60.69
18,202,398,102,10,2,62.74
18,202,398,103,10,2,64.78
18,202,398,104,10,2,66.84
18,202,398,105,10,2,68.37
18,202,398,106,10,2,69.42
18,202,398,107,10,2,71
18,202,398,108,10,2,72.25
18,202,398,109,10,2,70.3
18,202,398,110,10,2,68.95
18,202,398,111,10,2,70.42
18,202,398,112,10,2,71.9
18,202,398,113,10,2,73.87
18,202,398,114,10,2,77.35
18,202,398,115,10,2,77.9874
18,202,398,116,10,2,78.6393
18,202,398,117,10,2,79.3355
18,202,398,118,10,2,79.8958
18,202,398,119,10,2,80.5013
18,202,398,120,10,2,81.1208
18,202,398,121,10,2,81.7369
18,202,398,122,10,2,82.3139
18,202,398,123,10,2,82.9245
18,202,398,124,10,2,83.4147
18,202,398,125,10,2,84.0387
18,202,398,126,10,2,84.7191
18,202,398,127,10,2,85.1783
18,202,398,128,10,2,85.7443
18,202,398,129,10,2,86.3311
18,202,398,130,10,2,86.9462
18,204,398,101,10,2,60.69
18,204,398,102,10,2,62.74
18,204,398,103,10,2,64.78
18,204,398,104,10,2,66.84
18,204,398,105,10,2,68.37
18,204,398,106,10,2,69.42
18,204,398,107,10,2,71
18,204,398,108,10,2,72.25
18,204,398,109,10,2,70.3
18,204,398,110,10,2,68.95
18,204,398,111,10,2,70.42
18,204,398,112,10,2,71.9
18,204,398,113,10,2,73.87
18,204,398,114,10,2,77.35
18,204,398,115,10,2,77.1386
18,204,398,116,10,2,77.3519
18,204,398,117,10,2,77.7078
18,204,398,118,10,2,78.107
18,204,398,119,10,2,78.5291
18,204,398,120,10,2,79.0297
18,204,398,121,10,2,79.5129
18,204,398,122,10,2,79.9463
18,204,398,123,10,2,80.2582
18,204,398,124,10,2,80.639
18,204,398,125,10,2,81.1472
18,204,398,126,10,2,81.6893
18,204,398,127,10,2,82.0703
18,204,398,128,10,2,82.4225
18,204,398,129,10,2,83.004
18,204,398,130,10,2,83.3584
18,203,398,101,10,2,60.69
18,203,398,102,10,2,62.74
18,203,398,103,10,2,64.78
18,203,398,104,10,2,66.84
18,203,398,105,10,2,68.37
18,203,398,106,10,2,69.42
18,203,398,107,10,2,71
18,203,398,108,10,2,72.25
18,203,398,109,10,2,70.3
18,203,398,110,10,2,68.95
18,203,398,111,10,2,70.42
18,203,398,112,10,2,71.9
18,203,398,113,10,2,73.87
18,203,398,114,10,2,77.35
18,203,398,115,10,2,78.8914
18,203,398,116,10,2,79.9883
18,203,398,117,10,2,80.8194
18,203,398,118,10,2,81.6506
18,203,398,119,10,2,82.3873
18,203,398,120,10,2,83.1628
18,203,398,121,10,2,83.9552
18,203,398,122,10,2,84.6283
18,203,398,123,10,2,85.3535
18,203,398,124,10,2,85.9822
18,203,398,125,10,2,86.737
18,203,398,126,10,2,87.415
18,203,398,127,10,2,88.0706
18,203,398,128,10,2,88.6643
18,203,398,129,10,2,89.3922
18,203,398,130,10,2,90.0441
18,207,398,101,10,2,60.69
18,207,398,102,10,2,62.74
18,207,398,103,10,2,64.78
18,207,398,104,10,2,66.84
18,207,398,105,10,2,68.37
18,207,398,106,10,2,69.42
18,207,398,107,10,2,71
18,207,398,108,10,2,72.25
18,207,398,109,10,2,70.3
18,207,398,110,10,2,68.95
18,207,398,111,10,2,70.42
18,207,398,112,10,2,71.9
18,207,398,113,10,2,73.87
18,207,398,114,10,2,77.35
18,207,398,115,10,2,76.7383
18,207,398,116,10,2,76.7347
18,207,398,117,10,2,76.9838
18,207,398,118,10,2,77.1336
18,207,398,119,10,2,77.4498
18,207,398,120,10,2,77.8327
18,207,398,121,10,2,78.0917
18,207,398,122,10,2,78.4154
18,207,398,123,10,2,78.93
18,207,398,124,10,2,79.055
18,207,398,125,10,2,79.5701
18,207,398,126,10,2,79.9645
18,207,398,127,10,2,80.2175
18,207,398,128,10,2,80.6532
18,207,398,129,10,2,81.1182
18,207,398,130,10,2,81.4015
18,206,398,101,10,2,60.69
18,206,398,102,10,2,62.74
18,206,398,103,10,2,64.78
18,206,398,104,10,2,66.84
18,206,398,105,10,2,68.37
18,206,398,106,10,2,69.42
18,206,398,107,10,2,71
18,206,398,108,10,2,72.25
18,206,398,109,10,2,70.3
18,206,398,110,10,2,68.95
18,206,398,111,10,2,70.42
18,206,398,112,10,2,71.9
18,206,398,113,10,2,73.87
18,206,398,114,10,2,77.35
18,206,398,115,10,2,79.3036
18,206,398,116,10,2,80.5868
18,206,398,117,10,2,81.5555
18,206,398,118,10,2,82.6
18,206,398,119,10,2,83.2975
18,206,398,120,10,2,84.199
18,206,398,121,10,2,85.0392
18,206,398,122,10,2,85.7719
18,206,398,123,10,2,86.5967
18,206,398,124,10,2,87.2596
18,206,398,125,10,2,87.8034
18,206,398,126,10,2,88.5889
18,206,398,127,10,2,89.319
18,206,398,128,10,2,90.0059
18,206,398,129,10,2,90.8149
18,206,398,130,10,2,91.6704
18,8,398,101,10,2,60.69
18,8,398,102,10,2,62.74
18,8,398,103,10,2,64.78
18,8,398,104,10,2,66.84
18,8,398,105,10,2,68.37
18,8,398,106,10,2,69.42
18,8,398,107,10,2,71
18,8,398,108,10,2,72.25
18,8,398,109,10,2,70.3
18,8,398,110,10,2,68.95
18,8,398,111,10,2,70.42
18,8,398,112,10,2,71.9
18,8,398,113,10,2,73.87
18,8,398,114,10,2,77.35
18,8,398,115,10,2,77.35
18,8,398,116,10,2,77.35
18,8,398,117,10,2,77.35
18,8,398,118,10,2,77.35
18,8,398,119,10,2,77.35
18,8,398,120,10,2,77.35
18,8,398,121,10,2,77.35
18,8,398,122,10,2,77.35
18,8,398,123,10,2,77.35
18,8,398,124,10,2,77.35
18,8,398,125,10,2,77.35
18,8,398,126,10,2,77.35
18,8,398,127,10,2,77.35
18,8,398,128,10,2,77.35
18,8,398,129,10,2,77.35
18,8,398,130,10,2,77.35
18,202,417,101,10,2,57.24
18,202,417,102,10,2,59.38
18,202,417,103,10,2,61.52
18,202,417,104,10,2,63.66
18,202,417,105,10,2,65.3
18,202,417,106,10,2,66.45
18,202,417,107,10,2,68.1
18,202,417,108,10,2,69.79
18,202,417,109,10,2,70.25
18,202,417,110,10,2,69.99
18,202,417,111,10,2,70.95
18,202,417,112,10,2,71.72
18,202,417,113,10,2,74.29
18,202,417,114,10,2,75.36
18,202,417,115,10,2,76.1108
18,202,417,116,10,2,76.8164
18,202,417,117,10,2,77.4261
18,202,417,118,10,2,78.0833
18,202,417,119,10,2,78.8154
18,202,417,120,10,2,79.502
18,202,417,121,10,2,80.1184
18,202,417,122,10,2,80.7395
18,202,417,123,10,2,81.3018
18,202,417,124,10,2,81.8245
18,202,417,125,10,2,82.4768
18,202,417,126,10,2,83.0764
18,202,417,127,10,2,83.6745
18,202,417,128,10,2,84.3076
18,202,417,129,10,2,84.9149
18,202,417,130,10,2,85.4133
18,204,417,101,10,2,57.24
18,204,417,102,10,2,59.38
18,204,417,103,10,2,61.52
18,204,417,104,10,2,63.66
18,204,417,105,10,2,65.3
18,204,417,106,10,2,66.45
18,204,417,107,10,2,68.1
18,204,417,108,10,2,69.79
18,204,417,109,10,2,70.25
18,204,417,110,10,2,69.99
18,204,417,111,10,2,70.95
18,204,417,112,10,2,71.72
18,204,417,113,10,2,74.29
18,204,417,114,10,2,75.36
18,204,417,115,10,2,75.0865
18,204,417,116,10,2,75.4175
18,204,417,117,10,2,75.7439
18,204,417,118,10,2,76.1584
18,204,417,119,10,2,76.5414
18,204,417,120,10,2,76.7942
18,204,417,121,10,2,77.2484
18,204,417,122,10,2,77.7054
18,204,417,123,10,2,78.2133
18,204,417,124,10,2,78.6598
18,204,417,125,10,2,79.1148
18,204,417,126,10,2,79.569
18,204,417,127,10,2,80.0669
18,204,417,128,10,2,80.5789
18,204,417,129,10,2,80.9701
18,204,417,130,10,2,81.3059
18,203,417,101,10,2,57.24
18,203,417,102,10,2,59.38
18,203,417,103,10,2,61.52
18,203,417,104,10,2,63.66
18,203,417,105,10,2,65.3
18,203,417,106,10,2,66.45
18,203,417,107,10,2,68.1
18,203,417,108,10,2,69.79
18,203,417,109,10,2,70.25
18,203,417,110,10,2,69.99
18,203,417,111,10,2,70.95
18,203,417,112,10,2,71.72
18,203,417,113,10,2,74.29
18,203,417,114,10,2,75.36
18,203,417,115,10,2,77.1049
18,203,417,116,10,2,78.2253
18,203,417,117,10,2,79.1882
18,203,417,118,10,2,80.1172
18,203,417,119,10,2,80.9313
18,203,417,120,10,2,81.6482
18,203,417,121,10,2,82.6134
18,203,417,122,10,2,83.3136
18,203,417,123,10,2,84.0855
18,203,417,124,10,2,84.8377
18,203,417,125,10,2,85.5451
18,203,417,126,10,2,86.2404
18,203,417,127,10,2,86.8887
18,203,417,128,10,2,87.5556
18,203,417,129,10,2,88.1189
18,203,417,130,10,2,88.7325
18,207,417,101,10,2,57.24
18,207,417,102,10,2,59.38
18,207,417,103,10,2,61.52
18,207,417,104,10,2,63.66
18,207,417,105,10,2,65.3
18,207,417,106,10,2,66.45
18,207,417,107,10,2,68.1
18,207,417,108,10,2,69.79
18,207,417,109,10,2,70.25
18,207,417,110,10,2,69.99
18,207,417,111,10,2,70.95
18,207,417,112,10,2,71.72
18,207,417,113,10,2,74.29
18,207,417,114,10,2,75.36
18,207,417,115,10,2,74.7079
18,207,417,116,10,2,74.6799
18,207,417,117,10,2,74.9021
18,207,417,118,10,2,75.1219
18,207,417,119,10,2,75.3693
18,207,417,120,10,2,75.7845
18,207,417,121,10,2,76.131
18,207,417,122,10,2,76.538
18,207,417,123,10,2,76.6899
18,207,417,124,10,2,77.2515
18,207,417,125,10,2,77.5682
18,207,417,126,10,2,77.8037
18,207,417,127,10,2,78.1753
18,207,417,128,10,2,78.2137
18,207,417,129,10,2,78.5563
18,207,417,130,10,2,79.1461
18,206,417,101,10,2,57.24
18,206,417,102,10,2,59.38
18,206,417,103,10,2,61.52
18,206,417,104,10,2,63.66
18,206,417,105,10,2,65.3
18,206,417,106,10,2,66.45
18,206,417,107,10,2,68.1
18,206,417,108,10,2,69.79
18,206,417,109,10,2,70.25
18,206,417,110,10,2,69.99
18,206,417,111,10,2,70.95
18,206,417,112,10,2,71.72
18,206,417,113,10,2,74.29
18,206,417,114,10,2,75.36
18,206,417,115,10,2,77.6847
18,206,417,116,10,2,78.8764
18,206,417,117,10,2,79.9641
18,206,417,118,10,2,81.005
18,206,417,119,10,2,81.9802
18,206,417,120,10,2,82.7792
18,206,417,121,10,2,83.7197
18,206,417,122,10,2,84.546
18,206,417,123,10,2,85.3486
18,206,417,124,10,2,86.151
18,206,417,125,10,2,86.8753
18,206,417,126,10,2,87.4023
18,206,417,127,10,2,88.3773
18,206,417,128,10,2,89.118
18,206,417,129,10,2,89.9119
18,206,417,130,10,2,90.6704
18,8,417,101,10,2,57.24
18,8,417,102,10,2,59.38
18,8,417,103,10,2,61.52
18,8,417,104,10,2,63.66
18,8,417,105,10,2,65.3
18,8,417,106,10,2,66.45
18,8,417,107,10,2,68.1
18,8,417,108,10,2,69.79
18,8,417,109,10,2,70.25
18,8,417,110,10,2,69.99
18,8,417,111,10,2,70.95
18,8,417,112,10,2,71.72
18,8,417,113,10,2,74.29
18,8,417,114,10,2,75.36
18,8,417,115,10,2,75.36
18,8,417,116,10,2,75.36
18,8,417,117,10,2,75.36
18,8,417,118,10,2,75.36
18,8,417,119,10,2,75.36
18,8,417,120,10,2,75.36
18,8,417,121,10,2,75.36
18,8,417,122,10,2,75.36
18,8,417,123,10,2,75.36
18,8,417,124,10,2,75.36
18,8,417,125,10,2,75.36
18,8,417,126,10,2,75.36
18,8,417,127,10,2,75.36
18,8,417,128,10,2,75.36
18,8,417,129,10,2,75.36
18,8,417,130,10,2,75.36
18,202,762,101,10,2,49.69
18,202,762,102,10,2,51.35
18,202,762,103,10,2,52.98
18,202,762,104,10,2,54.59
18,202,762,105,10,2,56.66
18,202,762,106,10,2,58.52
18,202,762,107,10,2,59.29
18,202,762,108,10,2,61.82
18,202,762,109,10,2,60.97
18,202,762,110,10,2,62
18,202,762,111,10,2,66.23
18,202,762,112,10,2,70.06
18,202,762,113,10,2,71.84
18,202,762,114,10,2,73.05
18,202,762,115,10,2,74.2569
18,202,762,116,10,2,75.3114
18,202,762,117,10,2,76.2412
18,202,762,118,10,2,77.2214
18,202,762,119,10,2,78.1347
18,202,762,120,10,2,78.984
18,202,762,121,10,2,79.8181
18,202,762,122,10,2,80.5076
18,202,762,123,10,2,81.2629
18,202,762,124,10,2,81.9745
18,202,762,125,10,2,82.6758
18,202,762,126,10,2,83.249
18,202,762,127,10,2,83.9111
18,202,762,128,10,2,84.5062
18,202,762,129,10,2,85.1228
18,202,762,130,10,2,85.7611
18,204,762,101,10,2,49.69
18,204,762,102,10,2,51.35
18,204,762,103,10,2,52.98
18,204,762,104,10,2,54.59
18,204,762,105,10,2,56.66
18,204,762,106,10,2,58.52
18,204,762,107,10,2,59.29
18,204,762,108,10,2,61.82
18,204,762,109,10,2,60.97
18,204,762,110,10,2,62
18,204,762,111,10,2,66.23
18,204,762,112,10,2,70.06
18,204,762,113,10,2,71.84
18,204,762,114,10,2,73.05
18,204,762,115,10,2,73.1797
18,204,762,116,10,2,73.6545
18,204,762,117,10,2,74.2802
18,204,762,118,10,2,74.9936
18,204,762,119,10,2,75.6081
18,204,762,120,10,2,76.141
18,204,762,121,10,2,76.7816
18,204,762,122,10,2,77.3845
18,204,762,123,10,2,77.9297
18,204,762,124,10,2,78.4474
18,204,762,125,10,2,79.0759
18,204,762,126,10,2,79.6013
18,204,762,127,10,2,80.1538
18,204,762,128,10,2,80.5311
18,204,762,129,10,2,81.0159
18,204,762,130,10,2,81.5335
18,203,762,101,10,2,49.69
18,203,762,102,10,2,51.35
18,203,762,103,10,2,52.98
18,203,762,104,10,2,54.59
18,203,762,105,10,2,56.66
18,203,762,106,10,2,58.52
18,203,762,107,10,2,59.29
18,203,762,108,10,2,61.82
18,203,762,109,10,2,60.97
18,203,762,110,10,2,62
18,203,762,111,10,2,66.23
18,203,762,112,10,2,70.06
18,203,762,113,10,2,71.84
18,203,762,114,10,2,73.05
18,203,762,115,10,2,75.3815
18,203,762,116,10,2,77.0149
18,203,762,117,10,2,78.3584
18,203,762,118,10,2,79.5324
18,203,762,119,10,2,80.5825
18,203,762,120,10,2,81.4933
18,203,762,121,10,2,82.3881
18,203,762,122,10,2,83.1601
18,203,762,123,10,2,83.9326
18,203,762,124,10,2,84.8256
18,203,762,125,10,2,85.4861
18,203,762,126,10,2,86.2125
18,203,762,127,10,2,86.9982
18,203,762,128,10,2,87.7055
18,203,762,129,10,2,88.4362
18,203,762,130,10,2,89.1056
18,207,762,101,10,2,49.69
18,207,762,102,10,2,51.35
18,207,762,103,10,2,52.98
18,207,762,104,10,2,54.59
18,207,762,105,10,2,56.66
18,207,762,106,10,2,58.52
18,207,762,107,10,2,59.29
18,207,762,108,10,2,61.82
18,207,762,109,10,2,60.97
18,207,762,110,10,2,62
18,207,762,111,10,2,66.23
18,207,762,112,10,2,70.06
18,207,762,113,10,2,71.84
18,207,762,114,10,2,73.05
18,207,762,115,10,2,72.4943
18,207,762,116,10,2,72.7924
18,207,762,117,10,2,73.2933
18,207,762,118,10,2,73.7896
18,207,762,119,10,2,74.0807
18,207,762,120,10,2,74.4443
18,207,762,121,10,2,75.2222
18,207,762,122,10,2,75.619
18,207,762,123,10,2,76.0476
18,207,762,124,10,2,76.5526
18,207,762,125,10,2,77.3297
18,207,762,126,10,2,77.6785
18,207,762,127,10,2,78.247
18,207,762,128,10,2,78.5554
18,207,762,129,10,2,79.1199
18,207,762,130,10,2,79.4982
18,206,762,101,10,2,49.69
18,206,762,102,10,2,51.35
18,206,762,103,10,2,52.98
18,206,762,104,10,2,54.59
18,206,762,105,10,2,56.66
18,206,762,106,10,2,58.52
18,206,762,107,10,2,59.29
18,206,762,108,10,2,61.82
18,206,762,109,10,2,60.97
18,206,762,110,10,2,62
18,206,762,111,10,2,66.23
18,206,762,112,10,2,70.06
18,206,762,113,10,2,71.84
18,206,762,114,10,2,73.05
18,206,762,115,10,2,76.0377
18,206,762,116,10,2,77.7418
18,206,762,117,10,2,79.4144
18,206,762,118,10,2,80.736
18,206,762,119,10,2,81.9474
18,206,762,120,10,2,82.8657
18,206,762,121,10,2,83.6763
18,206,762,122,10,2,84.5232
18,206,762,123,10,2,85.32
18,206,762,124,10,2,86.0325
18,206,762,125,10,2,86.6976
18,206,762,126,10,2,87.7164
18,206,762,127,10,2,88.3529
18,206,762,128,10,2,89.2168
18,206,762,129,10,2,89.8868
18,206,762,130,10,2,90.5768
18,8,762,101,10,2,49.69
18,8,762,102,10,2,51.35
18,8,762,103,10,2,52.98
18,8,762,104,10,2,54.59
18,8,762,105,10,2,56.66
18,8,762,106,10,2,58.52
18,8,762,107,10,2,59.29
18,8,762,108,10,2,61.82
18,8,762,109,10,2,60.97
18,8,762,110,10,2,62
18,8,762,111,10,2,66.23
18,8,762,112,10,2,70.06
18,8,762,113,10,2,71.84
18,8,762,114,10,2,73.05
18,8,762,115,10,2,73.05
18,8,762,116,10,2,73.05
18,8,762,117,10,2,73.05
18,8,762,118,10,2,73.05
18,8,762,119,10,2,73.05
18,8,762,120,10,2,73.05
18,8,762,121,10,2,73.05
18,8,762,122,10,2,73.05
18,8,762,123,10,2,73.05
18,8,762,124,10,2,73.05
18,8,762,125,10,2,73.05
18,8,762,126,10,2,73.05
18,8,762,127,10,2,73.05
18,8,762,128,10,2,73.05
18,8,762,129,10,2,73.05
18,8,762,130,10,2,73.05
18,202,795,101,10,2,55.07
18,202,795,102,10,2,57.11
18,202,795,103,10,2,59.14
18,202,795,104,10,2,61.18
18,202,795,105,10,2,62.72
18,202,795,106,10,2,63.76
18,202,795,107,10,2,65.29
18,202,795,108,10,2,66.28
18,202,795,109,10,2,66.64
18,202,795,110,10,2,67.34
18,202,795,111,10,2,68.23
18,202,795,112,10,2,69.59
18,202,795,113,10,2,70.76
18,202,795,114,10,2,71.5
18,202,795,115,10,2,72.1439
18,202,795,116,10,2,72.8429
18,202,795,117,10,2,73.4836
18,202,795,118,10,2,74.1578
18,202,795,119,10,2,74.7488
18,202,795,120,10,2,75.3909
18,202,795,121,10,2,76.0485
18,202,795,122,10,2,76.6791
18,202,795,123,10,2,77.1727
18,202,795,124,10,2,77.8053
18,202,795,125,10,2,78.425
18,202,795,126,10,2,79.0193
18,202,795,127,10,2,79.5471
18,202,795,128,10,2,80.0806
18,202,795,129,10,2,80.5949
18,202,795,130,10,2,81.2196
18,204,795,101,10,2,55.07
18,204,795,102,10,2,57.11
18,204,795,103,10,2,59.14
18,204,795,104,10,2,61.18
18,204,795,105,10,2,62.72
18,204,795,106,10,2,63.76
18,204,795,107,10,2,65.29
18,204,795,108,10,2,66.28
18,204,795,109,10,2,66.64
18,204,795,110,10,2,67.34
18,204,795,111,10,2,68.23
18,204,795,112,10,2,69.59
18,204,795,113,10,2,70.76
18,204,795,114,10,2,71.5
18,204,795,115,10,2,71.0899
18,204,795,116,10,2,71.4169
18,204,795,117,10,2,71.6217
18,204,795,118,10,2,71.9205
18,204,795,119,10,2,72.4688
18,204,795,120,10,2,72.765
18,204,795,121,10,2,73.0068
18,204,795,122,10,2,73.237
18,204,795,123,10,2,73.8489
18,204,795,124,10,2,74.3586
18,204,795,125,10,2,74.7544
18,204,795,126,10,2,75.2762
18,204,795,127,10,2,75.8079
18,204,795,128,10,2,76.1041
18,204,795,129,10,2,76.383
18,204,795,130,10,2,76.701
18,203,795,101,10,2,55.07
18,203,795,102,10,2,57.11
18,203,795,103,10,2,59.14
18,203,795,104,10,2,61.18
18,203,795,105,10,2,62.72
18,203,795,106,10,2,63.76
18,203,795,107,10,2,65.29
18,203,795,108,10,2,66.28
18,203,795,109,10,2,66.64
18,203,795,110,10,2,67.34
18,203,795,111,10,2,68.23
18,203,795,112,10,2,69.59
18,203,795,113,10,2,70.76
18,203,795,114,10,2,71.5
18,203,795,115,10,2,73.2644
18,203,795,116,10,2,74.3726
18,203,795,117,10,2,75.3024
18,203,795,118,10,2,76.1902
18,203,795,119,10,2,77.0359
18,203,795,120,10,2,77.7359
18,203,795,121,10,2,78.5388
18,203,795,122,10,2,79.3556
18,203,795,123,10,2,79.9442
18,203,795,124,10,2,80.7711
18,203,795,125,10,2,81.3984
18,203,795,126,10,2,82.0669
18,203,795,127,10,2,82.8822
18,203,795,128,10,2,83.5186
18,203,795,129,10,2,84.2507
18,203,795,130,10,2,84.8315
18,207,795,101,10,2,55.07
18,207,795,102,10,2,57.11
18,207,795,103,10,2,59.14
18,207,795,104,10,2,61.18
18,207,795,105,10,2,62.72
18,207,795,106,10,2,63.76
18,207,795,107,10,2,65.29
18,207,795,108,10,2,66.28
18,207,795,109,10,2,66.64
18,207,795,110,10,2,67.34
18,207,795,111,10,2,68.23
18,207,795,112,10,2,69.59
18,207,795,113,10,2,70.76
18,207,795,114,10,2,71.5
18,207,795,115,10,2,70.4608
18,207,795,116,10,2,70.5986
18,207,795,117,10,2,70.7569
18,207,795,118,10,2,70.8677
18,207,795,119,10,2,71.034
18,207,795,120,10,2,71.4555
18,207,795,121,10,2,71.697
18,207,795,122,10,2,71.8267
18,207,795,123,10,2,72.1078
18,207,795,124,10,2,72.4797
18,207,795,125,10,2,73.0067
18,207,795,126,10,2,73.22
18,207,795,127,10,2,73.6209
18,207,795,128,10,2,73.9448
18,207,795,129,10,2,74.2575
18,207,795,130,10,2,74.3846
18,206,795,101,10,2,55.07
18,206,795,102,10,2,57.11
18,206,795,103,10,2,59.14
18,206,795,104,10,2,61.18
18,206,795,105,10,2,62.72
18,206,795,106,10,2,63.76
18,206,795,107,10,2,65.29
18,206,795,108,10,2,66.28
18,206,795,109,10,2,66.64
18,206,795,110,10,2,67.34
18,206,795,111,10,2,68.23
18,206,795,112,10,2,69.59
18,206,795,113,10,2,70.76
18,206,795,114,10,2,71.5
18,206,795,115,10,2,73.9475
18,206,795,116,10,2,75.1778
18,206,795,117,10,2,76.2084
18,206,795,118,10,2,77.3294
18,206,795,119,10,2,78.2712
18,206,795,120,10,2,79.0177
18,206,795,121,10,2,79.8604
18,206,795,122,10,2,80.844
18,206,795,123,10,2,81.5126
18,206,795,124,10,2,82.3992
18,206,795,125,10,2,83.1886
18,206,795,126,10,2,84.2858
18,206,795,127,10,2,84.9225
18,206,795,128,10,2,85.833
18,206,795,129,10,2,86.4774
18,206,795,130,10,2,87.0885
18,8,795,101,10,2,55.07
18,8,795,102,10,2,57.11
18,8,795,103,10,2,59.14
18,8,795,104,10,2,61.18
18,8,795,105,10,2,62.72
18,8,795,106,10,2,63.76
18,8,795,107,10,2,65.29
18,8,795,108,10,2,66.28
18,8,795,109,10,2,66.64
18,8,795,110,10,2,67.34
18,8,795,111,10,2,68.23
18,8,795,112,10,2,69.59
18,8,795,113,10,2,70.76
18,8,795,114,10,2,71.5
18,8,795,115,10,2,71.5
18,8,795,116,10,2,71.5
18,8,795,117,10,2,71.5
18,8,795,118,10,2,71.5
18,8,795,119,10,2,71.5
18,8,795,120,10,2,71.5
18,8,795,121,10,2,71.5
18,8,795,122,10,2,71.5
18,8,795,123,10,2,71.5
18,8,795,124,10,2,71.5
18,8,795,125,10,2,71.5
18,8,795,126,10,2,71.5
18,8,795,127,10,2,71.5
18,8,795,128,10,2,71.5
18,8,795,129,10,2,71.5
18,8,795,130,10,2,71.5
18,202,860,101,10,2,59.87
18,202,860,102,10,2,61.58
18,202,860,103,10,2,63.33
18,202,860,104,10,2,65.11
18,202,860,105,10,2,66.47
18,202,860,106,10,2,67.43
18,202,860,107,10,2,68.5
18,202,860,108,10,2,69.4
18,202,860,109,10,2,69.37
18,202,860,110,10,2,69.91
18,202,860,111,10,2,71.01
18,202,860,112,10,2,72.21
18,202,860,113,10,2,72.68
18,202,860,114,10,2,73.63
18,202,860,115,10,2,74.3452
18,202,860,116,10,2,74.969
18,202,860,117,10,2,75.6687
18,202,860,118,10,2,76.32
18,202,860,119,10,2,76.8851
18,202,860,120,10,2,77.4171
18,202,860,121,10,2,77.9704
18,202,860,122,10,2,78.6218
18,202,860,123,10,2,79.2313
18,202,860,124,10,2,79.7877
18,202,860,125,10,2,80.3757
18,202,860,126,10,2,80.9495
18,202,860,127,10,2,81.4822
18,202,860,128,10,2,82.0051
18,202,860,129,10,2,82.561
18,202,860,130,10,2,83.011
18,204,860,101,10,2,59.87
18,204,860,102,10,2,61.58
18,204,860,103,10,2,63.33
18,204,860,104,10,2,65.11
18,204,860,105,10,2,66.47
18,204,860,106,10,2,67.43
18,204,860,107,10,2,68.5
18,204,860,108,10,2,69.4
18,204,860,109,10,2,69.37
18,204,860,110,10,2,69.91
18,204,860,111,10,2,71.01
18,204,860,112,10,2,72.21
18,204,860,113,10,2,72.68
18,204,860,114,10,2,73.63
18,204,860,115,10,2,73.2926
18,204,860,116,10,2,73.5498
18,204,860,117,10,2,73.9246
18,204,860,118,10,2,74.2853
18,204,860,119,10,2,74.5042
18,204,860,120,10,2,75.0707
18,204,860,121,10,2,75.3863
18,204,860,122,10,2,75.9164
18,204,860,123,10,2,76.4126
18,204,860,124,10,2,76.8612
18,204,860,125,10,2,77.2371
18,204,860,126,10,2,77.5885
18,204,860,127,10,2,77.9468
18,204,860,128,10,2,78.339
18,204,860,129,10,2,78.9117
18,204,860,130,10,2,79.3404
18,203,860,101,10,2,59.87
18,203,860,102,10,2,61.58
18,203,860,103,10,2,63.33
18,203,860,104,10,2,65.11
18,203,860,105,10,2,66.47
18,203,860,106,10,2,67.43
18,203,860,107,10,2,68.5
18,203,860,108,10,2,69.4
18,203,860,109,10,2,69.37
18,203,860,110,10,2,69.91
18,203,860,111,10,2,71.01
18,203,860,112,10,2,72.21
18,203,860,113,10,2,72.68
18,203,860,114,10,2,73.63
18,203,860,115,10,2,75.406
18,203,860,116,10,2,76.3674
18,203,860,117,10,2,77.3265
18,203,860,118,10,2,78.0766
18,203,860,119,10,2,78.8685
18,203,860,120,10,2,79.6716
18,203,860,121,10,2,80.4546
18,203,860,122,10,2,81.2884
18,203,860,123,10,2,82.0498
18,203,860,124,10,2,82.6304
18,203,860,125,10,2,83.3981
18,203,860,126,10,2,84.0253
18,203,860,127,10,2,84.6355
18,203,860,128,10,2,85.3067
18,203,860,129,10,2,85.9547
18,203,860,130,10,2,86.6249
18,207,860,101,10,2,59.87
18,207,860,102,10,2,61.58
18,207,860,103,10,2,63.33
18,207,860,104,10,2,65.11
18,207,860,105,10,2,66.47
18,207,860,106,10,2,67.43
18,207,860,107,10,2,68.5
18,207,860,108,10,2,69.4
18,207,860,109,10,2,69.37
18,207,860,110,10,2,69.91
18,207,860,111,10,2,71.01
18,207,860,112,10,2,72.21
18,207,860,113,10,2,72.68
18,207,860,114,10,2,73.63
18,207,860,115,10,2,72.7787
18,207,860,116,10,2,72.889
18,207,860,117,10,2,73.0072
18,207,860,118,10,2,73.1242
18,207,860,119,10,2,73.0577
18,207,860,120,10,2,73.5392
18,207,860,121,10,2,73.9932
18,207,860,122,10,2,74.4104
18,207,860,123,10,2,74.7589
18,207,860,124,10,2,75.2772
18,207,860,125,10,2,75.6733
18,207,860,126,10,2,76.0155
18,207,860,127,10,2,76.094
18,207,860,128,10,2,76.6262
18,207,860,129,10,2,76.9883
18,207,860,130,10,2,77.3095
18,206,860,101,10,2,59.87
18,206,860,102,10,2,61.58
18,206,860,103,10,2,63.33
18,206,860,104,10,2,65.11
18,206,860,105,10,2,66.47
18,206,860,106,10,2,67.43
18,206,860,107,10,2,68.5
18,206,860,108,10,2,69.4
18,206,860,109,10,2,69.37
18,206,860,110,10,2,69.91
18,206,860,111,10,2,71.01
18,206,860,112,10,2,72.21
18,206,860,113,10,2,72.68
18,206,860,114,10,2,73.63
18,206,860,115,10,2,76.0048
18,206,860,116,10,2,77.2242
18,206,860,117,10,2,78.3743
18,206,860,118,10,2,79.2161
18,206,860,119,10,2,80.0884
18,206,860,120,10,2,81.0453
18,206,860,121,10,2,81.66
18,206,860,122,10,2,82.3212
18,206,860,123,10,2,83.2134
18,206,860,124,10,2,83.8881
18,206,860,125,10,2,84.608
18,206,860,126,10,2,85.3696
18,206,860,127,10,2,86.0188
18,206,860,128,10,2,86.7802
18,206,860,129,10,2,87.4674
18,206,860,130,10,2,88.1735
18,8,860,101,10,2,59.87
18,8,860,102,10,2,61.58
18,8,860,103,10,2,63.33
18,8,860,104,10,2,65.11
18,8,860,105,10,2,66.47
18,8,860,106,10,2,67.43
18,8,860,107,10,2,68.5
18,8,860,108,10,2,69.4
18,8,860,109,10,2,69.37
18,8,860,110,10,2,69.91
18,8,860,111,10,2,71.01
18,8,860,112,10,2,72.21
18,8,860,113,10,2,72.68
18,8,860,114,10,2,73.63
18,8,860,115,10,2,73.63
18,8,860,116,10,2,73.63
18,8,860,117,10,2,73.63
18,8,860,118,10,2,73.63
18,8,860,119,10,2,73.63
18,8,860,120,10,2,73.63
18,8,860,121,10,2,73.63
18,8,860,122,10,2,73.63
18,8,860,123,10,2,73.63
18,8,860,124,10,2,73.63
18,8,860,125,10,2,73.63
18,8,860,126,10,2,73.63
18,8,860,127,10,2,73.63
18,8,860,128,10,2,73.63
18,8,860,129,10,2,73.63
18,8,860,130,10,2,73.63
18,202,4,101,10,2,29.43
18,202,4,102,10,2,31.97
18,202,4,103,10,2,34.64
18,202,4,104,10,2,37.06
18,202,4,105,10,2,39.67
18,202,4,106,10,2,42.58
18,202,4,107,10,2,45.96
18,202,4,108,10,2,49.66
18,202,4,109,10,2,53.09
18,202,4,110,10,2,55.93
18,202,4,111,10,2,58.29
18,202,4,112,10,2,61.02
18,202,4,113,10,2,63.79
18,202,4,114,10,2,65.81
18,202,4,115,10,2,67.5504
18,202,4,116,10,2,68.8832
18,202,4,117,10,2,70.1004
18,202,4,118,10,2,71.2456
18,202,4,119,10,2,72.3412
18,202,4,120,10,2,73.225
18,202,4,121,10,2,74.1637
18,202,4,122,10,2,74.9163
18,202,4,123,10,2,75.7815
18,202,4,124,10,2,76.5038
18,202,4,125,10,2,77.1513
18,202,4,126,10,2,77.769
18,202,4,127,10,2,78.4396
18,202,4,128,10,2,79.0999
18,202,4,129,10,2,79.7934
18,202,4,130,10,2,80.3983
18,204,4,101,10,2,29.43
18,204,4,102,10,2,31.97
18,204,4,103,10,2,34.64
18,204,4,104,10,2,37.06
18,204,4,105,10,2,39.67
18,204,4,106,10,2,42.58
18,204,4,107,10,2,45.96
18,204,4,108,10,2,49.66
18,204,4,109,10,2,53.09
18,204,4,110,10,2,55.93
18,204,4,111,10,2,58.29
18,204,4,112,10,2,61.02
18,204,4,113,10,2,63.79
18,204,4,114,10,2,65.81
18,204,4,115,10,2,66.1898
18,204,4,116,10,2,67.0061
18,204,4,117,10,2,67.7721
18,204,4,118,10,2,68.6202
18,204,4,119,10,2,69.3957
18,204,4,120,10,2,70.0537
18,204,4,121,10,2,70.5618
18,204,4,122,10,2,70.9774
18,204,4,123,10,2,71.5791
18,204,4,124,10,2,72.2448
18,204,4,125,10,2,72.6976
18,204,4,126,10,2,73.485
18,204,4,127,10,2,73.8679
18,204,4,128,10,2,74.4174
18,204,4,129,10,2,74.8685
18,204,4,130,10,2,75.1756
18,203,4,101,10,2,29.43
18,203,4,102,10,2,31.97
18,203,4,103,10,2,34.64
18,203,4,104,10,2,37.06
18,203,4,105,10,2,39.67
18,203,4,106,10,2,42.58
18,203,4,107,10,2,45.96
18,203,4,108,10,2,49.66
18,203,4,109,10,2,53.09
18,203,4,110,10,2,55.93
18,203,4,111,10,2,58.29
18,203,4,112,10,2,61.02
18,203,4,113,10,2,63.79
18,203,4,114,10,2,65.81
18,203,4,115,10,2,68.8212
18,203,4,116,10,2,70.9235
18,203,4,117,10,2,72.6165
18,203,4,118,10,2,74.1301
18,203,4,119,10,2,75.5227
18,203,4,120,10,2,76.8517
18,203,4,121,10,2,78.0037
18,203,4,122,10,2,79.1004
18,203,4,123,10,2,79.8867
18,203,4,124,10,2,80.87
18,203,4,125,10,2,81.6045
18,203,4,126,10,2,82.3811
18,203,4,127,10,2,83.085
18,203,4,128,10,2,83.8315
18,203,4,129,10,2,84.5645
18,203,4,130,10,2,85.1213
18,207,4,101,10,2,29.43
18,207,4,102,10,2,31.97
18,207,4,103,10,2,34.64
18,207,4,104,10,2,37.06
18,207,4,105,10,2,39.67
18,207,4,106,10,2,42.58
18,207,4,107,10,2,45.96
18,207,4,108,10,2,49.66
18,207,4,109,10,2,53.09
18,207,4,110,10,2,55.93
18,207,4,111,10,2,58.29
18,207,4,112,10,2,61.02
18,207,4,113,10,2,63.79
18,207,4,114,10,2,65.81
18,207,4,115,10,2,65.6389
18,207,4,116,10,2,65.9934
18,207,4,117,10,2,66.7863
18,207,4,118,10,2,67.2152
18,207,4,119,10,2,67.9795
18,207,4,120,10,2,68.6687
18,207,4,121,10,2,68.8649
18,207,4,122,10,2,69.3198
18,207,4,123,10,2,69.7617
18,207,4,124,10,2,70.2918
18,207,4,125,10,2,70.6949
18,207,4,126,10,2,71.0628
18,207,4,127,10,2,71.4612
18,207,4,128,10,2,71.4895
18,207,4,129,10,2,72.5596
18,207,4,130,10,2,72.7913
18,206,4,101,10,2,29.43
18,206,4,102,10,2,31.97
18,206,4,103,10,2,34.64
18,206,4,104,10,2,37.06
18,206,4,105,10,2,39.67
18,206,4,106,10,2,42.58
18,206,4,107,10,2,45.96
18,206,4,108,10,2,49.66
18,206,4,109,10,2,53.09
18,206,4,110,10,2,55.93
18,206,4,111,10,2,58.29
18,206,4,112,10,2,61.02
18,206,4,113,10,2,63.79
18,206,4,114,10,2,65.81
18,206,4,115,10,2,69.5991
18,206,4,116,10,2,72.1926
18,206,4,117,10,2,74.2053
18,206,4,118,10,2,75.8856
18,206,4,119,10,2,77.4349
18,206,4,120,10,2,78.6063
18,206,4,121,10,2,80.0248
18,206,4,122,10,2,80.8474
18,206,4,123,10,2,81.874
18,206,4,124,10,2,82.8901
18,206,4,125,10,2,83.8764
18,206,4,126,10,2,84.8124
18,206,4,127,10,2,85.7988
18,206,4,128,10,2,86.4236
18,206,4,129,10,2,87.0304
18,206,4,130,10,2,87.7363
18,8,4,101,10,2,29.43
18,8,4,102,10,2,31.97
18,8,4,103,10,2,34.64
18,8,4,104,10,2,37.06
18,8,4,105,10,2,39.67
18,8,4,106,10,2,42.58
18,8,4,107,10,2,45.96
18,8,4,108,10,2,49.66
18,8,4,109,10,2,53.09
18,8,4,110,10,2,55.93
18,8,4,111,10,2,58.29
18,8,4,112,10,2,61.02
18,8,4,113,10,2,63.79
18,8,4,114,10,2,65.81
18,8,4,115,10,2,65.81
18,8,4,116,10,2,65.81
18,8,4,117,10,2,65.81
18,8,4,118,10,2,65.81
18,8,4,119,10,2,65.81
18,8,4,120,10,2,65.81
18,8,4,121,10,2,65.81
18,8,4,122,10,2,65.81
18,8,4,123,10,2,65.81
18,8,4,124,10,2,65.81
18,8,4,125,10,2,65.81
18,8,4,126,10,2,65.81
18,8,4,127,10,2,65.81
18,8,4,128,10,2,65.81
18,8,4,129,10,2,65.81
18,8,4,130,10,2,65.81
18,202,50,101,10,2,39.91
18,202,50,102,10,2,43.14
18,202,50,103,10,2,45.9
18,202,50,104,10,2,47.91
18,202,50,105,10,2,45
18,202,50,106,10,2,51
18,202,50,107,10,2,53.43
18,202,50,108,10,2,56.55
18,202,50,109,10,2,60.06
18,202,50,110,10,2,64.39
18,202,50,111,10,2,67.34
18,202,50,112,10,2,69.99
18,202,50,113,10,2,72.38
18,202,50,114,10,2,74.11
18,202,50,115,10,2,75.6788
18,202,50,116,10,2,76.9966
18,202,50,117,10,2,78.1701
18,202,50,118,10,2,79.184
18,202,50,119,10,2,80.1445
18,202,50,120,10,2,80.9313
18,202,50,121,10,2,81.759
18,202,50,122,10,2,82.538
18,202,50,123,10,2,83.216
18,202,50,124,10,2,83.9938
18,202,50,125,10,2,84.6061
18,202,50,126,10,2,85.2444
18,202,50,127,10,2,85.9031
18,202,50,128,10,2,86.5481
18,202,50,129,10,2,87.192
18,202,50,130,10,2,87.7777
18,204,50,101,10,2,39.91
18,204,50,102,10,2,43.14
18,204,50,103,10,2,45.9
18,204,50,104,10,2,47.91
18,204,50,105,10,2,45
18,204,50,106,10,2,51
18,204,50,107,10,2,53.43
18,204,50,108,10,2,56.55
18,204,50,109,10,2,60.06
18,204,50,110,10,2,64.39
18,204,50,111,10,2,67.34
18,204,50,112,10,2,69.99
18,204,50,113,10,2,72.38
18,204,50,114,10,2,74.11
18,204,50,115,10,2,74.467
18,204,50,116,10,2,75.2852
18,204,50,117,10,2,76.1456
18,204,50,118,10,2,76.9344
18,204,50,119,10,2,77.4944
18,204,50,120,10,2,78.2048
18,204,50,121,10,2,78.8687
18,204,50,122,10,2,79.6259
18,204,50,123,10,2,80.1701
18,204,50,124,10,2,80.6876
18,204,50,125,10,2,81.2824
18,204,50,126,10,2,81.6983
18,204,50,127,10,2,82.1312
18,204,50,128,10,2,82.8383
18,204,50,129,10,2,83.3494
18,204,50,130,10,2,83.7405
18,203,50,101,10,2,39.91
18,203,50,102,10,2,43.14
18,203,50,103,10,2,45.9
18,203,50,104,10,2,47.91
18,203,50,105,10,2,45
18,203,50,106,10,2,51
18,203,50,107,10,2,53.43
18,203,50,108,10,2,56.55
18,203,50,109,10,2,60.06
18,203,50,110,10,2,64.39
18,203,50,111,10,2,67.34
18,203,50,112,10,2,69.99
18,203,50,113,10,2,72.38
18,203,50,114,10,2,74.11
18,203,50,115,10,2,76.7313
18,203,50,116,10,2,78.4353
18,203,50,117,10,2,79.9433
18,203,50,118,10,2,81.2304
18,203,50,119,10,2,82.3228
18,203,50,120,10,2,83.3501
18,203,50,121,10,2,84.3305
18,203,50,122,10,2,85.1506
18,203,50,123,10,2,85.9358
18,203,50,124,10,2,86.8215
18,203,50,125,10,2,87.5978
18,203,50,126,10,2,88.4261
18,203,50,127,10,2,89.0989
18,203,50,128,10,2,89.7965
18,203,50,129,10,2,90.5334
18,203,50,130,10,2,91.2853
18,207,50,101,10,2,39.91
18,207,50,102,10,2,43.14
18,207,50,103,10,2,45.9
18,207,50,104,10,2,47.91
18,207,50,105,10,2,45
18,207,50,106,10,2,51
18,207,50,107,10,2,53.43
18,207,50,108,10,2,56.55
18,207,50,109,10,2,60.06
18,207,50,110,10,2,64.39
18,207,50,111,10,2,67.34
18,207,50,112,10,2,69.99
18,207,50,113,10,2,72.38
18,207,50,114,10,2,74.11
18,207,50,115,10,2,73.8868
18,207,50,116,10,2,74.4261
18,207,50,117,10,2,75.1637
18,207,50,118,10,2,75.5765
18,207,50,119,10,2,76.2861
18,207,50,120,10,2,76.6752
18,207,50,121,10,2,77.2871
18,207,50,122,10,2,77.7741
18,207,50,123,10,2,78.425
18,207,50,124,10,2,78.8383
18,207,50,125,10,2,79.3106
18,207,50,126,10,2,79.7507
18,207,50,127,10,2,80.1068
18,207,50,128,10,2,80.49
18,207,50,129,10,2,80.9166
18,207,50,130,10,2,81.4271
18,206,50,101,10,2,39.91
18,206,50,102,10,2,43.14
18,206,50,103,10,2,45.9
18,206,50,104,10,2,47.91
18,206,50,105,10,2,45
18,206,50,106,10,2,51
18,206,50,107,10,2,53.43
18,206,50,108,10,2,56.55
18,206,50,109,10,2,60.06
18,206,50,110,10,2,64.39
18,206,50,111,10,2,67.34
18,206,50,112,10,2,69.99
18,206,50,113,10,2,72.38
18,206,50,114,10,2,74.11
18,206,50,115,10,2,77.3223
18,206,50,116,10,2,79.4469
18,206,50,117,10,2,80.9192
18,206,50,118,10,2,82.1221
18,206,50,119,10,2,83.3743
18,206,50,120,10,2,84.5026
18,206,50,121,10,2,85.3657
18,206,50,122,10,2,86.1752
18,206,50,123,10,2,87.1002
18,206,50,124,10,2,88.0595
18,206,50,125,10,2,88.9812
18,206,50,126,10,2,89.7845
18,206,50,127,10,2,90.6446
18,206,50,128,10,2,91.3653
18,206,50,129,10,2,92.0967
18,206,50,130,10,2,92.7697
18,8,50,101,10,2,39.91
18,8,50,102,10,2,43.14
18,8,50,103,10,2,45.9
18,8,50,104,10,2,47.91
18,8,50,105,10,2,45
18,8,50,106,10,2,51
18,8,50,107,10,2,53.43
18,8,50,108,10,2,56.55
18,8,50,109,10,2,60.06
18,8,50,110,10,2,64.39
18,8,50,111,10,2,67.34
18,8,50,112,10,2,69.99
18,8,50,113,10,2,72.38
18,8,50,114,10,2,74.11
18,8,50,115,10,2,74.11
18,8,50,116,10,2,74.11
18,8,50,117,10,2,74.11
18,8,50,118,10,2,74.11
18,8,50,119,10,2,74.11
18,8,50,120,10,2,74.11
18,8,50,121,10,2,74.11
18,8,50,122,10,2,74.11
18,8,50,123,10,2,74.11
18,8,50,124,10,2,74.11
18,8,50,125,10,2,74.11
18,8,50,126,10,2,74.11
18,8,50,127,10,2,74.11
18,8,50,128,10,2,74.11
18,8,50,129,10,2,74.11
18,8,50,130,10,2,74.11
18,202,64,101,10,2,32.71
18,202,64,102,10,2,34.23
18,202,64,103,10,2,36.07
18,202,64,104,10,2,38.82
18,202,64,105,10,2,41.72
18,202,64,106,10,2,44.19
18,202,64,107,10,2,47.81
18,202,64,108,10,2,51.33
18,202,64,109,10,2,55.07
18,202,64,110,10,2,58.77
18,202,64,111,10,2,63.47
18,202,64,112,10,2,67.29
18,202,64,113,10,2,69.61
18,202,64,114,10,2,71.62
18,202,64,115,10,2,73.2962
18,202,64,116,10,2,74.7431
18,202,64,117,10,2,75.9346
18,202,64,118,10,2,77.0278
18,202,64,119,10,2,77.9798
18,202,64,120,10,2,78.8743
18,202,64,121,10,2,79.7813
18,202,64,122,10,2,80.5733
18,202,64,123,10,2,81.3269
18,202,64,124,10,2,81.9494
18,202,64,125,10,2,82.688
18,202,64,126,10,2,83.3777
18,202,64,127,10,2,84.0935
18,202,64,128,10,2,84.6821
18,202,64,129,10,2,85.2741
18,202,64,130,10,2,85.8305
18,204,64,101,10,2,32.71
18,204,64,102,10,2,34.23
18,204,64,103,10,2,36.07
18,204,64,104,10,2,38.82
18,204,64,105,10,2,41.72
18,204,64,106,10,2,44.19
18,204,64,107,10,2,47.81
18,204,64,108,10,2,51.33
18,204,64,109,10,2,55.07
18,204,64,110,10,2,58.77
18,204,64,111,10,2,63.47
18,204,64,112,10,2,67.29
18,204,64,113,10,2,69.61
18,204,64,114,10,2,71.62
18,204,64,115,10,2,72.0483
18,204,64,116,10,2,72.9173
18,204,64,117,10,2,73.8852
18,204,64,118,10,2,74.5532
18,204,64,119,10,2,75.3616
18,204,64,120,10,2,75.8978
18,204,64,121,10,2,76.5872
18,204,64,122,10,2,77.1447
18,204,64,123,10,2,77.6781
18,204,64,124,10,2,78.1499
18,204,64,125,10,2,78.7797
18,204,64,126,10,2,79.3288
18,204,64,127,10,2,79.8521
18,204,64,128,10,2,80.3685
18,204,64,129,10,2,80.7657
18,204,64,130,10,2,81.2262
18,203,64,101,10,2,32.71
18,203,64,102,10,2,34.23
18,203,64,103,10,2,36.07
18,203,64,104,10,2,38.82
18,203,64,105,10,2,41.72
18,203,64,106,10,2,44.19
18,203,64,107,10,2,47.81
18,203,64,108,10,2,51.33
18,203,64,109,10,2,55.07
18,203,64,110,10,2,58.77
18,203,64,111,10,2,63.47
18,203,64,112,10,2,67.29
18,203,64,113,10,2,69.61
18,203,64,114,10,2,71.62
18,203,64,115,10,2,74.5672
18,203,64,116,10,2,76.5429
18,203,64,117,10,2,78.1786
18,203,64,118,10,2,79.5636
18,203,64,119,10,2,80.8326
18,203,64,120,10,2,81.8804
18,203,64,121,10,2,82.9024
18,203,64,122,10,2,83.9174
18,203,64,123,10,2,84.8611
18,203,64,124,10,2,85.781
18,203,64,125,10,2,86.5739
18,203,64,126,10,2,87.347
18,203,64,127,10,2,87.9039
18,203,64,128,10,2,88.7447
18,203,64,129,10,2,89.403
18,203,64,130,10,2,89.9026
18,207,64,101,10,2,32.71
18,207,64,102,10,2,34.23
18,207,64,103,10,2,36.07
18,207,64,104,10,2,38.82
18,207,64,105,10,2,41.72
18,207,64,106,10,2,44.19
18,207,64,107,10,2,47.81
18,207,64,108,10,2,51.33
18,207,64,109,10,2,55.07
18,207,64,110,10,2,58.77
18,207,64,111,10,2,63.47
18,207,64,112,10,2,67.29
18,207,64,113,10,2,69.61
18,207,64,114,10,2,71.62
18,207,64,115,10,2,71.4374
18,207,64,116,10,2,72.2633
18,207,64,117,10,2,72.7165
18,207,64,118,10,2,73.216
18,207,64,119,10,2,74.0104
18,207,64,120,10,2,74.5829
18,207,64,121,10,2,74.8709
18,207,64,122,10,2,75.5462
18,207,64,123,10,2,76.0902
18,207,64,124,10,2,76.6075
18,207,64,125,10,2,76.6385
18,207,64,126,10,2,77.1245
18,207,64,127,10,2,77.5582
18,207,64,128,10,2,77.8561
18,207,64,129,10,2,78.3571
18,207,64,130,10,2,78.8321
18,206,64,101,10,2,32.71
18,206,64,102,10,2,34.23
18,206,64,103,10,2,36.07
18,206,64,104,10,2,38.82
18,206,64,105,10,2,41.72
18,206,64,106,10,2,44.19
18,206,64,107,10,2,47.81
18,206,64,108,10,2,51.33
18,206,64,109,10,2,55.07
18,206,64,110,10,2,58.77
18,206,64,111,10,2,63.47
18,206,64,112,10,2,67.29
18,206,64,113,10,2,69.61
18,206,64,114,10,2,71.62
18,206,64,115,10,2,75.2486
18,206,64,116,10,2,77.5457
18,206,64,117,10,2,79.2047
18,206,64,118,10,2,80.9699
18,206,64,119,10,2,82.0461
18,206,64,120,10,2,83.1221
18,206,64,121,10,2,84.2481
18,206,64,122,10,2,85.5717
18,206,64,123,10,2,86.5929
18,206,64,124,10,2,87.3707
18,206,64,125,10,2,88.2376
18,206,64,126,10,2,88.8584
18,206,64,127,10,2,89.8445
18,206,64,128,10,2,90.8096
18,206,64,129,10,2,91.2173
18,206,64,130,10,2,92.1706
18,8,64,101,10,2,32.71
18,8,64,102,10,2,34.23
18,8,64,103,10,2,36.07
18,8,64,104,10,2,38.82
18,8,64,105,10,2,41.72
18,8,64,106,10,2,44.19
18,8,64,107,10,2,47.81
18,8,64,108,10,2,51.33
18,8,64,109,10,2,55.07
18,8,64,110,10,2,58.77
18,8,64,111,10,2,63.47
18,8,64,112,10,2,67.29
18,8,64,113,10,2,69.61
18,8,64,114,10,2,71.62
18,8,64,115,10,2,71.62
18,8,64,116,10,2,71.62
18,8,64,117,10,2,71.62
18,8,64,118,10,2,71.62
18,8,64,119,10,2,71.62
18,8,64,120,10,2,71.62
18,8,64,121,10,2,71.62
18,8,64,122,10,2,71.62
18,8,64,123,10,2,71.62
18,8,64,124,10,2,71.62
18,8,64,125,10,2,71.62
18,8,64,126,10,2,71.62
18,8,64,127,10,2,71.62
18,8,64,128,10,2,71.62
18,8,64,129,10,2,71.62
18,8,64,130,10,2,71.62
18,202,356,101,10,2,36.22
18,202,356,102,10,2,39.07
18,202,356,103,10,2,42.06
18,202,356,104,10,2,45.36
18,202,356,105,10,2,48.88
18,202,356,106,10,2,52.49
18,202,356,107,10,2,55.07
18,202,356,108,10,2,56.92
18,202,356,109,10,2,59.64
18,202,356,110,10,2,62.25
18,202,356,111,10,2,64.34
18,202,356,112,10,2,66.43
18,202,356,113,10,2,68.95
18,202,356,114,10,2,70.53
18,202,356,115,10,2,71.7834
18,202,356,116,10,2,72.8913
18,202,356,117,10,2,73.9282
18,202,356,118,10,2,74.8858
18,202,356,119,10,2,75.7615
18,202,356,120,10,2,76.6375
18,202,356,121,10,2,77.4997
18,202,356,122,10,2,78.2739
18,202,356,123,10,2,78.9154
18,202,356,124,10,2,79.6669
18,202,356,125,10,2,80.2937
18,202,356,126,10,2,80.9518
18,202,356,127,10,2,81.6358
18,202,356,128,10,2,82.305
18,202,356,129,10,2,82.9864
18,202,356,130,10,2,83.6212
18,204,356,101,10,2,36.22
18,204,356,102,10,2,39.07
18,204,356,103,10,2,42.06
18,204,356,104,10,2,45.36
18,204,356,105,10,2,48.88
18,204,356,106,10,2,52.49
18,204,356,107,10,2,55.07
18,204,356,108,10,2,56.92
18,204,356,109,10,2,59.64
18,204,356,110,10,2,62.25
18,204,356,111,10,2,64.34
18,204,356,112,10,2,66.43
18,204,356,113,10,2,68.95
18,204,356,114,10,2,70.53
18,204,356,115,10,2,70.7061
18,204,356,116,10,2,71.2857
18,204,356,117,10,2,71.9738
18,204,356,118,10,2,72.5519
18,204,356,119,10,2,73.2478
18,204,356,120,10,2,73.8336
18,204,356,121,10,2,74.4578
18,204,356,122,10,2,74.869
18,204,356,123,10,2,75.413
18,204,356,124,10,2,76.0353
18,204,356,125,10,2,76.6039
18,204,356,126,10,2,77.1005
18,204,356,127,10,2,77.4357
18,204,356,128,10,2,78.0377
18,204,356,129,10,2,78.6746
18,204,356,130,10,2,79.2731
18,203,356,101,10,2,36.22
18,203,356,102,10,2,39.07
18,203,356,103,10,2,42.06
18,203,356,104,10,2,45.36
18,203,356,105,10,2,48.88
18,203,356,106,10,2,52.49
18,203,356,107,10,2,55.07
18,203,356,108,10,2,56.92
18,203,356,109,10,2,59.64
18,203,356,110,10,2,62.25
18,203,356,111,10,2,64.34
18,203,356,112,10,2,66.43
18,203,356,113,10,2,68.95
18,203,356,114,10,2,70.53
18,203,356,115,10,2,72.9951
18,203,356,116,10,2,74.6613
18,203,356,117,10,2,76.0392
18,203,356,118,10,2,77.285
18,203,356,119,10,2,78.3388
18,203,356,120,10,2,79.4187
18,203,356,121,10,2,80.4079
18,203,356,122,10,2,81.3323
18,203,356,123,10,2,82.1088
18,203,356,124,10,2,82.9421
18,203,356,125,10,2,83.698
18,203,356,126,10,2,84.635
18,203,356,127,10,2,85.3202
18,203,356,128,10,2,86.1086
18,203,356,129,10,2,86.8276
18,203,356,130,10,2,87.4665
18,207,356,101,10,2,36.22
18,207,356,102,10,2,39.07
18,207,356,103,10,2,42.06
18,207,356,104,10,2,45.36
18,207,356,105,10,2,48.88
18,207,356,106,10,2,52.49
18,207,356,107,10,2,55.07
18,207,356,108,10,2,56.92
18,207,356,109,10,2,59.64
18,207,356,110,10,2,62.25
18,207,356,111,10,2,64.34
18,207,356,112,10,2,66.43
18,207,356,113,10,2,68.95
18,207,356,114,10,2,70.53
18,207,356,115,10,2,70.1
18,207,356,116,10,2,70.5407
18,207,356,117,10,2,71.0064
18,207,356,118,10,2,71.4232
18,207,356,119,10,2,72.0007
18,207,356,120,10,2,72.3385
18,207,356,121,10,2,72.976
18,207,356,122,10,2,73.624
18,207,356,123,10,2,74.0253
18,207,356,124,10,2,74.2681
18,207,356,125,10,2,74.8418
18,207,356,126,10,2,75.2954
18,207,356,127,10,2,75.5649
18,207,356,128,10,2,75.9646
18,207,356,129,10,2,76.6928
18,207,356,130,10,2,76.9552
18,206,356,101,10,2,36.22
18,206,356,102,10,2,39.07
18,206,356,103,10,2,42.06
18,206,356,104,10,2,45.36
18,206,356,105,10,2,48.88
18,206,356,106,10,2,52.49
18,206,356,107,10,2,55.07
18,206,356,108,10,2,56.92
18,206,356,109,10,2,59.64
18,206,356,110,10,2,62.25
18,206,356,111,10,2,64.34
18,206,356,112,10,2,66.43
18,206,356,113,10,2,68.95
18,206,356,114,10,2,70.53
18,206,356,115,10,2,73.5502
18,206,356,116,10,2,75.6878
18,206,356,117,10,2,77.2394
18,206,356,118,10,2,78.4095
18,206,356,119,10,2,79.6867
18,206,356,120,10,2,80.8118
18,206,356,121,10,2,81.8239
18,206,356,122,10,2,82.7968
18,206,356,123,10,2,83.7928
18,206,356,124,10,2,84.5124
18,206,356,125,10,2,85.1908
18,206,356,126,10,2,86.091
18,206,356,127,10,2,86.9314
18,206,356,128,10,2,88.0146
18,206,356,129,10,2,88.4853
18,206,356,130,10,2,89.5301
18,8,356,101,10,2,36.22
18,8,356,102,10,2,39.07
18,8,356,103,10,2,42.06
18,8,356,104,10,2,45.36
18,8,356,105,10,2,48.88
18,8,356,106,10,2,52.49
18,8,356,107,10,2,55.07
18,8,356,108,10,2,56.92
18,8,356,109,10,2,59.64
18,8,356,110,10,2,62.25
18,8,356,111,10,2,64.34
18,8,356,112,10,2,66.43
18,8,356,113,10,2,68.95
18,8,356,114,10,2,70.53
18,8,356,115,10,2,70.53
18,8,356,116,10,2,70.53
18,8,356,117,10,2,70.53
18,8,356,118,10,2,70.53
18,8,356,119,10,2,70.53
18,8,356,120,10,2,70.53
18,8,356,121,10,2,70.53
18,8,356,122,10,2,70.53
18,8,356,123,10,2,70.53
18,8,356,124,10,2,70.53
18,8,356,125,10,2,70.53
18,8,356,126,10,2,70.53
18,8,356,127,10,2,70.53
18,8,356,128,10,2,70.53
18,8,356,129,10,2,70.53
18,8,356,130,10,2,70.53
18,202,364,101,10,2,39.06
18,202,364,102,10,2,42.46
18,202,364,103,10,2,45.83
18,202,364,104,10,2,49.2
18,202,364,105,10,2,52.84
18,202,364,106,10,2,57.22
18,202,364,107,10,2,61.3
18,202,364,108,10,2,64.8
18,202,364,109,10,2,67.54
18,202,364,110,10,2,69.9
18,202,364,111,10,2,72.33
18,202,364,112,10,2,74.55
18,202,364,113,10,2,76.18
18,202,364,114,10,2,77.56
18,202,364,115,10,2,78.6579
18,202,364,116,10,2,79.6976
18,202,364,117,10,2,80.6312
18,202,364,118,10,2,81.5478
18,202,364,119,10,2,82.2834
18,202,364,120,10,2,83.0899
18,202,364,121,10,2,83.8574
18,202,364,122,10,2,84.605
18,202,364,123,10,2,85.3196
18,202,364,124,10,2,85.8984
18,202,364,125,10,2,86.5469
18,202,364,126,10,2,87.1763
18,202,364,127,10,2,87.7939
18,202,364,128,10,2,88.5081
18,202,364,129,10,2,89.0865
18,202,364,130,10,2,89.6472
18,204,364,101,10,2,39.06
18,204,364,102,10,2,42.46
18,204,364,103,10,2,45.83
18,204,364,104,10,2,49.2
18,204,364,105,10,2,52.84
18,204,364,106,10,2,57.22
18,204,364,107,10,2,61.3
18,204,364,108,10,2,64.8
18,204,364,109,10,2,67.54
18,204,364,110,10,2,69.9
18,204,364,111,10,2,72.33
18,204,364,112,10,2,74.55
18,204,364,113,10,2,76.18
18,204,364,114,10,2,77.56
18,204,364,115,10,2,77.6729
18,204,364,116,10,2,78.3042
18,204,364,117,10,2,78.9598
18,204,364,118,10,2,79.5674
18,204,364,119,10,2,80.1697
18,204,364,120,10,2,80.8216
18,204,364,121,10,2,81.4006
18,204,364,122,10,2,81.9234
18,204,364,123,10,2,82.3987
18,204,364,124,10,2,82.9405
18,204,364,125,10,2,83.4783
18,204,364,126,10,2,84.0682
18,204,364,127,10,2,84.4453
18,204,364,128,10,2,84.8901
18,204,364,129,10,2,85.5604
18,204,364,130,10,2,86.0732
18,203,364,101,10,2,39.06
18,203,364,102,10,2,42.46
18,203,364,103,10,2,45.83
18,203,364,104,10,2,49.2
18,203,364,105,10,2,52.84
18,203,364,106,10,2,57.22
18,203,364,107,10,2,61.3
18,203,364,108,10,2,64.8
18,203,364,109,10,2,67.54
18,203,364,110,10,2,69.9
18,203,364,111,10,2,72.33
18,203,364,112,10,2,74.55
18,203,364,113,10,2,76.18
18,203,364,114,10,2,77.56
18,203,364,115,10,2,79.6424
18,203,364,116,10,2,81.0697
18,203,364,117,10,2,82.2236
18,203,364,118,10,2,83.3165
18,203,364,119,10,2,84.3296
18,203,364,120,10,2,85.1903
18,203,364,121,10,2,86.0346
18,203,364,122,10,2,86.8374
18,203,364,123,10,2,87.7449
18,203,364,124,10,2,88.3926
18,203,364,125,10,2,89.2754
18,203,364,126,10,2,90.0601
18,203,364,127,10,2,90.6672
18,203,364,128,10,2,91.35
18,203,364,129,10,2,92.0648
18,203,364,130,10,2,92.6742
18,207,364,101,10,2,39.06
18,207,364,102,10,2,42.46
18,207,364,103,10,2,45.83
18,207,364,104,10,2,49.2
18,207,364,105,10,2,52.84
18,207,364,106,10,2,57.22
18,207,364,107,10,2,61.3
18,207,364,108,10,2,64.8
18,207,364,109,10,2,67.54
18,207,364,110,10,2,69.9
18,207,364,111,10,2,72.33
18,207,364,112,10,2,74.55
18,207,364,113,10,2,76.18
18,207,364,114,10,2,77.56
18,207,364,115,10,2,77.1776
18,207,364,116,10,2,77.6456
18,207,364,117,10,2,77.8892
18,207,364,118,10,2,78.5801
18,207,364,119,10,2,79.1275
18,207,364,120,10,2,79.5603
18,207,364,121,10,2,80.0413
18,207,364,122,10,2,80.5874
18,207,364,123,10,2,80.8016
18,207,364,124,10,2,81.1176
18,207,364,125,10,2,81.6257
18,207,364,126,10,2,81.9174
18,207,364,127,10,2,82.4297
18,207,364,128,10,2,82.9555
18,207,364,129,10,2,83.5245
18,207,364,130,10,2,83.8106
18,206,364,101,10,2,39.06
18,206,364,102,10,2,42.46
18,206,364,103,10,2,45.83
18,206,364,104,10,2,49.2
18,206,364,105,10,2,52.84
18,206,364,106,10,2,57.22
18,206,364,107,10,2,61.3
18,206,364,108,10,2,64.8
18,206,364,109,10,2,67.54
18,206,364,110,10,2,69.9
18,206,364,111,10,2,72.33
18,206,364,112,10,2,74.55
18,206,364,113,10,2,76.18
18,206,364,114,10,2,77.56
18,206,364,115,10,2,80.1361
18,206,364,116,10,2,81.6674
18,206,364,117,10,2,83.1245
18,206,364,118,10,2,84.2376
18,206,364,119,10,2,85.2618
18,206,364,120,10,2,86.2321
18,206,364,121,10,2,87.1484
18,206,364,122,10,2,88.1882
18,206,364,123,10,2,88.9609
18,206,364,124,10,2,89.828
18,206,364,125,10,2,90.6913
18,206,364,126,10,2,91.4977
18,206,364,127,10,2,92.0982
18,206,364,128,10,2,92.7907
18,206,364,129,10,2,93.7286
18,206,364,130,10,2,94.4878
18,8,364,101,10,2,39.06
18,8,364,102,10,2,42.46
18,8,364,103,10,2,45.83
18,8,364,104,10,2,49.2
18,8,364,105,10,2,52.84
18,8,364,106,10,2,57.22
18,8,364,107,10,2,61.3
18,8,364,108,10,2,64.8
18,8,364,109,10,2,67.54
18,8,364,110,10,2,69.9
18,8,364,111,10,2,72.33
18,8,364,112,10,2,74.55
18,8,364,113,10,2,76.18
18,8,364,114,10,2,77.56
18,8,364,115,10,2,77.56
18,8,364,116,10,2,77.56
18,8,364,117,10,2,77.56
18,8,364,118,10,2,77.56
18,8,364,119,10,2,77.56
18,8,364,120,10,2,77.56
18,8,364,121,10,2,77.56
18,8,364,122,10,2,77.56
18,8,364,123,10,2,77.56
18,8,364,124,10,2,77.56
18,8,364,125,10,2,77.56
18,8,364,126,10,2,77.56
18,8,364,127,10,2,77.56
18,8,364,128,10,2,77.56
18,8,364,129,10,2,77.56
18,8,364,130,10,2,77.56
18,202,462,101,10,2,34.76
18,202,462,102,10,2,36.24
18,202,462,103,10,2,38.85
18,202,462,104,10,2,42.08
18,202,462,105,10,2,45.65
18,202,462,106,10,2,49.74
18,202,462,107,10,2,54.38
18,202,462,108,10,2,58.41
18,202,462,109,10,2,64.21
18,202,462,110,10,2,69.06
18,202,462,111,10,2,73.33
18,202,462,112,10,2,76.15
18,202,462,113,10,2,78.45
18,202,462,114,10,2,80.36
18,202,462,115,10,2,81.681
18,202,462,116,10,2,82.7905
18,202,462,117,10,2,83.8138
18,202,462,118,10,2,84.8049
18,202,462,119,10,2,85.6055
18,202,462,120,10,2,86.3874
18,202,462,121,10,2,87.1724
18,202,462,122,10,2,87.9445
18,202,462,123,10,2,88.5227
18,202,462,124,10,2,89.2447
18,202,462,125,10,2,89.9201
18,202,462,126,10,2,90.4981
18,202,462,127,10,2,91.1548
18,202,462,128,10,2,91.7874
18,202,462,129,10,2,92.3605
18,202,462,130,10,2,92.9442
18,204,462,101,10,2,34.76
18,204,462,102,10,2,36.24
18,204,462,103,10,2,38.85
18,204,462,104,10,2,42.08
18,204,462,105,10,2,45.65
18,204,462,106,10,2,49.74
18,204,462,107,10,2,54.38
18,204,462,108,10,2,58.41
18,204,462,109,10,2,64.21
18,204,462,110,10,2,69.06
18,204,462,111,10,2,73.33
18,204,462,112,10,2,76.15
18,204,462,113,10,2,78.45
18,204,462,114,10,2,80.36
18,204,462,115,10,2,80.8015
18,204,462,116,10,2,81.6002
18,204,462,117,10,2,82.36
18,204,462,118,10,2,83.1492
18,204,462,119,10,2,83.7855
18,204,462,120,10,2,84.4181
18,204,462,121,10,2,85.0495
18,204,462,122,10,2,85.5852
18,204,462,123,10,2,86.1127
18,204,462,124,10,2,86.6703
18,204,462,125,10,2,87.1465
18,204,462,126,10,2,87.629
18,204,462,127,10,2,88.2652
18,204,462,128,10,2,88.6376
18,204,462,129,10,2,89.0337
18,204,462,130,10,2,89.4594
18,203,462,101,10,2,34.76
18,203,462,102,10,2,36.24
18,203,462,103,10,2,38.85
18,203,462,104,10,2,42.08
18,203,462,105,10,2,45.65
18,203,462,106,10,2,49.74
18,203,462,107,10,2,54.38
18,203,462,108,10,2,58.41
18,203,462,109,10,2,64.21
18,203,462,110,10,2,69.06
18,203,462,111,10,2,73.33
18,203,462,112,10,2,76.15
18,203,462,113,10,2,78.45
18,203,462,114,10,2,80.36
18,203,462,115,10,2,82.534
18,203,462,116,10,2,83.9689
18,203,462,117,10,2,85.193
18,203,462,118,10,2,86.2662
18,203,462,119,10,2,87.2627
18,203,462,120,10,2,88.2038
18,203,462,121,10,2,89.069
18,203,462,122,10,2,90.0091
18,203,462,123,10,2,90.788
18,203,462,124,10,2,91.573
18,203,462,125,10,2,92.3454
18,203,462,126,10,2,93.03
18,203,462,127,10,2,93.8008
18,203,462,128,10,2,94.6195
18,203,462,129,10,2,95.2588
18,203,462,130,10,2,95.8891
18,207,462,101,10,2,34.76
18,207,462,102,10,2,36.24
18,207,462,103,10,2,38.85
18,207,462,104,10,2,42.08
18,207,462,105,10,2,45.65
18,207,462,106,10,2,49.74
18,207,462,107,10,2,54.38
18,207,462,108,10,2,58.41
18,207,462,109,10,2,64.21
18,207,462,110,10,2,69.06
18,207,462,111,10,2,73.33
18,207,462,112,10,2,76.15
18,207,462,113,10,2,78.45
18,207,462,114,10,2,80.36
18,207,462,115,10,2,80.3178
18,207,462,116,10,2,80.9615
18,207,462,117,10,2,81.5221
18,207,462,118,10,2,82.3013
18,207,462,119,10,2,82.9586
18,207,462,120,10,2,83.4114
18,207,462,121,10,2,83.857
18,207,462,122,10,2,84.2089
18,207,462,123,10,2,84.6763
18,207,462,124,10,2,85.0313
18,207,462,125,10,2,85.5647
18,207,462,126,10,2,85.9904
18,207,462,127,10,2,86.2823
18,207,462,128,10,2,86.7303
18,207,462,129,10,2,87.0772
18,207,462,130,10,2,87.5046
18,206,462,101,10,2,34.76
18,206,462,102,10,2,36.24
18,206,462,103,10,2,38.85
18,206,462,104,10,2,42.08
18,206,462,105,10,2,45.65
18,206,462,106,10,2,49.74
18,206,462,107,10,2,54.38
18,206,462,108,10,2,58.41
18,206,462,109,10,2,64.21
18,206,462,110,10,2,69.06
18,206,462,111,10,2,73.33
18,206,462,112,10,2,76.15
18,206,462,113,10,2,78.45
18,206,462,114,10,2,80.36
18,206,462,115,10,2,83.0177
18,206,462,116,10,2,84.5132
18,206,462,117,10,2,85.828
18,206,462,118,10,2,87.0466
18,206,462,119,10,2,88.038
18,206,462,120,10,2,89.1059
18,206,462,121,10,2,90.0519
18,206,462,122,10,2,91.0749
18,206,462,123,10,2,92.0779
18,206,462,124,10,2,93.0014
18,206,462,125,10,2,93.6102
18,206,462,126,10,2,94.5495
18,206,462,127,10,2,95.371
18,206,462,128,10,2,96.1012
18,206,462,129,10,2,96.9075
18,206,462,130,10,2,97.5775
18,8,462,101,10,2,34.76
18,8,462,102,10,2,36.24
18,8,462,103,10,2,38.85
18,8,462,104,10,2,42.08
18,8,462,105,10,2,45.65
18,8,462,106,10,2,49.74
18,8,462,107,10,2,54.38
18,8,462,108,10,2,58.41
18,8,462,109,10,2,64.21
18,8,462,110,10,2,69.06
18,8,462,111,10,2,73.33
18,8,462,112,10,2,76.15
18,8,462,113,10,2,78.45
18,8,462,114,10,2,80.36
18,8,462,115,10,2,80.36
18,8,462,116,10,2,80.36
18,8,462,117,10,2,80.36
18,8,462,118,10,2,80.36
18,8,462,119,10,2,80.36
18,8,462,120,10,2,80.36
18,8,462,121,10,2,80.36
18,8,462,122,10,2,80.36
18,8,462,123,10,2,80.36
18,8,462,124,10,2,80.36
18,8,462,125,10,2,80.36
18,8,462,126,10,2,80.36
18,8,462,127,10,2,80.36
18,8,462,128,10,2,80.36
18,8,462,129,10,2,80.36
18,8,462,130,10,2,80.36
18,202,524,101,10,2,34.58
18,202,524,102,10,2,34.97
18,202,524,103,10,2,36.56
18,202,524,104,10,2,39.48
18,202,524,105,10,2,42.44
18,202,524,106,10,2,45.36
18,202,524,107,10,2,48.87
18,202,524,108,10,2,52.76
18,202,524,109,10,2,57.27
18,202,524,110,10,2,61.45
18,202,524,111,10,2,65.02
18,202,524,112,10,2,67.82
18,202,524,113,10,2,70.03
18,202,524,114,10,2,71.72
18,202,524,115,10,2,73.2319
18,202,524,116,10,2,74.5197
18,202,524,117,10,2,75.6985
18,202,524,118,10,2,76.7613
18,202,524,119,10,2,77.6895
18,202,524,120,10,2,78.5419
18,202,524,121,10,2,79.2979
18,202,524,122,10,2,80.0005
18,202,524,123,10,2,80.7283
18,202,524,124,10,2,81.4374
18,202,524,125,10,2,82.0535
18,202,524,126,10,2,82.6747
18,202,524,127,10,2,83.297
18,202,524,128,10,2,83.9161
18,202,524,129,10,2,84.6229
18,202,524,130,10,2,85.1498
18,204,524,101,10,2,34.58
18,204,524,102,10,2,34.97
18,204,524,103,10,2,36.56
18,204,524,104,10,2,39.48
18,204,524,105,10,2,42.44
18,204,524,106,10,2,45.36
18,204,524,107,10,2,48.87
18,204,524,108,10,2,52.76
18,204,524,109,10,2,57.27
18,204,524,110,10,2,61.45
18,204,524,111,10,2,65.02
18,204,524,112,10,2,67.82
18,204,524,113,10,2,70.03
18,204,524,114,10,2,71.72
18,204,524,115,10,2,72.025
18,204,524,116,10,2,72.7911
18,204,524,117,10,2,73.6362
18,204,524,118,10,2,74.159
18,204,524,119,10,2,74.9417
18,204,524,120,10,2,75.5787
18,204,524,121,10,2,76.1436
18,204,524,122,10,2,76.7836
18,204,524,123,10,2,77.4094
18,204,524,124,10,2,77.8595
18,204,524,125,10,2,78.1961
18,204,524,126,10,2,78.7773
18,204,524,127,10,2,79.1089
18,204,524,128,10,2,79.7846
18,204,524,129,10,2,80.1268
18,204,524,130,10,2,80.6805
18,203,524,101,10,2,34.58
18,203,524,102,10,2,34.97
18,203,524,103,10,2,36.56
18,203,524,104,10,2,39.48
18,203,524,105,10,2,42.44
18,203,524,106,10,2,45.36
18,203,524,107,10,2,48.87
18,203,524,108,10,2,52.76
18,203,524,109,10,2,57.27
18,203,524,110,10,2,61.45
18,203,524,111,10,2,65.02
18,203,524,112,10,2,67.82
18,203,524,113,10,2,70.03
18,203,524,114,10,2,71.72
18,203,524,115,10,2,74.5466
18,203,524,116,10,2,76.2243
18,203,524,117,10,2,77.6671
18,203,524,118,10,2,79.0298
18,203,524,119,10,2,80.1537
18,203,524,120,10,2,81.3245
18,203,524,121,10,2,82.2814
18,203,524,122,10,2,83.0699
18,203,524,123,10,2,83.9458
18,203,524,124,10,2,84.7607
18,203,524,125,10,2,85.5626
18,203,524,126,10,2,86.4124
18,203,524,127,10,2,87.1273
18,203,524,128,10,2,87.8609
18,203,524,129,10,2,88.5852
18,203,524,130,10,2,89.1992
18,207,524,101,10,2,34.58
18,207,524,102,10,2,34.97
18,207,524,103,10,2,36.56
18,207,524,104,10,2,39.48
18,207,524,105,10,2,42.44
18,207,524,106,10,2,45.36
18,207,524,107,10,2,48.87
18,207,524,108,10,2,52.76
18,207,524,109,10,2,57.27
18,207,524,110,10,2,61.45
18,207,524,111,10,2,65.02
18,207,524,112,10,2,67.82
18,207,524,113,10,2,70.03
18,207,524,114,10,2,71.72
18,207,524,115,10,2,71.3832
18,207,524,116,10,2,72.0101
18,207,524,117,10,2,72.5008
18,207,524,118,10,2,73.0154
18,207,524,119,10,2,73.681
18,207,524,120,10,2,74.2182
18,207,524,121,10,2,74.6823
18,207,524,122,10,2,75.1313
18,207,524,123,10,2,75.4884
18,207,524,124,10,2,75.8501
18,207,524,125,10,2,76.5063
18,207,524,126,10,2,76.7714
18,207,524,127,10,2,77.1963
18,207,524,128,10,2,77.513
18,207,524,129,10,2,77.6097
18,207,524,130,10,2,78.1481
18,206,524,101,10,2,34.58
18,206,524,102,10,2,34.97
18,206,524,103,10,2,36.56
18,206,524,104,10,2,39.48
18,206,524,105,10,2,42.44
18,206,524,106,10,2,45.36
18,206,524,107,10,2,48.87
18,206,524,108,10,2,52.76
18,206,524,109,10,2,57.27
18,206,524,110,10,2,61.45
18,206,524,111,10,2,65.02
18,206,524,112,10,2,67.82
18,206,524,113,10,2,70.03
18,206,524,114,10,2,71.72
18,206,524,115,10,2,75.1676
18,206,524,116,10,2,77.2709
18,206,524,117,10,2,78.7598
18,206,524,118,10,2,80.264
18,206,524,119,10,2,81.3965
18,206,524,120,10,2,82.7531
18,206,524,121,10,2,83.8842
18,206,524,122,10,2,84.7665
18,206,524,123,10,2,85.6457
18,206,524,124,10,2,86.4428
18,206,524,125,10,2,87.2752
18,206,524,126,10,2,88.247
18,206,524,127,10,2,89.0512
18,206,524,128,10,2,89.8928
18,206,524,129,10,2,90.487
18,206,524,130,10,2,91.2235
18,8,524,101,10,2,34.58
18,8,524,102,10,2,34.97
18,8,524,103,10,2,36.56
18,8,524,104,10,2,39.48
18,8,524,105,10,2,42.44
18,8,524,106,10,2,45.36
18,8,524,107,10,2,48.87
18,8,524,108,10,2,52.76
18,8,524,109,10,2,57.27
18,8,524,110,10,2,61.45
18,8,524,111,10,2,65.02
18,8,524,112,10,2,67.82
18,8,524,113,10,2,70.03
18,8,524,114,10,2,71.72
18,8,524,115,10,2,71.72
18,8,524,116,10,2,71.72
18,8,524,117,10,2,71.72
18,8,524,118,10,2,71.72
18,8,524,119,10,2,71.72
18,8,524,120,10,2,71.72
18,8,524,121,10,2,71.72
18,8,524,122,10,2,71.72
18,8,524,123,10,2,71.72
18,8,524,124,10,2,71.72
18,8,524,125,10,2,71.72
18,8,524,126,10,2,71.72
18,8,524,127,10,2,71.72
18,8,524,128,10,2,71.72
18,8,524,129,10,2,71.72
18,8,524,130,10,2,71.72
18,202,586,101,10,2,37.75
18,202,586,102,10,2,43.04
18,202,586,103,10,2,47.6
18,202,586,104,10,2,51.2
18,202,586,105,10,2,53.98
18,202,586,106,10,2,56.3
18,202,586,107,10,2,58.29
18,202,586,108,10,2,60.09
18,202,586,109,10,2,61.56
18,202,586,110,10,2,62.97
18,202,586,111,10,2,64.35
18,202,586,112,10,2,65.45
18,202,586,113,10,2,66.99
18,202,586,114,10,2,68
18,202,586,115,10,2,68.796
18,202,586,116,10,2,69.5668
18,202,586,117,10,2,70.3781
18,202,586,118,10,2,71.0714
18,202,586,119,10,2,71.7142
18,202,586,120,10,2,72.398
18,202,586,121,10,2,73.0115
18,202,586,122,10,2,73.6812
18,202,586,123,10,2,74.325
18,202,586,124,10,2,74.9307
18,202,586,125,10,2,75.4432
18,202,586,126,10,2,76.1781
18,202,586,127,10,2,76.7489
18,202,586,128,10,2,77.347
18,202,586,129,10,2,77.9956
18,202,586,130,10,2,78.5606
18,204,586,101,10,2,37.75
18,204,586,102,10,2,43.04
18,204,586,103,10,2,47.6
18,204,586,104,10,2,51.2
18,204,586,105,10,2,53.98
18,204,586,106,10,2,56.3
18,204,586,107,10,2,58.29
18,204,586,108,10,2,60.09
18,204,586,109,10,2,61.56
18,204,586,110,10,2,62.97
18,204,586,111,10,2,64.35
18,204,586,112,10,2,65.45
18,204,586,113,10,2,66.99
18,204,586,114,10,2,68
18,204,586,115,10,2,67.6351
18,204,586,116,10,2,68.0774
18,204,586,117,10,2,68.454
18,204,586,118,10,2,68.8465
18,204,586,119,10,2,69.2897
18,204,586,120,10,2,69.7334
18,204,586,121,10,2,70.0248
18,204,586,122,10,2,70.6208
18,204,586,123,10,2,71.0801
18,204,586,124,10,2,71.5042
18,204,586,125,10,2,71.9927
18,204,586,126,10,2,72.4854
18,204,586,127,10,2,72.8217
18,204,586,128,10,2,73.2164
18,204,586,129,10,2,73.4405
18,204,586,130,10,2,74.0177
18,203,586,101,10,2,37.75
18,203,586,102,10,2,43.04
18,203,586,103,10,2,47.6
18,203,586,104,10,2,51.2
18,203,586,105,10,2,53.98
18,203,586,106,10,2,56.3
18,203,586,107,10,2,58.29
18,203,586,108,10,2,60.09
18,203,586,109,10,2,61.56
18,203,586,110,10,2,62.97
18,203,586,111,10,2,64.35
18,203,586,112,10,2,65.45
18,203,586,113,10,2,66.99
18,203,586,114,10,2,68
18,203,586,115,10,2,69.9728
18,203,586,116,10,2,71.2799
18,203,586,117,10,2,72.2586
18,203,586,118,10,2,73.2259
18,203,586,119,10,2,74.103
18,203,586,120,10,2,74.9328
18,203,586,121,10,2,75.881
18,203,586,122,10,2,76.5301
18,203,586,123,10,2,77.4075
18,203,586,124,10,2,78.1748
18,203,586,125,10,2,78.9751
18,203,586,126,10,2,79.5355
18,203,586,127,10,2,80.2095
18,203,586,128,10,2,80.8678
18,203,586,129,10,2,81.7253
18,203,586,130,10,2,82.4171
18,207,586,101,10,2,37.75
18,207,586,102,10,2,43.04
18,207,586,103,10,2,47.6
18,207,586,104,10,2,51.2
18,207,586,105,10,2,53.98
18,207,586,106,10,2,56.3
18,207,586,107,10,2,58.29
18,207,586,108,10,2,60.09
18,207,586,109,10,2,61.56
18,207,586,110,10,2,62.97
18,207,586,111,10,2,64.35
18,207,586,112,10,2,65.45
18,207,586,113,10,2,66.99
18,207,586,114,10,2,68
18,207,586,115,10,2,67.0409
18,207,586,116,10,2,67.1236
18,207,586,117,10,2,67.3875
18,207,586,118,10,2,67.644
18,207,586,119,10,2,68.0921
18,207,586,120,10,2,68.087
18,207,586,121,10,2,68.3885
18,207,586,122,10,2,68.5549
18,207,586,123,10,2,68.9965
18,207,586,124,10,2,69.1638
18,207,586,125,10,2,69.5498
18,207,586,126,10,2,70.0301
18,207,586,127,10,2,70.5601
18,207,586,128,10,2,70.7149
18,207,586,129,10,2,71.0916
18,207,586,130,10,2,71.499
18,206,586,101,10,2,37.75
18,206,586,102,10,2,43.04
18,206,586,103,10,2,47.6
18,206,586,104,10,2,51.2
18,206,586,105,10,2,53.98
18,206,586,106,10,2,56.3
18,206,586,107,10,2,58.29
18,206,586,108,10,2,60.09
18,206,586,109,10,2,61.56
18,206,586,110,10,2,62.97
18,206,586,111,10,2,64.35
18,206,586,112,10,2,65.45
18,206,586,113,10,2,66.99
18,206,586,114,10,2,68
18,206,586,115,10,2,70.5674
18,206,586,116,10,2,72.101
18,206,586,117,10,2,73.3869
18,206,586,118,10,2,74.4536
18,206,586,119,10,2,75.6955
18,206,586,120,10,2,76.6359
18,206,586,121,10,2,77.6038
18,206,586,122,10,2,78.2105
18,206,586,123,10,2,79.4021
18,206,586,124,10,2,80.0128
18,206,586,125,10,2,80.7308
18,206,586,126,10,2,81.3954
18,206,586,127,10,2,81.8419
18,206,586,128,10,2,82.5525
18,206,586,129,10,2,83.5286
18,206,586,130,10,2,84.3492
18,8,586,101,10,2,37.75
18,8,586,102,10,2,43.04
18,8,586,103,10,2,47.6
18,8,586,104,10,2,51.2
18,8,586,105,10,2,53.98
18,8,586,106,10,2,56.3
18,8,586,107,10,2,58.29
18,8,586,108,10,2,60.09
18,8,586,109,10,2,61.56
18,8,586,110,10,2,62.97
18,8,586,111,10,2,64.35
18,8,586,112,10,2,65.45
18,8,586,113,10,2,66.99
18,8,586,114,10,2,68
18,8,586,115,10,2,68
18,8,586,116,10,2,68
18,8,586,117,10,2,68
18,8,586,118,10,2,68
18,8,586,119,10,2,68
18,8,586,120,10,2,68
18,8,586,121,10,2,68
18,8,586,122,10,2,68
18,8,586,123,10,2,68
18,8,586,124,10,2,68
18,8,586,125,10,2,68
18,8,586,126,10,2,68
18,8,586,127,10,2,68
18,8,586,128,10,2,68
18,8,586,129,10,2,68
18,8,586,130,10,2,68
18,202,144,101,10,2,56.8
18,202,144,102,10,2,61.05
18,202,144,103,10,2,63.09
18,202,144,104,10,2,65.2
18,202,144,105,10,2,67.2
18,202,144,106,10,2,68.89
18,202,144,107,10,2,71.72
18,202,144,108,10,2,72.66
18,202,144,109,10,2,73.5
18,202,144,110,10,2,72.83
18,202,144,111,10,2,77.64
18,202,144,112,10,2,78.51
18,202,144,113,10,2,79.31
18,202,144,114,10,2,80.05
18,202,144,115,10,2,80.7543
18,202,144,116,10,2,81.4928
18,202,144,117,10,2,82.1667
18,202,144,118,10,2,82.834
18,202,144,119,10,2,83.543
18,202,144,120,10,2,84.157
18,202,144,121,10,2,84.8187
18,202,144,122,10,2,85.4904
18,202,144,123,10,2,86.1522
18,202,144,124,10,2,86.7802
18,202,144,125,10,2,87.2563
18,202,144,126,10,2,87.9549
18,202,144,127,10,2,88.5383
18,202,144,128,10,2,89.0385
18,202,144,129,10,2,89.6403
18,202,144,130,10,2,90.1963
18,204,144,101,10,2,56.8
18,204,144,102,10,2,61.05
18,204,144,103,10,2,63.09
18,204,144,104,10,2,65.2
18,204,144,105,10,2,67.2
18,204,144,106,10,2,68.89
18,204,144,107,10,2,71.72
18,204,144,108,10,2,72.66
18,204,144,109,10,2,73.5
18,204,144,110,10,2,72.83
18,204,144,111,10,2,77.64
18,204,144,112,10,2,78.51
18,204,144,113,10,2,79.31
18,204,144,114,10,2,80.05
18,204,144,115,10,2,79.9224
18,204,144,116,10,2,80.332
18,204,144,117,10,2,80.7516
18,204,144,118,10,2,81.1855
18,204,144,119,10,2,81.5981
18,204,144,120,10,2,82.102
18,204,144,121,10,2,82.4956
18,204,144,122,10,2,82.9652
18,204,144,123,10,2,83.6007
18,204,144,124,10,2,83.9575
18,204,144,125,10,2,84.4399
18,204,144,126,10,2,84.9625
18,204,144,127,10,2,85.4856
18,204,144,128,10,2,85.959
18,204,144,129,10,2,86.3444
18,204,144,130,10,2,86.7167
18,203,144,101,10,2,56.8
18,203,144,102,10,2,61.05
18,203,144,103,10,2,63.09
18,203,144,104,10,2,65.2
18,203,144,105,10,2,67.2
18,203,144,106,10,2,68.89
18,203,144,107,10,2,71.72
18,203,144,108,10,2,72.66
18,203,144,109,10,2,73.5
18,203,144,110,10,2,72.83
18,203,144,111,10,2,77.64
18,203,144,112,10,2,78.51
18,203,144,113,10,2,79.31
18,203,144,114,10,2,80.05
18,203,144,115,10,2,81.5593
18,203,144,116,10,2,82.5996
18,203,144,117,10,2,83.6041
18,203,144,118,10,2,84.4548
18,203,144,119,10,2,85.2507
18,203,144,120,10,2,86.0294
18,203,144,121,10,2,86.8534
18,203,144,122,10,2,87.5796
18,203,144,123,10,2,88.3453
18,203,144,124,10,2,89.1335
18,203,144,125,10,2,89.8551
18,203,144,126,10,2,90.5831
18,203,144,127,10,2,91.2891
18,203,144,128,10,2,91.9638
18,203,144,129,10,2,92.6396
18,203,144,130,10,2,93.3486
18,207,144,101,10,2,56.8
18,207,144,102,10,2,61.05
18,207,144,103,10,2,63.09
18,207,144,104,10,2,65.2
18,207,144,105,10,2,67.2
18,207,144,106,10,2,68.89
18,207,144,107,10,2,71.72
18,207,144,108,10,2,72.66
18,207,144,109,10,2,73.5
18,207,144,110,10,2,72.83
18,207,144,111,10,2,77.64
18,207,144,112,10,2,78.51
18,207,144,113,10,2,79.31
18,207,144,114,10,2,80.05
18,207,144,115,10,2,79.4005
18,207,144,116,10,2,79.7408
18,207,144,117,10,2,80.0039
18,207,144,118,10,2,80.2822
18,207,144,119,10,2,80.556
18,207,144,120,10,2,80.802
18,207,144,121,10,2,81.2085
18,207,144,122,10,2,81.5771
18,207,144,123,10,2,81.8725
18,207,144,124,10,2,82.3412
18,207,144,125,10,2,82.905
18,207,144,126,10,2,83.1445
18,207,144,127,10,2,83.4817
18,207,144,128,10,2,84.0916
18,207,144,129,10,2,84.5175
18,207,144,130,10,2,84.9103
18,206,144,101,10,2,56.8
18,206,144,102,10,2,61.05
18,206,144,103,10,2,63.09
18,206,144,104,10,2,65.2
18,206,144,105,10,2,67.2
18,206,144,106,10,2,68.89
18,206,144,107,10,2,71.72
18,206,144,108,10,2,72.66
18,206,144,109,10,2,73.5
18,206,144,110,10,2,72.83
18,206,144,111,10,2,77.64
18,206,144,112,10,2,78.51
18,206,144,113,10,2,79.31
18,206,144,114,10,2,80.05
18,206,144,115,10,2,82.0254
18,206,144,116,10,2,83.1536
18,206,144,117,10,2,84.2325
18,206,144,118,10,2,85.4628
18,206,144,119,10,2,86.2663
18,206,144,120,10,2,86.9459
18,206,144,121,10,2,87.8275
18,206,144,122,10,2,88.6777
18,206,144,123,10,2,89.4706
18,206,144,124,10,2,90.3088
18,206,144,125,10,2,91.0235
18,206,144,126,10,2,91.7622
18,206,144,127,10,2,92.7145
18,206,144,128,10,2,93.3285
18,206,144,129,10,2,94.1021
18,206,144,130,10,2,95.0948
18,8,144,101,10,2,56.8
18,8,144,102,10,2,61.05
18,8,144,103,10,2,63.09
18,8,144,104,10,2,65.2
18,8,144,105,10,2,67.2
18,8,144,106,10,2,68.89
18,8,144,107,10,2,71.72
18,8,144,108,10,2,72.66
18,8,144,109,10,2,73.5
18,8,144,110,10,2,72.83
18,8,144,111,10,2,77.64
18,8,144,112,10,2,78.51
18,8,144,113,10,2,79.31
18,8,144,114,10,2,80.05
18,8,144,115,10,2,80.05
18,8,144,116,10,2,80.05
18,8,144,117,10,2,80.05
18,8,144,118,10,2,80.05
18,8,144,119,10,2,80.05
18,8,144,120,10,2,80.05
18,8,144,121,10,2,80.05
18,8,144,122,10,2,80.05
18,8,144,123,10,2,80.05
18,8,144,124,10,2,80.05
18,8,144,125,10,2,80.05
18,8,144,126,10,2,80.05
18,8,144,127,10,2,80.05
18,8,144,128,10,2,80.05
18,8,144,129,10,2,80.05
18,8,144,130,10,2,80.05
18,202,156,101,10,2,45.29
18,202,156,102,10,2,46.1
18,202,156,103,10,2,45.92
18,202,156,104,10,2,57.48
18,202,156,105,10,2,63.18
18,202,156,106,10,2,66.9
18,202,156,107,10,2,69.3
18,202,156,108,10,2,70.52
18,202,156,109,10,2,71.49
18,202,156,110,10,2,72.77
18,202,156,111,10,2,74.09
18,202,156,112,10,2,75.67
18,202,156,113,10,2,77.45
18,202,156,114,10,2,78.97
18,202,156,115,10,2,79.791
18,202,156,116,10,2,80.6814
18,202,156,117,10,2,81.4501
18,202,156,118,10,2,82.0798
18,202,156,119,10,2,82.8103
18,202,156,120,10,2,83.4886
18,202,156,121,10,2,84.1322
18,202,156,122,10,2,84.7374
18,202,156,123,10,2,85.3612
18,202,156,124,10,2,85.972
18,202,156,125,10,2,86.5571
18,202,156,126,10,2,87.1831
18,202,156,127,10,2,87.7465
18,202,156,128,10,2,88.3751
18,202,156,129,10,2,88.9172
18,202,156,130,10,2,89.4693
18,204,156,101,10,2,45.29
18,204,156,102,10,2,46.1
18,204,156,103,10,2,45.92
18,204,156,104,10,2,57.48
18,204,156,105,10,2,63.18
18,204,156,106,10,2,66.9
18,204,156,107,10,2,69.3
18,204,156,108,10,2,70.52
18,204,156,109,10,2,71.49
18,204,156,110,10,2,72.77
18,204,156,111,10,2,74.09
18,204,156,112,10,2,75.67
18,204,156,113,10,2,77.45
18,204,156,114,10,2,78.97
18,204,156,115,10,2,78.9395
18,204,156,116,10,2,79.39
18,204,156,117,10,2,79.7975
18,204,156,118,10,2,80.4117
18,204,156,119,10,2,80.8443
18,204,156,120,10,2,81.2954
18,204,156,121,10,2,81.7332
18,204,156,122,10,2,82.3522
18,204,156,123,10,2,82.8337
18,204,156,124,10,2,83.3995
18,204,156,125,10,2,83.7988
18,204,156,126,10,2,84.3011
18,204,156,127,10,2,84.7083
18,204,156,128,10,2,85.2288
18,204,156,129,10,2,85.6684
18,204,156,130,10,2,85.9496
18,203,156,101,10,2,45.29
18,203,156,102,10,2,46.1
18,203,156,103,10,2,45.92
18,203,156,104,10,2,57.48
18,203,156,105,10,2,63.18
18,203,156,106,10,2,66.9
18,203,156,107,10,2,69.3
18,203,156,108,10,2,70.52
18,203,156,109,10,2,71.49
18,203,156,110,10,2,72.77
18,203,156,111,10,2,74.09
18,203,156,112,10,2,75.67
18,203,156,113,10,2,77.45
18,203,156,114,10,2,78.97
18,203,156,115,10,2,80.7653
18,203,156,116,10,2,81.9269
18,203,156,117,10,2,82.831
18,203,156,118,10,2,83.7497
18,203,156,119,10,2,84.6593
18,203,156,120,10,2,85.4623
18,203,156,121,10,2,86.2502
18,203,156,122,10,2,86.9932
18,203,156,123,10,2,87.7275
18,203,156,124,10,2,88.479
18,203,156,125,10,2,89.1939
18,203,156,126,10,2,89.9983
18,203,156,127,10,2,90.6651
18,203,156,128,10,2,91.317
18,203,156,129,10,2,91.9786
18,203,156,130,10,2,92.6437
18,207,156,101,10,2,45.29
18,207,156,102,10,2,46.1
18,207,156,103,10,2,45.92
18,207,156,104,10,2,57.48
18,207,156,105,10,2,63.18
18,207,156,106,10,2,66.9
18,207,156,107,10,2,69.3
18,207,156,108,10,2,70.52
18,207,156,109,10,2,71.49
18,207,156,110,10,2,72.77
18,207,156,111,10,2,74.09
18,207,156,112,10,2,75.67
18,207,156,113,10,2,77.45
18,207,156,114,10,2,78.97
18,207,156,115,10,2,78.4092
18,207,156,116,10,2,78.7178
18,207,156,117,10,2,79.0702
18,207,156,118,10,2,79.4212
18,207,156,119,10,2,79.7925
18,207,156,120,10,2,80.0916
18,207,156,121,10,2,80.6812
18,207,156,122,10,2,80.9974
18,207,156,123,10,2,81.3498
18,207,156,124,10,2,81.7767
18,207,156,125,10,2,82.1733
18,207,156,126,10,2,82.4857
18,207,156,127,10,2,83.153
18,207,156,128,10,2,83.4291
18,207,156,129,10,2,83.9072
18,207,156,130,10,2,84.1624
18,206,156,101,10,2,45.29
18,206,156,102,10,2,46.1
18,206,156,103,10,2,45.92
18,206,156,104,10,2,57.48
18,206,156,105,10,2,63.18
18,206,156,106,10,2,66.9
18,206,156,107,10,2,69.3
18,206,156,108,10,2,70.52
18,206,156,109,10,2,71.49
18,206,156,110,10,2,72.77
18,206,156,111,10,2,74.09
18,206,156,112,10,2,75.67
18,206,156,113,10,2,77.45
18,206,156,114,10,2,78.97
18,206,156,115,10,2,81.2992
18,206,156,116,10,2,82.5313
18,206,156,117,10,2,83.6131
18,206,156,118,10,2,84.5728
18,206,156,119,10,2,85.5676
18,206,156,120,10,2,86.4668
18,206,156,121,10,2,87.334
18,206,156,122,10,2,88.1146
18,206,156,123,10,2,88.9773
18,206,156,124,10,2,89.7823
18,206,156,125,10,2,90.5657
18,206,156,126,10,2,91.2487
18,206,156,127,10,2,91.9354
18,206,156,128,10,2,92.736
18,206,156,129,10,2,93.5251
18,206,156,130,10,2,94.1563
18,8,156,101,10,2,45.29
18,8,156,102,10,2,46.1
18,8,156,103,10,2,45.92
18,8,156,104,10,2,57.48
18,8,156,105,10,2,63.18
18,8,156,106,10,2,66.9
18,8,156,107,10,2,69.3
18,8,156,108,10,2,70.52
18,8,156,109,10,2,71.49
18,8,156,110,10,2,72.77
18,8,156,111,10,2,74.09
18,8,156,112,10,2,75.67
18,8,156,113,10,2,77.45
18,8,156,114,10,2,78.97
18,8,156,115,10,2,78.97
18,8,156,116,10,2,78.97
18,8,156,117,10,2,78.97
18,8,156,118,10,2,78.97
18,8,156,119,10,2,78.97
18,8,156,120,10,2,78.97
18,8,156,121,10,2,78.97
18,8,156,122,10,2,78.97
18,8,156,123,10,2,78.97
18,8,156,124,10,2,78.97
18,8,156,125,10,2,78.97
18,8,156,126,10,2,78.97
18,8,156,127,10,2,78.97
18,8,156,128,10,2,78.97
18,8,156,129,10,2,78.97
18,8,156,130,10,2,78.97
18,202,344,101,10,2,66.39
18,202,344,102,10,2,69.11
18,202,344,103,10,2,72.15
18,202,344,104,10,2,74.07
18,202,344,105,10,2,75.94
18,202,344,106,10,2,76.87
18,202,344,107,10,2,78.57
18,202,344,108,10,2,79.75
18,202,344,109,10,2,80.93
18,202,344,110,10,2,82.89
18,202,344,111,10,2,84.45
18,202,344,112,10,2,85.49
18,202,344,113,10,2,86.4
18,202,344,114,10,2,87.53
18,202,344,115,10,2,88.239
18,202,344,116,10,2,88.9385
18,202,344,117,10,2,89.6675
18,202,344,118,10,2,90.3733
18,202,344,119,10,2,90.9913
18,202,344,120,10,2,91.6804
18,202,344,121,10,2,92.306
18,202,344,122,10,2,92.9059
18,202,344,123,10,2,93.5492
18,202,344,124,10,2,94.1633
18,202,344,125,10,2,94.824
18,202,344,126,10,2,95.4595
18,202,344,127,10,2,96.0601
18,202,344,128,10,2,96.594
18,202,344,129,10,2,97.2381
18,202,344,130,10,2,97.822
18,204,344,101,10,2,66.39
18,204,344,102,10,2,69.11
18,204,344,103,10,2,72.15
18,204,344,104,10,2,74.07
18,204,344,105,10,2,75.94
18,204,344,106,10,2,76.87
18,204,344,107,10,2,78.57
18,204,344,108,10,2,79.75
18,204,344,109,10,2,80.93
18,204,344,110,10,2,82.89
18,204,344,111,10,2,84.45
18,204,344,112,10,2,85.49
18,204,344,113,10,2,86.4
18,204,344,114,10,2,87.53
18,204,344,115,10,2,87.5631
18,204,344,116,10,2,87.9951
18,204,344,117,10,2,88.3714
18,204,344,118,10,2,88.8758
18,204,344,119,10,2,89.4206
18,204,344,120,10,2,89.902
18,204,344,121,10,2,90.3481
18,204,344,122,10,2,90.8121
18,204,344,123,10,2,91.357
18,204,344,124,10,2,91.7519
18,204,344,125,10,2,92.354
18,204,344,126,10,2,92.9057
18,204,344,127,10,2,93.2858
18,204,344,128,10,2,93.8534
18,204,344,129,10,2,94.2913
18,204,344,130,10,2,94.6501
18,203,344,101,10,2,66.39
18,203,344,102,10,2,69.11
18,203,344,103,10,2,72.15
18,203,344,104,10,2,74.07
18,203,344,105,10,2,75.94
18,203,344,106,10,2,76.87
18,203,344,107,10,2,78.57
18,203,344,108,10,2,79.75
18,203,344,109,10,2,80.93
18,203,344,110,10,2,82.89
18,203,344,111,10,2,84.45
18,203,344,112,10,2,85.49
18,203,344,113,10,2,86.4
18,203,344,114,10,2,87.53
18,203,344,115,10,2,88.9075
18,203,344,116,10,2,89.8793
18,203,344,117,10,2,90.8472
18,203,344,118,10,2,91.6865
18,203,344,119,10,2,92.4408
18,203,344,120,10,2,93.395
18,203,344,121,10,2,94.1966
18,203,344,122,10,2,94.9306
18,203,344,123,10,2,95.6816
18,203,344,124,10,2,96.3999
18,203,344,125,10,2,97.1431
18,203,344,126,10,2,97.8442
18,203,344,127,10,2,98.5211
18,203,344,128,10,2,99.2322
18,203,344,129,10,2,99.9983
18,203,344,130,10,2,100.8184
18,207,344,101,10,2,66.39
18,207,344,102,10,2,69.11
18,207,344,103,10,2,72.15
18,207,344,104,10,2,74.07
18,207,344,105,10,2,75.94
18,207,344,106,10,2,76.87
18,207,344,107,10,2,78.57
18,207,344,108,10,2,79.75
18,207,344,109,10,2,80.93
18,207,344,110,10,2,82.89
18,207,344,111,10,2,84.45
18,207,344,112,10,2,85.49
18,207,344,113,10,2,86.4
18,207,344,114,10,2,87.53
18,207,344,115,10,2,87.2241
18,207,344,116,10,2,87.4505
18,207,344,117,10,2,87.6694
18,207,344,118,10,2,88.0258
18,207,344,119,10,2,88.4599
18,207,344,120,10,2,88.8953
18,207,344,121,10,2,89.3296
18,207,344,122,10,2,89.646
18,207,344,123,10,2,90.1204
18,207,344,124,10,2,90.663
18,207,344,125,10,2,91.1242
18,207,344,126,10,2,91.5937
18,207,344,127,10,2,91.9713
18,207,344,128,10,2,92.4646
18,207,344,129,10,2,92.8905
18,207,344,130,10,2,93.3969
18,206,344,101,10,2,66.39
18,206,344,102,10,2,69.11
18,206,344,103,10,2,72.15
18,206,344,104,10,2,74.07
18,206,344,105,10,2,75.94
18,206,344,106,10,2,76.87
18,206,344,107,10,2,78.57
18,206,344,108,10,2,79.75
18,206,344,109,10,2,80.93
18,206,344,110,10,2,82.89
18,206,344,111,10,2,84.45
18,206,344,112,10,2,85.49
18,206,344,113,10,2,86.4
18,206,344,114,10,2,87.53
18,206,344,115,10,2,89.2784
18,206,344,116,10,2,90.3678
18,206,344,117,10,2,91.4088
18,206,344,118,10,2,92.2759
18,206,344,119,10,2,93.3357
18,206,344,120,10,2,94.334
18,206,344,121,10,2,95.1355
18,206,344,122,10,2,95.9499
18,206,344,123,10,2,96.6359
18,206,344,124,10,2,97.3845
18,206,344,125,10,2,98.2295
18,206,344,126,10,2,99.0353
18,206,344,127,10,2,99.8009
18,206,344,128,10,2,100.6592
18,206,344,129,10,2,101.4966
18,206,344,130,10,2,102.2109
18,8,344,101,10,2,66.39
18,8,344,102,10,2,69.11
18,8,344,103,10,2,72.15
18,8,344,104,10,2,74.07
18,8,344,105,10,2,75.94
18,8,344,106,10,2,76.87
18,8,344,107,10,2,78.57
18,8,344,108,10,2,79.75
18,8,344,109,10,2,80.93
18,8,344,110,10,2,82.89
18,8,344,111,10,2,84.45
18,8,344,112,10,2,85.49
18,8,344,113,10,2,86.4
18,8,344,114,10,2,87.53
18,8,344,115,10,2,87.53
18,8,344,116,10,2,87.53
18,8,344,117,10,2,87.53
18,8,344,118,10,2,87.53
18,8,344,119,10,2,87.53
18,8,344,120,10,2,87.53
18,8,344,121,10,2,87.53
18,8,344,122,10,2,87.53
18,8,344,123,10,2,87.53
18,8,344,124,10,2,87.53
18,8,344,125,10,2,87.53
18,8,344,126,10,2,87.53
18,8,344,127,10,2,87.53
18,8,344,128,10,2,87.53
18,8,344,129,10,2,87.53
18,8,344,130,10,2,87.53
18,202,446,101,10,2,62.36
18,202,446,102,10,2,65.07
18,202,446,103,10,2,67.68
18,202,446,104,10,2,69.99
18,202,446,105,10,2,72.67
18,202,446,106,10,2,75.08
18,202,446,107,10,2,76.87
18,202,446,108,10,2,78.61
18,202,446,109,10,2,80.44
18,202,446,110,10,2,82.15
18,202,446,111,10,2,83.6
18,202,446,112,10,2,84.88
18,202,446,113,10,2,86.19
18,202,446,114,10,2,86.97
18,202,446,115,10,2,87.7623
18,202,446,116,10,2,88.4698
18,202,446,117,10,2,89.1712
18,202,446,118,10,2,89.8276
18,202,446,119,10,2,90.5143
18,202,446,120,10,2,91.2233
18,202,446,121,10,2,91.8813
18,202,446,122,10,2,92.3891
18,202,446,123,10,2,93.0584
18,202,446,124,10,2,93.7062
18,202,446,125,10,2,94.3099
18,202,446,126,10,2,94.8905
18,202,446,127,10,2,95.4813
18,202,446,128,10,2,96.1156
18,202,446,129,10,2,96.6958
18,202,446,130,10,2,97.3001
18,204,446,101,10,2,62.36
18,204,446,102,10,2,65.07
18,204,446,103,10,2,67.68
18,204,446,104,10,2,69.99
18,204,446,105,10,2,72.67
18,204,446,106,10,2,75.08
18,204,446,107,10,2,76.87
18,204,446,108,10,2,78.61
18,204,446,109,10,2,80.44
18,204,446,110,10,2,82.15
18,204,446,111,10,2,83.6
18,204,446,112,10,2,84.88
18,204,446,113,10,2,86.19
18,204,446,114,10,2,86.97
18,204,446,115,10,2,87.064
18,204,446,116,10,2,87.5148
18,204,446,117,10,2,87.8695
18,204,446,118,10,2,88.499
18,204,446,119,10,2,88.9786
18,204,446,120,10,2,89.3903
18,204,446,121,10,2,90.0415
18,204,446,122,10,2,90.4777
18,204,446,123,10,2,90.985
18,204,446,124,10,2,91.4795
18,204,446,125,10,2,91.8633
18,204,446,126,10,2,92.4545
18,204,446,127,10,2,92.9026
18,204,446,128,10,2,93.4117
18,204,446,129,10,2,93.9276
18,204,446,130,10,2,94.4692
18,203,446,101,10,2,62.36
18,203,446,102,10,2,65.07
18,203,446,103,10,2,67.68
18,203,446,104,10,2,69.99
18,203,446,105,10,2,72.67
18,203,446,106,10,2,75.08
18,203,446,107,10,2,76.87
18,203,446,108,10,2,78.61
18,203,446,109,10,2,80.44
18,203,446,110,10,2,82.15
18,203,446,111,10,2,83.6
18,203,446,112,10,2,84.88
18,203,446,113,10,2,86.19
18,203,446,114,10,2,86.97
18,203,446,115,10,2,88.436
18,203,446,116,10,2,89.4792
18,203,446,117,10,2,90.316
18,203,446,118,10,2,91.1295
18,203,446,119,10,2,92.0093
18,203,446,120,10,2,92.8402
18,203,446,121,10,2,93.6301
18,203,446,122,10,2,94.4113
18,203,446,123,10,2,95.1905
18,203,446,124,10,2,95.9896
18,203,446,125,10,2,96.6104
18,203,446,126,10,2,97.3494
18,203,446,127,10,2,98.0805
18,203,446,128,10,2,98.7793
18,203,446,129,10,2,99.4715
18,203,446,130,10,2,100.0112
18,207,446,101,10,2,62.36
18,207,446,102,10,2,65.07
18,207,446,103,10,2,67.68
18,207,446,104,10,2,69.99
18,207,446,105,10,2,72.67
18,207,446,106,10,2,75.08
18,207,446,107,10,2,76.87
18,207,446,108,10,2,78.61
18,207,446,109,10,2,80.44
18,207,446,110,10,2,82.15
18,207,446,111,10,2,83.6
18,207,446,112,10,2,84.88
18,207,446,113,10,2,86.19
18,207,446,114,10,2,86.97
18,207,446,115,10,2,86.7981
18,207,446,116,10,2,87.0345
18,207,446,117,10,2,87.3244
18,207,446,118,10,2,87.7816
18,207,446,119,10,2,88.1807
18,207,446,120,10,2,88.613
18,207,446,121,10,2,89.1752
18,207,446,122,10,2,89.6369
18,207,446,123,10,2,90.0139
18,207,446,124,10,2,90.4908
18,207,446,125,10,2,90.7894
18,207,446,126,10,2,91.3123
18,207,446,127,10,2,91.6777
18,207,446,128,10,2,92.0878
18,207,446,129,10,2,92.4622
18,207,446,130,10,2,92.8352
18,206,446,101,10,2,62.36
18,206,446,102,10,2,65.07
18,206,446,103,10,2,67.68
18,206,446,104,10,2,69.99
18,206,446,105,10,2,72.67
18,206,446,106,10,2,75.08
18,206,446,107,10,2,76.87
18,206,446,108,10,2,78.61
18,206,446,109,10,2,80.44
18,206,446,110,10,2,82.15
18,206,446,111,10,2,83.6
18,206,446,112,10,2,84.88
18,206,446,113,10,2,86.19
18,206,446,114,10,2,86.97
18,206,446,115,10,2,88.7824
18,206,446,116,10,2,89.9811
18,206,446,117,10,2,90.9321
18,206,446,118,10,2,91.8191
18,206,446,119,10,2,92.9372
18,206,446,120,10,2,93.7954
18,206,446,121,10,2,94.6376
18,206,446,122,10,2,95.5833
18,206,446,123,10,2,96.2656
18,206,446,124,10,2,96.8891
18,206,446,125,10,2,97.7572
18,206,446,126,10,2,98.6509
18,206,446,127,10,2,99.3751
18,206,446,128,10,2,100.2828
18,206,446,129,10,2,100.9181
18,206,446,130,10,2,101.7186
18,8,446,101,10,2,62.36
18,8,446,102,10,2,65.07
18,8,446,103,10,2,67.68
18,8,446,104,10,2,69.99
18,8,446,105,10,2,72.67
18,8,446,106,10,2,75.08
18,8,446,107,10,2,76.87
18,8,446,108,10,2,78.61
18,8,446,109,10,2,80.44
18,8,446,110,10,2,82.15
18,8,446,111,10,2,83.6
18,8,446,112,10,2,84.88
18,8,446,113,10,2,86.19
18,8,446,114,10,2,86.97
18,8,446,115,10,2,86.97
18,8,446,116,10,2,86.97
18,8,446,117,10,2,86.97
18,8,446,118,10,2,86.97
18,8,446,119,10,2,86.97
18,8,446,120,10,2,86.97
18,8,446,121,10,2,86.97
18,8,446,122,10,2,86.97
18,8,446,123,10,2,86.97
18,8,446,124,10,2,86.97
18,8,446,125,10,2,86.97
18,8,446,126,10,2,86.97
18,8,446,127,10,2,86.97
18,8,446,128,10,2,86.97
18,8,446,129,10,2,86.97
18,8,446,130,10,2,86.97
18,202,158,101,10,2,60.01
18,202,158,102,10,2,65.63
18,202,158,103,10,2,67.73
18,202,158,104,10,2,69.61
18,202,158,105,10,2,72.12
18,202,158,106,10,2,73.63
18,202,158,107,10,2,74.83
18,202,158,108,10,2,76.1
18,202,158,109,10,2,77.35
18,202,158,110,10,2,78.32
18,202,158,111,10,2,80.01
18,202,158,112,10,2,81.5
18,202,158,113,10,2,82.3
18,202,158,114,10,2,83.01
18,202,158,115,10,2,83.6904
18,202,158,116,10,2,84.4162
18,202,158,117,10,2,85.0684
18,202,158,118,10,2,85.7024
18,202,158,119,10,2,86.3734
18,202,158,120,10,2,86.9806
18,202,158,121,10,2,87.5896
18,202,158,122,10,2,88.1422
18,202,158,123,10,2,88.7286
18,202,158,124,10,2,89.411
18,202,158,125,10,2,90.0135
18,202,158,126,10,2,90.5794
18,202,158,127,10,2,91.105
18,202,158,128,10,2,91.6911
18,202,158,129,10,2,92.311
18,202,158,130,10,2,92.8552
18,204,158,101,10,2,60.01
18,204,158,102,10,2,65.63
18,204,158,103,10,2,67.73
18,204,158,104,10,2,69.61
18,204,158,105,10,2,72.12
18,204,158,106,10,2,73.63
18,204,158,107,10,2,74.83
18,204,158,108,10,2,76.1
18,204,158,109,10,2,77.35
18,204,158,110,10,2,78.32
18,204,158,111,10,2,80.01
18,204,158,112,10,2,81.5
18,204,158,113,10,2,82.3
18,204,158,114,10,2,83.01
18,204,158,115,10,2,82.95
18,204,158,116,10,2,83.3712
18,204,158,117,10,2,83.7121
18,204,158,118,10,2,84.1495
18,204,158,119,10,2,84.6845
18,204,158,120,10,2,85.2136
18,204,158,121,10,2,85.5673
18,204,158,122,10,2,86.1176
18,204,158,123,10,2,86.5876
18,204,158,124,10,2,87.1433
18,204,158,125,10,2,87.6331
18,204,158,126,10,2,88.1288
18,204,158,127,10,2,88.5082
18,204,158,128,10,2,89.0014
18,204,158,129,10,2,89.417
18,204,158,130,10,2,89.9538
18,203,158,101,10,2,60.01
18,203,158,102,10,2,65.63
18,203,158,103,10,2,67.73
18,203,158,104,10,2,69.61
18,203,158,105,10,2,72.12
18,203,158,106,10,2,73.63
18,203,158,107,10,2,74.83
18,203,158,108,10,2,76.1
18,203,158,109,10,2,77.35
18,203,158,110,10,2,78.32
18,203,158,111,10,2,80.01
18,203,158,112,10,2,81.5
18,203,158,113,10,2,82.3
18,203,158,114,10,2,83.01
18,203,158,115,10,2,84.4222
18,203,158,116,10,2,85.4614
18,203,158,117,10,2,86.3362
18,203,158,118,10,2,87.1455
18,203,158,119,10,2,87.9893
18,203,158,120,10,2,88.6934
18,203,158,121,10,2,89.48
18,203,158,122,10,2,90.2372
18,203,158,123,10,2,90.8961
18,203,158,124,10,2,91.6546
18,203,158,125,10,2,92.3865
18,203,158,126,10,2,93.0173
18,203,158,127,10,2,93.7678
18,203,158,128,10,2,94.4197
18,203,158,129,10,2,95.1058
18,203,158,130,10,2,95.7112
18,207,158,101,10,2,60.01
18,207,158,102,10,2,65.63
18,207,158,103,10,2,67.73
18,207,158,104,10,2,69.61
18,207,158,105,10,2,72.12
18,207,158,106,10,2,73.63
18,207,158,107,10,2,74.83
18,207,158,108,10,2,76.1
18,207,158,109,10,2,77.35
18,207,158,110,10,2,78.32
18,207,158,111,10,2,80.01
18,207,158,112,10,2,81.5
18,207,158,113,10,2,82.3
18,207,158,114,10,2,83.01
18,207,158,115,10,2,82.5838
18,207,158,116,10,2,82.8559
18,207,158,117,10,2,83.2006
18,207,158,118,10,2,83.5164
18,207,158,119,10,2,83.8097
18,207,158,120,10,2,84.2396
18,207,158,121,10,2,84.584
18,207,158,122,10,2,84.9905
18,207,158,123,10,2,85.4818
18,207,158,124,10,2,85.8785
18,207,158,125,10,2,86.1963
18,207,158,126,10,2,86.7
18,207,158,127,10,2,87.1486
18,207,158,128,10,2,87.6418
18,207,158,129,10,2,88.0104
18,207,158,130,10,2,88.4135
18,206,158,101,10,2,60.01
18,206,158,102,10,2,65.63
18,206,158,103,10,2,67.73
18,206,158,104,10,2,69.61
18,206,158,105,10,2,72.12
18,206,158,106,10,2,73.63
18,206,158,107,10,2,74.83
18,206,158,108,10,2,76.1
18,206,158,109,10,2,77.35
18,206,158,110,10,2,78.32
18,206,158,111,10,2,80.01
18,206,158,112,10,2,81.5
18,206,158,113,10,2,82.3
18,206,158,114,10,2,83.01
18,206,158,115,10,2,84.7623
18,206,158,116,10,2,85.8949
18,206,158,117,10,2,86.9309
18,206,158,118,10,2,87.8942
18,206,158,119,10,2,88.7534
18,206,158,120,10,2,89.65
18,206,158,121,10,2,90.6161
18,206,158,122,10,2,91.4531
18,206,158,123,10,2,92.1911
18,206,158,124,10,2,93.17
18,206,158,125,10,2,93.7304
18,206,158,126,10,2,94.3875
18,206,158,127,10,2,95.1842
18,206,158,128,10,2,95.9891
18,206,158,129,10,2,96.8057
18,206,158,130,10,2,97.6438
18,8,158,101,10,2,60.01
18,8,158,102,10,2,65.63
18,8,158,103,10,2,67.73
18,8,158,104,10,2,69.61
18,8,158,105,10,2,72.12
18,8,158,106,10,2,73.63
18,8,158,107,10,2,74.83
18,8,158,108,10,2,76.1
18,8,158,109,10,2,77.35
18,8,158,110,10,2,78.32
18,8,158,111,10,2,80.01
18,8,158,112,10,2,81.5
18,8,158,113,10,2,82.3
18,8,158,114,10,2,83.01
18,8,158,115,10,2,83.01
18,8,158,116,10,2,83.01
18,8,158,117,10,2,83.01
18,8,158,118,10,2,83.01
18,8,158,119,10,2,83.01
18,8,158,120,10,2,83.01
18,8,158,121,10,2,83.01
18,8,158,122,10,2,83.01
18,8,158,123,10,2,83.01
18,8,158,124,10,2,83.01
18,8,158,125,10,2,83.01
18,8,158,126,10,2,83.01
18,8,158,127,10,2,83.01
18,8,158,128,10,2,83.01
18,8,158,129,10,2,83.01
18,8,158,130,10,2,83.01
18,202,408,101,10,2,43.16
18,202,408,102,10,2,52.54
18,202,408,103,10,2,54.55
18,202,408,104,10,2,60.06
18,202,408,105,10,2,64.59
18,202,408,106,10,2,67.86
18,202,408,107,10,2,69.83
18,202,408,108,10,2,71.33
18,202,408,109,10,2,73.31
18,202,408,110,10,2,67.39
18,202,408,111,10,2,71.46
18,202,408,112,10,2,71.75
18,202,408,113,10,2,74.1
18,202,408,114,10,2,75.42
18,202,408,115,10,2,76.5045
18,202,408,116,10,2,77.5035
18,202,408,117,10,2,78.5006
18,202,408,118,10,2,79.4021
18,202,408,119,10,2,80.1533
18,202,408,120,10,2,80.9657
18,202,408,121,10,2,81.7139
18,202,408,122,10,2,82.4031
18,202,408,123,10,2,83.085
18,202,408,124,10,2,83.8443
18,202,408,125,10,2,84.4541
18,202,408,126,10,2,85.0618
18,202,408,127,10,2,85.6356
18,202,408,128,10,2,86.1822
18,202,408,129,10,2,86.8044
18,202,408,130,10,2,87.345
18,204,408,101,10,2,43.16
18,204,408,102,10,2,52.54
18,204,408,103,10,2,54.55
18,204,408,104,10,2,60.06
18,204,408,105,10,2,64.59
18,204,408,106,10,2,67.86
18,204,408,107,10,2,69.83
18,204,408,108,10,2,71.33
18,204,408,109,10,2,73.31
18,204,408,110,10,2,67.39
18,204,408,111,10,2,71.46
18,204,408,112,10,2,71.75
18,204,408,113,10,2,74.1
18,204,408,114,10,2,75.42
18,204,408,115,10,2,75.5241
18,204,408,116,10,2,76.1876
18,204,408,117,10,2,76.8611
18,204,408,118,10,2,77.4645
18,204,408,119,10,2,78.065
18,204,408,120,10,2,78.5704
18,204,408,121,10,2,79.2467
18,204,408,122,10,2,79.7993
18,204,408,123,10,2,80.281
18,204,408,124,10,2,81.0025
18,204,408,125,10,2,81.5088
18,204,408,126,10,2,82.0105
18,204,408,127,10,2,82.5522
18,204,408,128,10,2,83.2825
18,204,408,129,10,2,83.6987
18,204,408,130,10,2,84.1357
18,203,408,101,10,2,43.16
18,203,408,102,10,2,52.54
18,203,408,103,10,2,54.55
18,203,408,104,10,2,60.06
18,203,408,105,10,2,64.59
18,203,408,106,10,2,67.86
18,203,408,107,10,2,69.83
18,203,408,108,10,2,71.33
18,203,408,109,10,2,73.31
18,203,408,110,10,2,67.39
18,203,408,111,10,2,71.46
18,203,408,112,10,2,71.75
18,203,408,113,10,2,74.1
18,203,408,114,10,2,75.42
18,203,408,115,10,2,77.51
18,203,408,116,10,2,78.88
18,203,408,117,10,2,80.094
18,203,408,118,10,2,81.2166
18,203,408,119,10,2,82.2268
18,203,408,120,10,2,83.1608
18,203,408,121,10,2,84.0459
18,203,408,122,10,2,84.878
18,203,408,123,10,2,85.4949
18,203,408,124,10,2,86.3339
18,203,408,125,10,2,87.0094
18,203,408,126,10,2,87.8829
18,203,408,127,10,2,88.6689
18,203,408,128,10,2,89.3157
18,203,408,129,10,2,89.9307
18,203,408,130,10,2,90.6929
18,207,408,101,10,2,43.16
18,207,408,102,10,2,52.54
18,207,408,103,10,2,54.55
18,207,408,104,10,2,60.06
18,207,408,105,10,2,64.59
18,207,408,106,10,2,67.86
18,207,408,107,10,2,69.83
18,207,408,108,10,2,71.33
18,207,408,109,10,2,73.31
18,207,408,110,10,2,67.39
18,207,408,111,10,2,71.46
18,207,408,112,10,2,71.75
18,207,408,113,10,2,74.1
18,207,408,114,10,2,75.42
18,207,408,115,10,2,74.9928
18,207,408,116,10,2,75.4876
18,207,408,117,10,2,75.9461
18,207,408,118,10,2,76.5521
18,207,408,119,10,2,77.0438
18,207,408,120,10,2,77.6961
18,207,408,121,10,2,78.1247
18,207,408,122,10,2,78.2465
18,207,408,123,10,2,78.6672
18,207,408,124,10,2,79.1216
18,207,408,125,10,2,79.5903
18,207,408,126,10,2,79.974
18,207,408,127,10,2,80.5324
18,207,408,128,10,2,81.0554
18,207,408,129,10,2,81.5665
18,207,408,130,10,2,81.7202
18,206,408,101,10,2,43.16
18,206,408,102,10,2,52.54
18,206,408,103,10,2,54.55
18,206,408,104,10,2,60.06
18,206,408,105,10,2,64.59
18,206,408,106,10,2,67.86
18,206,408,107,10,2,69.83
18,206,408,108,10,2,71.33
18,206,408,109,10,2,73.31
18,206,408,110,10,2,67.39
18,206,408,111,10,2,71.46
18,206,408,112,10,2,71.75
18,206,408,113,10,2,74.1
18,206,408,114,10,2,75.42
18,206,408,115,10,2,78.0367
18,206,408,116,10,2,79.5705
18,206,408,117,10,2,80.829
18,206,408,118,10,2,82.0965
18,206,408,119,10,2,83.0617
18,206,408,120,10,2,84.179
18,206,408,121,10,2,84.9385
18,206,408,122,10,2,86.0191
18,206,408,123,10,2,86.8865
18,206,408,124,10,2,87.6717
18,206,408,125,10,2,88.4015
18,206,408,126,10,2,89.086
18,206,408,127,10,2,90.002
18,206,408,128,10,2,90.6104
18,206,408,129,10,2,91.4763
18,206,408,130,10,2,92.2424
18,8,408,101,10,2,43.16
18,8,408,102,10,2,52.54
18,8,408,103,10,2,54.55
18,8,408,104,10,2,60.06
18,8,408,105,10,2,64.59
18,8,408,106,10,2,67.86
18,8,408,107,10,2,69.83
18,8,408,108,10,2,71.33
18,8,408,109,10,2,73.31
18,8,408,110,10,2,67.39
18,8,408,111,10,2,71.46
18,8,408,112,10,2,71.75
18,8,408,113,10,2,74.1
18,8,408,114,10,2,75.42
18,8,408,115,10,2,75.42
18,8,408,116,10,2,75.42
18,8,408,117,10,2,75.42
18,8,408,118,10,2,75.42
18,8,408,119,10,2,75.42
18,8,408,120,10,2,75.42
18,8,408,121,10,2,75.42
18,8,408,122,10,2,75.42
18,8,408,123,10,2,75.42
18,8,408,124,10,2,75.42
18,8,408,125,10,2,75.42
18,8,408,126,10,2,75.42
18,8,408,127,10,2,75.42
18,8,408,128,10,2,75.42
18,8,408,129,10,2,75.42
18,8,408,130,10,2,75.42
18,202,392,101,10,2,64.61
18,202,392,102,10,2,68.65
18,202,392,103,10,2,71.69
18,202,392,104,10,2,74.05
18,202,392,105,10,2,75.9
18,202,392,106,10,2,77.96
18,202,392,107,10,2,79.7
18,202,392,108,10,2,81.32
18,202,392,109,10,2,82.41
18,202,392,110,10,2,83.73
18,202,392,111,10,2,85.16
18,202,392,112,10,2,85.98
18,202,392,113,10,2,86.47
18,202,392,114,10,2,87.47
18,202,392,115,10,2,88.1269
18,202,392,116,10,2,88.7894
18,202,392,117,10,2,89.419
18,202,392,118,10,2,90.0759
18,202,392,119,10,2,90.6399
18,202,392,120,10,2,91.314
18,202,392,121,10,2,91.8618
18,202,392,122,10,2,92.4458
18,202,392,123,10,2,93.0504
18,202,392,124,10,2,93.619
18,202,392,125,10,2,94.2097
18,202,392,126,10,2,94.7724
18,202,392,127,10,2,95.4129
18,202,392,128,10,2,95.9916
18,202,392,129,10,2,96.5648
18,202,392,130,10,2,97.0256
18,204,392,101,10,2,64.61
18,204,392,102,10,2,68.65
18,204,392,103,10,2,71.69
18,204,392,104,10,2,74.05
18,204,392,105,10,2,75.9
18,204,392,106,10,2,77.96
18,204,392,107,10,2,79.7
18,204,392,108,10,2,81.32
18,204,392,109,10,2,82.41
18,204,392,110,10,2,83.73
18,204,392,111,10,2,85.16
18,204,392,112,10,2,85.98
18,204,392,113,10,2,86.47
18,204,392,114,10,2,87.47
18,204,392,115,10,2,87.447
18,204,392,116,10,2,87.8702
18,204,392,117,10,2,88.3116
18,204,392,118,10,2,88.752
18,204,392,119,10,2,89.1767
18,204,392,120,10,2,89.5592
18,204,392,121,10,2,90.018
18,204,392,122,10,2,90.4971
18,204,392,123,10,2,90.9103
18,204,392,124,10,2,91.2587
18,204,392,125,10,2,91.7816
18,204,392,126,10,2,92.3117
18,204,392,127,10,2,92.74
18,204,392,128,10,2,93.1375
18,204,392,129,10,2,93.6084
18,204,392,130,10,2,94.0372
18,203,392,101,10,2,64.61
18,203,392,102,10,2,68.65
18,203,392,103,10,2,71.69
18,203,392,104,10,2,74.05
18,203,392,105,10,2,75.9
18,203,392,106,10,2,77.96
18,203,392,107,10,2,79.7
18,203,392,108,10,2,81.32
18,203,392,109,10,2,82.41
18,203,392,110,10,2,83.73
18,203,392,111,10,2,85.16
18,203,392,112,10,2,85.98
18,203,392,113,10,2,86.47
18,203,392,114,10,2,87.47
18,203,392,115,10,2,88.82
18,203,392,116,10,2,89.7616
18,203,392,117,10,2,90.6153
18,203,392,118,10,2,91.4815
18,203,392,119,10,2,92.1974
18,203,392,120,10,2,93.0538
18,203,392,121,10,2,93.7896
18,203,392,122,10,2,94.4245
18,203,392,123,10,2,95.179
18,203,392,124,10,2,95.8785
18,203,392,125,10,2,96.627
18,203,392,126,10,2,97.4344
18,203,392,127,10,2,98.0453
18,203,392,128,10,2,98.7768
18,203,392,129,10,2,99.522
18,203,392,130,10,2,100.2419
18,207,392,101,10,2,64.61
18,207,392,102,10,2,68.65
18,207,392,103,10,2,71.69
18,207,392,104,10,2,74.05
18,207,392,105,10,2,75.9
18,207,392,106,10,2,77.96
18,207,392,107,10,2,79.7
18,207,392,108,10,2,81.32
18,207,392,109,10,2,82.41
18,207,392,110,10,2,83.73
18,207,392,111,10,2,85.16
18,207,392,112,10,2,85.98
18,207,392,113,10,2,86.47
18,207,392,114,10,2,87.47
18,207,392,115,10,2,87.1272
18,207,392,116,10,2,87.3405
18,207,392,117,10,2,87.6809
18,207,392,118,10,2,88.0933
18,207,392,119,10,2,88.4378
18,207,392,120,10,2,88.8277
18,207,392,121,10,2,89.1326
18,207,392,122,10,2,89.4035
18,207,392,123,10,2,89.7758
18,207,392,124,10,2,90.2472
18,207,392,125,10,2,90.5558
18,207,392,126,10,2,91.0315
18,207,392,127,10,2,91.4171
18,207,392,128,10,2,91.6977
18,207,392,129,10,2,92.0256
18,207,392,130,10,2,92.4946
18,206,392,101,10,2,64.61
18,206,392,102,10,2,68.65
18,206,392,103,10,2,71.69
18,206,392,104,10,2,74.05
18,206,392,105,10,2,75.9
18,206,392,106,10,2,77.96
18,206,392,107,10,2,79.7
18,206,392,108,10,2,81.32
18,206,392,109,10,2,82.41
18,206,392,110,10,2,83.73
18,206,392,111,10,2,85.16
18,206,392,112,10,2,85.98
18,206,392,113,10,2,86.47
18,206,392,114,10,2,87.47
18,206,392,115,10,2,89.121
18,206,392,116,10,2,90.2988
18,206,392,117,10,2,91.2453
18,206,392,118,10,2,92.1086
18,206,392,119,10,2,92.9606
18,206,392,120,10,2,93.7607
18,206,392,121,10,2,94.6749
18,206,392,122,10,2,95.3187
18,206,392,123,10,2,95.9472
18,206,392,124,10,2,96.9724
18,206,392,125,10,2,97.6229
18,206,392,126,10,2,98.5344
18,206,392,127,10,2,99.2551
18,206,392,128,10,2,99.9115
18,206,392,129,10,2,100.7469
18,206,392,130,10,2,101.624
18,8,392,101,10,2,64.61
18,8,392,102,10,2,68.65
18,8,392,103,10,2,71.69
18,8,392,104,10,2,74.05
18,8,392,105,10,2,75.9
18,8,392,106,10,2,77.96
18,8,392,107,10,2,79.7
18,8,392,108,10,2,81.32
18,8,392,109,10,2,82.41
18,8,392,110,10,2,83.73
18,8,392,111,10,2,85.16
18,8,392,112,10,2,85.98
18,8,392,113,10,2,86.47
18,8,392,114,10,2,87.47
18,8,392,115,10,2,87.47
18,8,392,116,10,2,87.47
18,8,392,117,10,2,87.47
18,8,392,118,10,2,87.47
18,8,392,119,10,2,87.47
18,8,392,120,10,2,87.47
18,8,392,121,10,2,87.47
18,8,392,122,10,2,87.47
18,8,392,123,10,2,87.47
18,8,392,124,10,2,87.47
18,8,392,125,10,2,87.47
18,8,392,126,10,2,87.47
18,8,392,127,10,2,87.47
18,8,392,128,10,2,87.47
18,8,392,129,10,2,87.47
18,8,392,130,10,2,87.47
18,202,496,101,10,2,44.91
18,202,496,102,10,2,48.48
18,202,496,103,10,2,52.85
18,202,496,104,10,2,56.13
18,202,496,105,10,2,58.79
18,202,496,106,10,2,59.25
18,202,496,107,10,2,59.73
18,202,496,108,10,2,61.99
18,202,496,109,10,2,63.53
18,202,496,110,10,2,64.29
18,202,496,111,10,2,67.74
18,202,496,112,10,2,70.27
18,202,496,113,10,2,72.7
18,202,496,114,10,2,73.82
18,202,496,115,10,2,74.7226
18,202,496,116,10,2,75.5966
18,202,496,117,10,2,76.3909
18,202,496,118,10,2,77.1944
18,202,496,119,10,2,77.9363
18,202,496,120,10,2,78.6446
18,202,496,121,10,2,79.388
18,202,496,122,10,2,80.1179
18,202,496,123,10,2,80.7996
18,202,496,124,10,2,81.3997
18,202,496,125,10,2,82.0842
18,202,496,126,10,2,82.8782
18,202,496,127,10,2,83.464
18,202,496,128,10,2,84.1244
18,202,496,129,10,2,84.6885
18,202,496,130,10,2,85.3981
18,204,496,101,10,2,44.91
18,204,496,102,10,2,48.48
18,204,496,103,10,2,52.85
18,204,496,104,10,2,56.13
18,204,496,105,10,2,58.79
18,204,496,106,10,2,59.25
18,204,496,107,10,2,59.73
18,204,496,108,10,2,61.99
18,204,496,109,10,2,63.53
18,204,496,110,10,2,64.29
18,204,496,111,10,2,67.74
18,204,496,112,10,2,70.27
18,204,496,113,10,2,72.7
18,204,496,114,10,2,73.82
18,204,496,115,10,2,73.6218
18,204,496,116,10,2,74.0069
18,204,496,117,10,2,74.5044
18,204,496,118,10,2,75.0193
18,204,496,119,10,2,75.6433
18,204,496,120,10,2,76.0858
18,204,496,121,10,2,76.6374
18,204,496,122,10,2,77.3314
18,204,496,123,10,2,77.6303
18,204,496,124,10,2,78.1333
18,204,496,125,10,2,78.5956
18,204,496,126,10,2,79.1787
18,204,496,127,10,2,79.612
18,204,496,128,10,2,80.0875
18,204,496,129,10,2,80.5141
18,204,496,130,10,2,81.1284
18,203,496,101,10,2,44.91
18,203,496,102,10,2,48.48
18,203,496,103,10,2,52.85
18,203,496,104,10,2,56.13
18,203,496,105,10,2,58.79
18,203,496,106,10,2,59.25
18,203,496,107,10,2,59.73
18,203,496,108,10,2,61.99
18,203,496,109,10,2,63.53
18,203,496,110,10,2,64.29
18,203,496,111,10,2,67.74
18,203,496,112,10,2,70.27
18,203,496,113,10,2,72.7
18,203,496,114,10,2,73.82
18,203,496,115,10,2,75.8768
18,203,496,116,10,2,77.0865
18,203,496,117,10,2,78.2394
18,203,496,118,10,2,79.3877
18,203,496,119,10,2,80.1917
18,203,496,120,10,2,81.1976
18,203,496,121,10,2,82.0088
18,203,496,122,10,2,82.9723
18,203,496,123,10,2,83.8876
18,203,496,124,10,2,84.6093
18,203,496,125,10,2,85.2685
18,203,496,126,10,2,86.0594
18,203,496,127,10,2,86.7529
18,203,496,128,10,2,87.4808
18,203,496,129,10,2,88.1725
18,203,496,130,10,2,88.8185
18,207,496,101,10,2,44.91
18,207,496,102,10,2,48.48
18,207,496,103,10,2,52.85
18,207,496,104,10,2,56.13
18,207,496,105,10,2,58.79
18,207,496,106,10,2,59.25
18,207,496,107,10,2,59.73
18,207,496,108,10,2,61.99
18,207,496,109,10,2,63.53
18,207,496,110,10,2,64.29
18,207,496,111,10,2,67.74
18,207,496,112,10,2,70.27
18,207,496,113,10,2,72.7
18,207,496,114,10,2,73.82
18,207,496,115,10,2,73.0534
18,207,496,116,10,2,73.2556
18,207,496,117,10,2,73.2688
18,207,496,118,10,2,73.6288
18,207,496,119,10,2,74.1329
18,207,496,120,10,2,74.4642
18,207,496,121,10,2,74.8542
18,207,496,122,10,2,75.2509
18,207,496,123,10,2,75.6818
18,207,496,124,10,2,76.1158
18,207,496,125,10,2,76.3885
18,207,496,126,10,2,76.599
18,207,496,127,10,2,77.3444
18,207,496,128,10,2,77.8717
18,207,496,129,10,2,78.2716
18,207,496,130,10,2,78.6916
18,206,496,101,10,2,44.91
18,206,496,102,10,2,48.48
18,206,496,103,10,2,52.85
18,206,496,104,10,2,56.13
18,206,496,105,10,2,58.79
18,206,496,106,10,2,59.25
18,206,496,107,10,2,59.73
18,206,496,108,10,2,61.99
18,206,496,109,10,2,63.53
18,206,496,110,10,2,64.29
18,206,496,111,10,2,67.74
18,206,496,112,10,2,70.27
18,206,496,113,10,2,72.7
18,206,496,114,10,2,73.82
18,206,496,115,10,2,76.4279
18,206,496,116,10,2,77.7001
18,206,496,117,10,2,79.2224
18,206,496,118,10,2,80.1597
18,206,496,119,10,2,81.5101
18,206,496,120,10,2,82.4917
18,206,496,121,10,2,83.509
18,206,496,122,10,2,84.2825
18,206,496,123,10,2,85.2211
18,206,496,124,10,2,86.0454
18,206,496,125,10,2,86.7706
18,206,496,126,10,2,87.4599
18,206,496,127,10,2,88.4628
18,206,496,128,10,2,89.1572
18,206,496,129,10,2,90.0696
18,206,496,130,10,2,90.838
18,8,496,101,10,2,44.91
18,8,496,102,10,2,48.48
18,8,496,103,10,2,52.85
18,8,496,104,10,2,56.13
18,8,496,105,10,2,58.79
18,8,496,106,10,2,59.25
18,8,496,107,10,2,59.73
18,8,496,108,10,2,61.99
18,8,496,109,10,2,63.53
18,8,496,110,10,2,64.29
18,8,496,111,10,2,67.74
18,8,496,112,10,2,70.27
18,8,496,113,10,2,72.7
18,8,496,114,10,2,73.82
18,8,496,115,10,2,73.82
18,8,496,116,10,2,73.82
18,8,496,117,10,2,73.82
18,8,496,118,10,2,73.82
18,8,496,119,10,2,73.82
18,8,496,120,10,2,73.82
18,8,496,121,10,2,73.82
18,8,496,122,10,2,73.82
18,8,496,123,10,2,73.82
18,8,496,124,10,2,73.82
18,8,496,125,10,2,73.82
18,8,496,126,10,2,73.82
18,8,496,127,10,2,73.82
18,8,496,128,10,2,73.82
18,8,496,129,10,2,73.82
18,8,496,130,10,2,73.82
18,202,410,101,10,2,47.27
18,202,410,102,10,2,57.35
18,202,410,103,10,2,60.51
18,202,410,104,10,2,63.29
18,202,410,105,10,2,67.03
18,202,410,106,10,2,69.26
18,202,410,107,10,2,71.75
18,202,410,108,10,2,74.56
18,202,410,109,10,2,77.02
18,202,410,110,10,2,78.79
18,202,410,111,10,2,80.59
18,202,410,112,10,2,82.69
18,202,410,113,10,2,84.43
18,202,410,114,10,2,85.7
18,202,410,115,10,2,86.4933
18,202,410,116,10,2,87.2803
18,202,410,117,10,2,88.0082
18,202,410,118,10,2,88.7102
18,202,410,119,10,2,89.4244
18,202,410,120,10,2,90.1346
18,202,410,121,10,2,90.8231
18,202,410,122,10,2,91.4541
18,202,410,123,10,2,92.1061
18,202,410,124,10,2,92.6891
18,202,410,125,10,2,93.2678
18,202,410,126,10,2,93.8885
18,202,410,127,10,2,94.4879
18,202,410,128,10,2,95.1457
18,202,410,129,10,2,95.7728
18,202,410,130,10,2,96.3734
18,204,410,101,10,2,47.27
18,204,410,102,10,2,57.35
18,204,410,103,10,2,60.51
18,204,410,104,10,2,63.29
18,204,410,105,10,2,67.03
18,204,410,106,10,2,69.26
18,204,410,107,10,2,71.75
18,204,410,108,10,2,74.56
18,204,410,109,10,2,77.02
18,204,410,110,10,2,78.79
18,204,410,111,10,2,80.59
18,204,410,112,10,2,82.69
18,204,410,113,10,2,84.43
18,204,410,114,10,2,85.7
18,204,410,115,10,2,85.8036
18,204,410,116,10,2,86.3319
18,204,410,117,10,2,86.8137
18,204,410,118,10,2,87.4214
18,204,410,119,10,2,87.9262
18,204,410,120,10,2,88.4091
18,204,410,121,10,2,89.0028
18,204,410,122,10,2,89.5561
18,204,410,123,10,2,90.0466
18,204,410,124,10,2,90.5592
18,204,410,125,10,2,91.0424
18,204,410,126,10,2,91.4927
18,204,410,127,10,2,91.9287
18,204,410,128,10,2,92.4661
18,204,410,129,10,2,93.0829
18,204,410,130,10,2,93.5931
18,203,410,101,10,2,47.27
18,203,410,102,10,2,57.35
18,203,410,103,10,2,60.51
18,203,410,104,10,2,63.29
18,203,410,105,10,2,67.03
18,203,410,106,10,2,69.26
18,203,410,107,10,2,71.75
18,203,410,108,10,2,74.56
18,203,410,109,10,2,77.02
18,203,410,110,10,2,78.79
18,203,410,111,10,2,80.59
18,203,410,112,10,2,82.69
18,203,410,113,10,2,84.43
18,203,410,114,10,2,85.7
18,203,410,115,10,2,87.1987
18,203,410,116,10,2,88.2612
18,203,410,117,10,2,89.2338
18,203,410,118,10,2,90.1364
18,203,410,119,10,2,91.0005
18,203,410,120,10,2,91.7917
18,203,410,121,10,2,92.5284
18,203,410,122,10,2,93.3367
18,203,410,123,10,2,94.1143
18,203,410,124,10,2,94.9224
18,203,410,125,10,2,95.7687
18,203,410,126,10,2,96.3778
18,203,410,127,10,2,96.9683
18,203,410,128,10,2,97.8111
18,203,410,129,10,2,98.3814
18,203,410,130,10,2,99.1658
18,207,410,101,10,2,47.27
18,207,410,102,10,2,57.35
18,207,410,103,10,2,60.51
18,207,410,104,10,2,63.29
18,207,410,105,10,2,67.03
18,207,410,106,10,2,69.26
18,207,410,107,10,2,71.75
18,207,410,108,10,2,74.56
18,207,410,109,10,2,77.02
18,207,410,110,10,2,78.79
18,207,410,111,10,2,80.59
18,207,410,112,10,2,82.69
18,207,410,113,10,2,84.43
18,207,410,114,10,2,85.7
18,207,410,115,10,2,85.4709
18,207,410,116,10,2,85.83
18,207,410,117,10,2,86.2087
18,207,410,118,10,2,86.6411
18,207,410,119,10,2,87.2442
18,207,410,120,10,2,87.5862
18,207,410,121,10,2,87.951
18,207,410,122,10,2,88.6591
18,207,410,123,10,2,88.9788
18,207,410,124,10,2,89.4718
18,207,410,125,10,2,89.85
18,207,410,126,10,2,90.2754
18,207,410,127,10,2,90.5141
18,207,410,128,10,2,91.0864
18,207,410,129,10,2,91.5587
18,207,410,130,10,2,91.9028
18,206,410,101,10,2,47.27
18,206,410,102,10,2,57.35
18,206,410,103,10,2,60.51
18,206,410,104,10,2,63.29
18,206,410,105,10,2,67.03
18,206,410,106,10,2,69.26
18,206,410,107,10,2,71.75
18,206,410,108,10,2,74.56
18,206,410,109,10,2,77.02
18,206,410,110,10,2,78.79
18,206,410,111,10,2,80.59
18,206,410,112,10,2,82.69
18,206,410,113,10,2,84.43
18,206,410,114,10,2,85.7
18,206,410,115,10,2,87.5416
18,206,410,116,10,2,88.7925
18,206,410,117,10,2,89.9432
18,206,410,118,10,2,90.7838
18,206,410,119,10,2,91.6497
18,206,410,120,10,2,92.5267
18,206,410,121,10,2,93.3925
18,206,410,122,10,2,94.4562
18,206,410,123,10,2,95.3441
18,206,410,124,10,2,96.1119
18,206,410,125,10,2,96.8056
18,206,410,126,10,2,97.7656
18,206,410,127,10,2,98.4929
18,206,410,128,10,2,99.1806
18,206,410,129,10,2,99.904
18,206,410,130,10,2,100.6777
18,8,410,101,10,2,47.27
18,8,410,102,10,2,57.35
18,8,410,103,10,2,60.51
18,8,410,104,10,2,63.29
18,8,410,105,10,2,67.03
18,8,410,106,10,2,69.26
18,8,410,107,10,2,71.75
18,8,410,108,10,2,74.56
18,8,410,109,10,2,77.02
18,8,410,110,10,2,78.79
18,8,410,111,10,2,80.59
18,8,410,112,10,2,82.69
18,8,410,113,10,2,84.43
18,8,410,114,10,2,85.7
18,8,410,115,10,2,85.7
18,8,410,116,10,2,85.7
18,8,410,117,10,2,85.7
18,8,410,118,10,2,85.7
18,8,410,119,10,2,85.7
18,8,410,120,10,2,85.7
18,8,410,121,10,2,85.7
18,8,410,122,10,2,85.7
18,8,410,123,10,2,85.7
18,8,410,124,10,2,85.7
18,8,410,125,10,2,85.7
18,8,410,126,10,2,85.7
18,8,410,127,10,2,85.7
18,8,410,128,10,2,85.7
18,8,410,129,10,2,85.7
18,8,410,130,10,2,85.7
18,202,96,101,10,2,52.68
18,202,96,102,10,2,53.91
18,202,96,103,10,2,58.4
18,202,96,104,10,2,61.65
18,202,96,105,10,2,64.61
18,202,96,106,10,2,67.28
18,202,96,107,10,2,69.51
18,202,96,108,10,2,71.14
18,202,96,109,10,2,72.47
18,202,96,110,10,2,73.62
18,202,96,111,10,2,74.61
18,202,96,112,10,2,75.51
18,202,96,113,10,2,76.22
18,202,96,114,10,2,76.88
18,202,96,115,10,2,77.6746
18,202,96,116,10,2,78.4167
18,202,96,117,10,2,79.1497
18,202,96,118,10,2,79.8166
18,202,96,119,10,2,80.5316
18,202,96,120,10,2,81.2932
18,202,96,121,10,2,81.9884
18,202,96,122,10,2,82.5771
18,202,96,123,10,2,83.1988
18,202,96,124,10,2,83.7877
18,202,96,125,10,2,84.2851
18,202,96,126,10,2,84.8485
18,202,96,127,10,2,85.4587
18,202,96,128,10,2,86.1999
18,202,96,129,10,2,86.7256
18,202,96,130,10,2,87.1852
18,204,96,101,10,2,52.68
18,204,96,102,10,2,53.91
18,204,96,103,10,2,58.4
18,204,96,104,10,2,61.65
18,204,96,105,10,2,64.61
18,204,96,106,10,2,67.28
18,204,96,107,10,2,69.51
18,204,96,108,10,2,71.14
18,204,96,109,10,2,72.47
18,204,96,110,10,2,73.62
18,204,96,111,10,2,74.61
18,204,96,112,10,2,75.51
18,204,96,113,10,2,76.22
18,204,96,114,10,2,76.88
18,204,96,115,10,2,76.7727
18,204,96,116,10,2,77.1258
18,204,96,117,10,2,77.6
18,204,96,118,10,2,77.9984
18,204,96,119,10,2,78.5744
18,204,96,120,10,2,79.0625
18,204,96,121,10,2,79.4857
18,204,96,122,10,2,80.0159
18,204,96,123,10,2,80.5008
18,204,96,124,10,2,80.9481
18,204,96,125,10,2,81.2664
18,204,96,126,10,2,81.799
18,204,96,127,10,2,82.295
18,204,96,128,10,2,82.784
18,204,96,129,10,2,83.2245
18,204,96,130,10,2,83.6303
18,203,96,101,10,2,52.68
18,203,96,102,10,2,53.91
18,203,96,103,10,2,58.4
18,203,96,104,10,2,61.65
18,203,96,105,10,2,64.61
18,203,96,106,10,2,67.28
18,203,96,107,10,2,69.51
18,203,96,108,10,2,71.14
18,203,96,109,10,2,72.47
18,203,96,110,10,2,73.62
18,203,96,111,10,2,74.61
18,203,96,112,10,2,75.51
18,203,96,113,10,2,76.22
18,203,96,114,10,2,76.88
18,203,96,115,10,2,78.6512
18,203,96,116,10,2,79.7476
18,203,96,117,10,2,80.8149
18,203,96,118,10,2,81.732
18,203,96,119,10,2,82.565
18,203,96,120,10,2,83.4184
18,203,96,121,10,2,84.2359
18,203,96,122,10,2,84.9161
18,203,96,123,10,2,85.6545
18,203,96,124,10,2,86.3776
18,203,96,125,10,2,87.13
18,203,96,126,10,2,87.648
18,203,96,127,10,2,88.3299
18,203,96,128,10,2,89.0004
18,203,96,129,10,2,89.5067
18,203,96,130,10,2,90.2605
18,207,96,101,10,2,52.68
18,207,96,102,10,2,53.91
18,207,96,103,10,2,58.4
18,207,96,104,10,2,61.65
18,207,96,105,10,2,64.61
18,207,96,106,10,2,67.28
18,207,96,107,10,2,69.51
18,207,96,108,10,2,71.14
18,207,96,109,10,2,72.47
18,207,96,110,10,2,73.62
18,207,96,111,10,2,74.61
18,207,96,112,10,2,75.51
18,207,96,113,10,2,76.22
18,207,96,114,10,2,76.88
18,207,96,115,10,2,76.3454
18,207,96,116,10,2,76.5187
18,207,96,117,10,2,76.8701
18,207,96,118,10,2,77.0317
18,207,96,119,10,2,77.4193
18,207,96,120,10,2,77.843
18,207,96,121,10,2,78.1058
18,207,96,122,10,2,78.4981
18,207,96,123,10,2,79.0627
18,207,96,124,10,2,79.5148
18,207,96,125,10,2,79.957
18,207,96,126,10,2,80.0946
18,207,96,127,10,2,80.5889
18,207,96,128,10,2,80.8746
18,207,96,129,10,2,81.5305
18,207,96,130,10,2,81.8411
18,206,96,101,10,2,52.68
18,206,96,102,10,2,53.91
18,206,96,103,10,2,58.4
18,206,96,104,10,2,61.65
18,206,96,105,10,2,64.61
18,206,96,106,10,2,67.28
18,206,96,107,10,2,69.51
18,206,96,108,10,2,71.14
18,206,96,109,10,2,72.47
18,206,96,110,10,2,73.62
18,206,96,111,10,2,74.61
18,206,96,112,10,2,75.51
18,206,96,113,10,2,76.22
18,206,96,114,10,2,76.88
18,206,96,115,10,2,79.0725
18,206,96,116,10,2,80.3799
18,206,96,117,10,2,81.4849
18,206,96,118,10,2,82.5088
18,206,96,119,10,2,83.4605
18,206,96,120,10,2,84.3086
18,206,96,121,10,2,85.229
18,206,96,122,10,2,85.9209
18,206,96,123,10,2,86.8627
18,206,96,124,10,2,87.8563
18,206,96,125,10,2,88.5699
18,206,96,126,10,2,89.0851
18,206,96,127,10,2,89.9279
18,206,96,128,10,2,90.5292
18,206,96,129,10,2,91.3475
18,206,96,130,10,2,91.8806
18,8,96,101,10,2,52.68
18,8,96,102,10,2,53.91
18,8,96,103,10,2,58.4
18,8,96,104,10,2,61.65
18,8,96,105,10,2,64.61
18,8,96,106,10,2,67.28
18,8,96,107,10,2,69.51
18,8,96,108,10,2,71.14
18,8,96,109,10,2,72.47
18,8,96,110,10,2,73.62
18,8,96,111,10,2,74.61
18,8,96,112,10,2,75.51
18,8,96,113,10,2,76.22
18,8,96,114,10,2,76.88
18,8,96,115,10,2,76.88
18,8,96,116,10,2,76.88
18,8,96,117,10,2,76.88
18,8,96,118,10,2,76.88
18,8,96,119,10,2,76.88
18,8,96,120,10,2,76.88
18,8,96,121,10,2,76.88
18,8,96,122,10,2,76.88
18,8,96,123,10,2,76.88
18,8,96,124,10,2,76.88
18,8,96,125,10,2,76.88
18,8,96,126,10,2,76.88
18,8,96,127,10,2,76.88
18,8,96,128,10,2,76.88
18,8,96,129,10,2,76.88
18,8,96,130,10,2,76.88
18,202,116,101,10,2,41.72
18,202,116,102,10,2,42.63
18,202,116,103,10,2,43.19
18,202,116,104,10,2,43.96
18,202,116,105,10,2,40.67
18,202,116,106,10,2,18.12
18,202,116,107,10,2,47.26
18,202,116,108,10,2,54.38
18,202,116,109,10,2,56.56
18,202,116,110,10,2,58.63
18,202,116,111,10,2,62.96
18,202,116,112,10,2,67.35
18,202,116,113,10,2,69.55
18,202,116,114,10,2,71.5
18,202,116,115,10,2,73.4262
18,202,116,116,10,2,75.0386
18,202,116,117,10,2,76.3309
18,202,116,118,10,2,77.6214
18,202,116,119,10,2,78.638
18,202,116,120,10,2,79.5739
18,202,116,121,10,2,80.4132
18,202,116,122,10,2,81.2848
18,202,116,123,10,2,82.055
18,202,116,124,10,2,82.6222
18,202,116,125,10,2,83.2903
18,202,116,126,10,2,83.964
18,202,116,127,10,2,84.5954
18,202,116,128,10,2,85.1819
18,202,116,129,10,2,85.8067
18,202,116,130,10,2,86.4439
18,204,116,101,10,2,41.72
18,204,116,102,10,2,42.63
18,204,116,103,10,2,43.19
18,204,116,104,10,2,43.96
18,204,116,105,10,2,40.67
18,204,116,106,10,2,18.12
18,204,116,107,10,2,47.26
18,204,116,108,10,2,54.38
18,204,116,109,10,2,56.56
18,204,116,110,10,2,58.63
18,204,116,111,10,2,62.96
18,204,116,112,10,2,67.35
18,204,116,113,10,2,69.55
18,204,116,114,10,2,71.5
18,204,116,115,10,2,72.1533
18,204,116,116,10,2,73.1835
18,204,116,117,10,2,74.0087
18,204,116,118,10,2,75.0054
18,204,116,119,10,2,75.6831
18,204,116,120,10,2,76.3668
18,204,116,121,10,2,77.2048
18,204,116,122,10,2,77.7497
18,204,116,123,10,2,78.3976
18,204,116,124,10,2,79.0019
18,204,116,125,10,2,79.4919
18,204,116,126,10,2,79.9989
18,204,116,127,10,2,80.6895
18,204,116,128,10,2,81.0628
18,204,116,129,10,2,81.4549
18,204,116,130,10,2,81.9964
18,203,116,101,10,2,41.72
18,203,116,102,10,2,42.63
18,203,116,103,10,2,43.19
18,203,116,104,10,2,43.96
18,203,116,105,10,2,40.67
18,203,116,106,10,2,18.12
18,203,116,107,10,2,47.26
18,203,116,108,10,2,54.38
18,203,116,109,10,2,56.56
18,203,116,110,10,2,58.63
18,203,116,111,10,2,62.96
18,203,116,112,10,2,67.35
18,203,116,113,10,2,69.55
18,203,116,114,10,2,71.5
18,203,116,115,10,2,74.6709
18,203,116,116,10,2,76.805
18,203,116,117,10,2,78.685
18,203,116,118,10,2,80.2686
18,203,116,119,10,2,81.3075
18,203,116,120,10,2,82.4008
18,203,116,121,10,2,83.4227
18,203,116,122,10,2,84.2508
18,203,116,123,10,2,85.2768
18,203,116,124,10,2,85.9482
18,203,116,125,10,2,86.833
18,203,116,126,10,2,87.5466
18,203,116,127,10,2,88.253
18,203,116,128,10,2,89.0409
18,203,116,129,10,2,89.7716
18,203,116,130,10,2,90.4307
18,207,116,101,10,2,41.72
18,207,116,102,10,2,42.63
18,207,116,103,10,2,43.19
18,207,116,104,10,2,43.96
18,207,116,105,10,2,40.67
18,207,116,106,10,2,18.12
18,207,116,107,10,2,47.26
18,207,116,108,10,2,54.38
18,207,116,109,10,2,56.56
18,207,116,110,10,2,58.63
18,207,116,111,10,2,62.96
18,207,116,112,10,2,67.35
18,207,116,113,10,2,69.55
18,207,116,114,10,2,71.5
18,207,116,115,10,2,71.4231
18,207,116,116,10,2,72.1911
18,207,116,117,10,2,72.8248
18,207,116,118,10,2,73.5279
18,207,116,119,10,2,74.0729
18,207,116,120,10,2,74.746
18,207,116,121,10,2,75.1845
18,207,116,122,10,2,75.5237
18,207,116,123,10,2,76.067
18,207,116,124,10,2,76.4079
18,207,116,125,10,2,76.9393
18,207,116,126,10,2,77.5801
18,207,116,127,10,2,78.1572
18,207,116,128,10,2,78.7785
18,207,116,129,10,2,79.0551
18,207,116,130,10,2,79.5843
18,206,116,101,10,2,41.72
18,206,116,102,10,2,42.63
18,206,116,103,10,2,43.19
18,206,116,104,10,2,43.96
18,206,116,105,10,2,40.67
18,206,116,106,10,2,18.12
18,206,116,107,10,2,47.26
18,206,116,108,10,2,54.38
18,206,116,109,10,2,56.56
18,206,116,110,10,2,58.63
18,206,116,111,10,2,62.96
18,206,116,112,10,2,67.35
18,206,116,113,10,2,69.55
18,206,116,114,10,2,71.5
18,206,116,115,10,2,75.4053
18,206,116,116,10,2,77.7486
18,206,116,117,10,2,79.7369
18,206,116,118,10,2,81.4016
18,206,116,119,10,2,82.6288
18,206,116,120,10,2,83.6865
18,206,116,121,10,2,84.6982
18,206,116,122,10,2,85.702
18,206,116,123,10,2,86.5217
18,206,116,124,10,2,87.5158
18,206,116,125,10,2,88.286
18,206,116,126,10,2,89.0316
18,206,116,127,10,2,89.8942
18,206,116,128,10,2,90.8929
18,206,116,129,10,2,91.3866
18,206,116,130,10,2,91.9828
18,8,116,101,10,2,41.72
18,8,116,102,10,2,42.63
18,8,116,103,10,2,43.19
18,8,116,104,10,2,43.96
18,8,116,105,10,2,40.67
18,8,116,106,10,2,18.12
18,8,116,107,10,2,47.26
18,8,116,108,10,2,54.38
18,8,116,109,10,2,56.56
18,8,116,110,10,2,58.63
18,8,116,111,10,2,62.96
18,8,116,112,10,2,67.35
18,8,116,113,10,2,69.55
18,8,116,114,10,2,71.5
18,8,116,115,10,2,71.5
18,8,116,116,10,2,71.5
18,8,116,117,10,2,71.5
18,8,116,118,10,2,71.5
18,8,116,119,10,2,71.5
18,8,116,120,10,2,71.5
18,8,116,121,10,2,71.5
18,8,116,122,10,2,71.5
18,8,116,123,10,2,71.5
18,8,116,124,10,2,71.5
18,8,116,125,10,2,71.5
18,8,116,126,10,2,71.5
18,8,116,127,10,2,71.5
18,8,116,128,10,2,71.5
18,8,116,129,10,2,71.5
18,8,116,130,10,2,71.5
18,202,360,101,10,2,44.27
18,202,360,102,10,2,47.46
18,202,360,103,10,2,50.48
18,202,360,104,10,2,53.17
18,202,360,105,10,2,55.87
18,202,360,106,10,2,58.37
18,202,360,107,10,2,60.76
18,202,360,108,10,2,62.7
18,202,360,109,10,2,64.72
18,202,360,110,10,2,66.46
18,202,360,111,10,2,67.99
18,202,360,112,10,2,70.28
18,202,360,113,10,2,72.21
18,202,360,114,10,2,73.63
18,202,360,115,10,2,74.6979
18,202,360,116,10,2,75.6632
18,202,360,117,10,2,76.5912
18,202,360,118,10,2,77.4426
18,202,360,119,10,2,78.2979
18,202,360,120,10,2,79.0389
18,202,360,121,10,2,79.7313
18,202,360,122,10,2,80.441
18,202,360,123,10,2,81.1375
18,202,360,124,10,2,81.8547
18,202,360,125,10,2,82.4938
18,202,360,126,10,2,83.1077
18,202,360,127,10,2,83.7582
18,202,360,128,10,2,84.3959
18,202,360,129,10,2,84.9337
18,202,360,130,10,2,85.5606
18,204,360,101,10,2,44.27
18,204,360,102,10,2,47.46
18,204,360,103,10,2,50.48
18,204,360,104,10,2,53.17
18,204,360,105,10,2,55.87
18,204,360,106,10,2,58.37
18,204,360,107,10,2,60.76
18,204,360,108,10,2,62.7
18,204,360,109,10,2,64.72
18,204,360,110,10,2,66.46
18,204,360,111,10,2,67.99
18,204,360,112,10,2,70.28
18,204,360,113,10,2,72.21
18,204,360,114,10,2,73.63
18,204,360,115,10,2,73.5942
18,204,360,116,10,2,74.0594
18,204,360,117,10,2,74.5926
18,204,360,118,10,2,75.3449
18,204,360,119,10,2,75.9251
18,204,360,120,10,2,76.3748
18,204,360,121,10,2,76.8996
18,204,360,122,10,2,77.4682
18,204,360,123,10,2,78.1583
18,204,360,124,10,2,78.5432
18,204,360,125,10,2,79.1077
18,204,360,126,10,2,79.6488
18,204,360,127,10,2,80.1103
18,204,360,128,10,2,80.6759
18,204,360,129,10,2,81.1386
18,204,360,130,10,2,81.7802
18,203,360,101,10,2,44.27
18,203,360,102,10,2,47.46
18,203,360,103,10,2,50.48
18,203,360,104,10,2,53.17
18,203,360,105,10,2,55.87
18,203,360,106,10,2,58.37
18,203,360,107,10,2,60.76
18,203,360,108,10,2,62.7
18,203,360,109,10,2,64.72
18,203,360,110,10,2,66.46
18,203,360,111,10,2,67.99
18,203,360,112,10,2,70.28
18,203,360,113,10,2,72.21
18,203,360,114,10,2,73.63
18,203,360,115,10,2,75.8499
18,203,360,116,10,2,77.2871
18,203,360,117,10,2,78.5107
18,203,360,118,10,2,79.5912
18,203,360,119,10,2,80.548
18,203,360,120,10,2,81.5821
18,203,360,121,10,2,82.3842
18,203,360,122,10,2,83.2664
18,203,360,123,10,2,84.1036
18,203,360,124,10,2,84.9683
18,203,360,125,10,2,85.5849
18,203,360,126,10,2,86.2841
18,203,360,127,10,2,86.9219
18,203,360,128,10,2,87.6946
18,203,360,129,10,2,88.3415
18,203,360,130,10,2,89.0624
18,207,360,101,10,2,44.27
18,207,360,102,10,2,47.46
18,207,360,103,10,2,50.48
18,207,360,104,10,2,53.17
18,207,360,105,10,2,55.87
18,207,360,106,10,2,58.37
18,207,360,107,10,2,60.76
18,207,360,108,10,2,62.7
18,207,360,109,10,2,64.72
18,207,360,110,10,2,66.46
18,207,360,111,10,2,67.99
18,207,360,112,10,2,70.28
18,207,360,113,10,2,72.21
18,207,360,114,10,2,73.63
18,207,360,115,10,2,73.0807
18,207,360,116,10,2,73.285
18,207,360,117,10,2,73.8088
18,207,360,118,10,2,74.1228
18,207,360,119,10,2,74.4221
18,207,360,120,10,2,74.9418
18,207,360,121,10,2,75.2721
18,207,360,122,10,2,75.6509
18,207,360,123,10,2,76.2307
18,207,360,124,10,2,76.6661
18,207,360,125,10,2,76.9567
18,207,360,126,10,2,77.399
18,207,360,127,10,2,77.9976
18,207,360,128,10,2,78.3925
18,207,360,129,10,2,78.893
18,207,360,130,10,2,79.5229
18,206,360,101,10,2,44.27
18,206,360,102,10,2,47.46
18,206,360,103,10,2,50.48
18,206,360,104,10,2,53.17
18,206,360,105,10,2,55.87
18,206,360,106,10,2,58.37
18,206,360,107,10,2,60.76
18,206,360,108,10,2,62.7
18,206,360,109,10,2,64.72
18,206,360,110,10,2,66.46
18,206,360,111,10,2,67.99
18,206,360,112,10,2,70.28
18,206,360,113,10,2,72.21
18,206,360,114,10,2,73.63
18,206,360,115,10,2,76.4744
18,206,360,116,10,2,78.1458
18,206,360,117,10,2,79.598
18,206,360,118,10,2,80.7161
18,206,360,119,10,2,81.7301
18,206,360,120,10,2,82.8076
18,206,360,121,10,2,83.7334
18,206,360,122,10,2,84.6898
18,206,360,123,10,2,85.6316
18,206,360,124,10,2,86.4499
18,206,360,125,10,2,87.1237
18,206,360,126,10,2,87.91
18,206,360,127,10,2,88.7147
18,206,360,128,10,2,89.5133
18,206,360,129,10,2,90.2297
18,206,360,130,10,2,91.1217
18,8,360,101,10,2,44.27
18,8,360,102,10,2,47.46
18,8,360,103,10,2,50.48
18,8,360,104,10,2,53.17
18,8,360,105,10,2,55.87
18,8,360,106,10,2,58.37
18,8,360,107,10,2,60.76
18,8,360,108,10,2,62.7
18,8,360,109,10,2,64.72
18,8,360,110,10,2,66.46
18,8,360,111,10,2,67.99
18,8,360,112,10,2,70.28
18,8,360,113,10,2,72.21
18,8,360,114,10,2,73.63
18,8,360,115,10,2,73.63
18,8,360,116,10,2,73.63
18,8,360,117,10,2,73.63
18,8,360,118,10,2,73.63
18,8,360,119,10,2,73.63
18,8,360,120,10,2,73.63
18,8,360,121,10,2,73.63
18,8,360,122,10,2,73.63
18,8,360,123,10,2,73.63
18,8,360,124,10,2,73.63
18,8,360,125,10,2,73.63
18,8,360,126,10,2,73.63
18,8,360,127,10,2,73.63
18,8,360,128,10,2,73.63
18,8,360,129,10,2,73.63
18,8,360,130,10,2,73.63
18,202,418,101,10,2,42.91
18,202,418,102,10,2,44.25
18,202,418,103,10,2,45.65
18,202,418,104,10,2,47
18,202,418,105,10,2,48.45
18,202,418,106,10,2,49.65
18,202,418,107,10,2,51.14
18,202,418,108,10,2,53.56
18,202,418,109,10,2,56.1
18,202,418,110,10,2,59.15
18,202,418,111,10,2,62.04
18,202,418,112,10,2,64.82
18,202,418,113,10,2,67.28
18,202,418,114,10,2,69.24
18,202,418,115,10,2,71.0469
18,202,418,116,10,2,72.6505
18,202,418,117,10,2,73.9909
18,202,418,118,10,2,75.229
18,202,418,119,10,2,76.3407
18,202,418,120,10,2,77.317
18,202,418,121,10,2,78.1374
18,202,418,122,10,2,78.9839
18,202,418,123,10,2,79.7392
18,202,418,124,10,2,80.5521
18,202,418,125,10,2,81.2763
18,202,418,126,10,2,82.0439
18,202,418,127,10,2,82.6174
18,202,418,128,10,2,83.2881
18,202,418,129,10,2,83.9683
18,202,418,130,10,2,84.4966
18,204,418,101,10,2,42.91
18,204,418,102,10,2,44.25
18,204,418,103,10,2,45.65
18,204,418,104,10,2,47
18,204,418,105,10,2,48.45
18,204,418,106,10,2,49.65
18,204,418,107,10,2,51.14
18,204,418,108,10,2,53.56
18,204,418,109,10,2,56.1
18,204,418,110,10,2,59.15
18,204,418,111,10,2,62.04
18,204,418,112,10,2,64.82
18,204,418,113,10,2,67.28
18,204,418,114,10,2,69.24
18,204,418,115,10,2,69.6905
18,204,418,116,10,2,70.7327
18,204,418,117,10,2,71.535
18,204,418,118,10,2,72.3869
18,204,418,119,10,2,73.2033
18,204,418,120,10,2,73.9653
18,204,418,121,10,2,74.5312
18,204,418,122,10,2,75.2187
18,204,418,123,10,2,75.6918
18,204,418,124,10,2,76.3816
18,204,418,125,10,2,76.9344
18,204,418,126,10,2,77.5588
18,204,418,127,10,2,78.0362
18,204,418,128,10,2,78.5265
18,204,418,129,10,2,79.2949
18,204,418,130,10,2,79.8026
18,203,418,101,10,2,42.91
18,203,418,102,10,2,44.25
18,203,418,103,10,2,45.65
18,203,418,104,10,2,47
18,203,418,105,10,2,48.45
18,203,418,106,10,2,49.65
18,203,418,107,10,2,51.14
18,203,418,108,10,2,53.56
18,203,418,109,10,2,56.1
18,203,418,110,10,2,59.15
18,203,418,111,10,2,62.04
18,203,418,112,10,2,64.82
18,203,418,113,10,2,67.28
18,203,418,114,10,2,69.24
18,203,418,115,10,2,72.2006
18,203,418,116,10,2,74.5177
18,203,418,117,10,2,76.4367
18,203,418,118,10,2,77.9567
18,203,418,119,10,2,79.3158
18,203,418,120,10,2,80.688
18,203,418,121,10,2,81.5668
18,203,418,122,10,2,82.5812
18,203,418,123,10,2,83.3113
18,203,418,124,10,2,84.1644
18,203,418,125,10,2,85.024
18,203,418,126,10,2,85.6385
18,203,418,127,10,2,86.4716
18,203,418,128,10,2,86.9685
18,203,418,129,10,2,87.8466
18,203,418,130,10,2,88.4578
18,207,418,101,10,2,42.91
18,207,418,102,10,2,44.25
18,207,418,103,10,2,45.65
18,207,418,104,10,2,47
18,207,418,105,10,2,48.45
18,207,418,106,10,2,49.65
18,207,418,107,10,2,51.14
18,207,418,108,10,2,53.56
18,207,418,109,10,2,56.1
18,207,418,110,10,2,59.15
18,207,418,111,10,2,62.04
18,207,418,112,10,2,64.82
18,207,418,113,10,2,67.28
18,207,418,114,10,2,69.24
18,207,418,115,10,2,69.1227
18,207,418,116,10,2,69.6347
18,207,418,117,10,2,70.5049
18,207,418,118,10,2,70.926
18,207,418,119,10,2,71.6233
18,207,418,120,10,2,72.2409
18,207,418,121,10,2,72.6322
18,207,418,122,10,2,73.3647
18,207,418,123,10,2,73.7098
18,207,418,124,10,2,74.3219
18,207,418,125,10,2,74.8821
18,207,418,126,10,2,75.3322
18,207,418,127,10,2,75.3058
18,207,418,128,10,2,76.0499
18,207,418,129,10,2,76.5757
18,207,418,130,10,2,77.0906
18,206,418,101,10,2,42.91
18,206,418,102,10,2,44.25
18,206,418,103,10,2,45.65
18,206,418,104,10,2,47
18,206,418,105,10,2,48.45
18,206,418,106,10,2,49.65
18,206,418,107,10,2,51.14
18,206,418,108,10,2,53.56
18,206,418,109,10,2,56.1
18,206,418,110,10,2,59.15
18,206,418,111,10,2,62.04
18,206,418,112,10,2,64.82
18,206,418,113,10,2,67.28
18,206,418,114,10,2,69.24
18,206,418,115,10,2,72.8541
18,206,418,116,10,2,75.4012
18,206,418,117,10,2,77.5558
18,206,418,118,10,2,79.4214
18,206,418,119,10,2,80.8872
18,206,418,120,10,2,82.1933
18,206,418,121,10,2,83.3035
18,206,418,122,10,2,84.2498
18,206,418,123,10,2,84.9136
18,206,418,124,10,2,85.8736
18,206,418,125,10,2,86.5815
18,206,418,126,10,2,87.5225
18,206,418,127,10,2,88.1155
18,206,418,128,10,2,88.9273
18,206,418,129,10,2,89.764
18,206,418,130,10,2,90.4984
18,8,418,101,10,2,42.91
18,8,418,102,10,2,44.25
18,8,418,103,10,2,45.65
18,8,418,104,10,2,47
18,8,418,105,10,2,48.45
18,8,418,106,10,2,49.65
18,8,418,107,10,2,51.14
18,8,418,108,10,2,53.56
18,8,418,109,10,2,56.1
18,8,418,110,10,2,59.15
18,8,418,111,10,2,62.04
18,8,418,112,10,2,64.82
18,8,418,113,10,2,67.28
18,8,418,114,10,2,69.24
18,8,418,115,10,2,69.24
18,8,418,116,10,2,69.24
18,8,418,117,10,2,69.24
18,8,418,118,10,2,69.24
18,8,418,119,10,2,69.24
18,8,418,120,10,2,69.24
18,8,418,121,10,2,69.24
18,8,418,122,10,2,69.24
18,8,418,123,10,2,69.24
18,8,418,124,10,2,69.24
18,8,418,125,10,2,69.24
18,8,418,126,10,2,69.24
18,8,418,127,10,2,69.24
18,8,418,128,10,2,69.24
18,8,418,129,10,2,69.24
18,8,418,130,10,2,69.24
18,202,458,101,10,2,56.52
18,202,458,102,10,2,59.84
18,202,458,103,10,2,62.79
18,202,458,104,10,2,65.07
18,202,458,105,10,2,67.52
18,202,458,106,10,2,69.39
18,202,458,107,10,2,71.23
18,202,458,108,10,2,72.22
18,202,458,109,10,2,73.46
18,202,458,110,10,2,74.24
18,202,458,111,10,2,75.35
18,202,458,112,10,2,76.27
18,202,458,113,10,2,77.19
18,202,458,114,10,2,78.1
18,202,458,115,10,2,78.8691
18,202,458,116,10,2,79.5677
18,202,458,117,10,2,80.2992
18,202,458,118,10,2,80.9313
18,202,458,119,10,2,81.6641
18,202,458,120,10,2,82.2667
18,202,458,121,10,2,82.8956
18,202,458,122,10,2,83.5429
18,202,458,123,10,2,84.152
18,202,458,124,10,2,84.767
18,202,458,125,10,2,85.3121
18,202,458,126,10,2,85.924
18,202,458,127,10,2,86.4098
18,202,458,128,10,2,87.0532
18,202,458,129,10,2,87.62
18,202,458,130,10,2,88.2143
18,204,458,101,10,2,56.52
18,204,458,102,10,2,59.84
18,204,458,103,10,2,62.79
18,204,458,104,10,2,65.07
18,204,458,105,10,2,67.52
18,204,458,106,10,2,69.39
18,204,458,107,10,2,71.23
18,204,458,108,10,2,72.22
18,204,458,109,10,2,73.46
18,204,458,110,10,2,74.24
18,204,458,111,10,2,75.35
18,204,458,112,10,2,76.27
18,204,458,113,10,2,77.19
18,204,458,114,10,2,78.1
18,204,458,115,10,2,77.9461
18,204,458,116,10,2,78.3433
18,204,458,117,10,2,78.8296
18,204,458,118,10,2,79.1326
18,204,458,119,10,2,79.6996
18,204,458,120,10,2,80.068
18,204,458,121,10,2,80.4873
18,204,458,122,10,2,81.0336
18,204,458,123,10,2,81.5491
18,204,458,124,10,2,81.996
18,204,458,125,10,2,82.5601
18,204,458,126,10,2,82.8736
18,204,458,127,10,2,83.3744
18,204,458,128,10,2,83.8742
18,204,458,129,10,2,84.3321
18,204,458,130,10,2,84.7363
18,203,458,101,10,2,56.52
18,203,458,102,10,2,59.84
18,203,458,103,10,2,62.79
18,203,458,104,10,2,65.07
18,203,458,105,10,2,67.52
18,203,458,106,10,2,69.39
18,203,458,107,10,2,71.23
18,203,458,108,10,2,72.22
18,203,458,109,10,2,73.46
18,203,458,110,10,2,74.24
18,203,458,111,10,2,75.35
18,203,458,112,10,2,76.27
18,203,458,113,10,2,77.19
18,203,458,114,10,2,78.1
18,203,458,115,10,2,79.6943
18,203,458,116,10,2,80.7718
18,203,458,117,10,2,81.7893
18,203,458,118,10,2,82.6537
18,203,458,119,10,2,83.4994
18,203,458,120,10,2,84.3194
18,203,458,121,10,2,85.0284
18,203,458,122,10,2,85.7981
18,203,458,123,10,2,86.455
18,203,458,124,10,2,87.224
18,203,458,125,10,2,87.8653
18,203,458,126,10,2,88.6138
18,203,458,127,10,2,89.2777
18,203,458,128,10,2,89.9494
18,203,458,129,10,2,90.6904
18,203,458,130,10,2,91.3328
18,207,458,101,10,2,56.52
18,207,458,102,10,2,59.84
18,207,458,103,10,2,62.79
18,207,458,104,10,2,65.07
18,207,458,105,10,2,67.52
18,207,458,106,10,2,69.39
18,207,458,107,10,2,71.23
18,207,458,108,10,2,72.22
18,207,458,109,10,2,73.46
18,207,458,110,10,2,74.24
18,207,458,111,10,2,75.35
18,207,458,112,10,2,76.27
18,207,458,113,10,2,77.19
18,207,458,114,10,2,78.1
18,207,458,115,10,2,77.443
18,207,458,116,10,2,77.6377
18,207,458,117,10,2,77.945
18,207,458,118,10,2,78.2163
18,207,458,119,10,2,78.5506
18,207,458,120,10,2,78.6681
18,207,458,121,10,2,79.0584
18,207,458,122,10,2,79.3677
18,207,458,123,10,2,79.9704
18,207,458,124,10,2,80.4676
18,207,458,125,10,2,80.6787
18,207,458,126,10,2,81.253
18,207,458,127,10,2,81.4656
18,207,458,128,10,2,81.9972
18,207,458,129,10,2,82.3192
18,207,458,130,10,2,82.735
18,206,458,101,10,2,56.52
18,206,458,102,10,2,59.84
18,206,458,103,10,2,62.79
18,206,458,104,10,2,65.07
18,206,458,105,10,2,67.52
18,206,458,106,10,2,69.39
18,206,458,107,10,2,71.23
18,206,458,108,10,2,72.22
18,206,458,109,10,2,73.46
18,206,458,110,10,2,74.24
18,206,458,111,10,2,75.35
18,206,458,112,10,2,76.27
18,206,458,113,10,2,77.19
18,206,458,114,10,2,78.1
18,206,458,115,10,2,80.192
18,206,458,116,10,2,81.4379
18,206,458,117,10,2,82.4664
18,206,458,118,10,2,83.4276
18,206,458,119,10,2,84.4735
18,206,458,120,10,2,85.3363
18,206,458,121,10,2,86.0693
18,206,458,122,10,2,86.8918
18,206,458,123,10,2,87.6593
18,206,458,124,10,2,88.3745
18,206,458,125,10,2,89.2626
18,206,458,126,10,2,90.1173
18,206,458,127,10,2,90.7929
18,206,458,128,10,2,91.5559
18,206,458,129,10,2,92.1653
18,206,458,130,10,2,92.813
18,8,458,101,10,2,56.52
18,8,458,102,10,2,59.84
18,8,458,103,10,2,62.79
18,8,458,104,10,2,65.07
18,8,458,105,10,2,67.52
18,8,458,106,10,2,69.39
18,8,458,107,10,2,71.23
18,8,458,108,10,2,72.22
18,8,458,109,10,2,73.46
18,8,458,110,10,2,74.24
18,8,458,111,10,2,75.35
18,8,458,112,10,2,76.27
18,8,458,113,10,2,77.19
18,8,458,114,10,2,78.1
18,8,458,115,10,2,78.1
18,8,458,116,10,2,78.1
18,8,458,117,10,2,78.1
18,8,458,118,10,2,78.1
18,8,458,119,10,2,78.1
18,8,458,120,10,2,78.1
18,8,458,121,10,2,78.1
18,8,458,122,10,2,78.1
18,8,458,123,10,2,78.1
18,8,458,124,10,2,78.1
18,8,458,125,10,2,78.1
18,8,458,126,10,2,78.1
18,8,458,127,10,2,78.1
18,8,458,128,10,2,78.1
18,8,458,129,10,2,78.1
18,8,458,130,10,2,78.1
18,202,104,101,10,2,39.31
18,202,104,102,10,2,43.97
18,202,104,103,10,2,46.71
18,202,104,104,10,2,50.46
18,202,104,105,10,2,52.96
18,202,104,106,10,2,55.15
18,202,104,107,10,2,57.28
18,202,104,108,10,2,59.37
18,202,104,109,10,2,60.93
18,202,104,110,10,2,62.41
18,202,104,111,10,2,63.88
18,202,104,112,10,2,65.81
18,202,104,113,10,2,68.02
18,202,104,114,10,2,69.75
18,202,104,115,10,2,70.742
18,202,104,116,10,2,71.6253
18,202,104,117,10,2,72.469
18,202,104,118,10,2,73.3104
18,202,104,119,10,2,74.1235
18,202,104,120,10,2,74.8524
18,202,104,121,10,2,75.5844
18,202,104,122,10,2,76.2996
18,202,104,123,10,2,77.008
18,202,104,124,10,2,77.7023
18,202,104,125,10,2,78.2469
18,202,104,126,10,2,78.8687
18,202,104,127,10,2,79.4822
18,202,104,128,10,2,80.1215
18,202,104,129,10,2,80.7457
18,202,104,130,10,2,81.367
18,204,104,101,10,2,39.31
18,204,104,102,10,2,43.97
18,204,104,103,10,2,46.71
18,204,104,104,10,2,50.46
18,204,104,105,10,2,52.96
18,204,104,106,10,2,55.15
18,204,104,107,10,2,57.28
18,204,104,108,10,2,59.37
18,204,104,109,10,2,60.93
18,204,104,110,10,2,62.41
18,204,104,111,10,2,63.88
18,204,104,112,10,2,65.81
18,204,104,113,10,2,68.02
18,204,104,114,10,2,69.75
18,204,104,115,10,2,69.6328
18,204,104,116,10,2,70.0782
18,204,104,117,10,2,70.5515
18,204,104,118,10,2,71.1248
18,204,104,119,10,2,71.5561
18,204,104,120,10,2,71.9166
18,204,104,121,10,2,72.4593
18,204,104,122,10,2,73.1018
18,204,104,123,10,2,73.6956
18,204,104,124,10,2,74.1912
18,204,104,125,10,2,74.5222
18,204,104,126,10,2,75.1054
18,204,104,127,10,2,75.5994
18,204,104,128,10,2,76.1078
18,204,104,129,10,2,76.6389
18,204,104,130,10,2,77.13
18,203,104,101,10,2,39.31
18,203,104,102,10,2,43.97
18,203,104,103,10,2,46.71
18,203,104,104,10,2,50.46
18,203,104,105,10,2,52.96
18,203,104,106,10,2,55.15
18,203,104,107,10,2,57.28
18,203,104,108,10,2,59.37
18,203,104,109,10,2,60.93
18,203,104,110,10,2,62.41
18,203,104,111,10,2,63.88
18,203,104,112,10,2,65.81
18,203,104,113,10,2,68.02
18,203,104,114,10,2,69.75
18,203,104,115,10,2,71.8905
18,203,104,116,10,2,73.2462
18,203,104,117,10,2,74.6441
18,203,104,118,10,2,75.7978
18,203,104,119,10,2,76.8418
18,203,104,120,10,2,77.6636
18,203,104,121,10,2,78.5993
18,203,104,122,10,2,79.4189
18,203,104,123,10,2,80.1075
18,203,104,124,10,2,80.9992
18,203,104,125,10,2,81.7678
18,203,104,126,10,2,82.4783
18,203,104,127,10,2,83.2251
18,203,104,128,10,2,83.9465
18,203,104,129,10,2,84.5941
18,203,104,130,10,2,85.3069
18,207,104,101,10,2,39.31
18,207,104,102,10,2,43.97
18,207,104,103,10,2,46.71
18,207,104,104,10,2,50.46
18,207,104,105,10,2,52.96
18,207,104,106,10,2,55.15
18,207,104,107,10,2,57.28
18,207,104,108,10,2,59.37
18,207,104,109,10,2,60.93
18,207,104,110,10,2,62.41
18,207,104,111,10,2,63.88
18,207,104,112,10,2,65.81
18,207,104,113,10,2,68.02
18,207,104,114,10,2,69.75
18,207,104,115,10,2,69.0277
18,207,104,116,10,2,69.2383
18,207,104,117,10,2,69.5995
18,207,104,118,10,2,69.6208
18,207,104,119,10,2,70.0236
18,207,104,120,10,2,70.491
18,207,104,121,10,2,70.6168
18,207,104,122,10,2,71.2518
18,207,104,123,10,2,71.6215
18,207,104,124,10,2,71.902
18,207,104,125,10,2,72.2014
18,207,104,126,10,2,72.7248
18,207,104,127,10,2,73.2596
18,207,104,128,10,2,73.3397
18,207,104,129,10,2,74.0295
18,207,104,130,10,2,74.5589
18,206,104,101,10,2,39.31
18,206,104,102,10,2,43.97
18,206,104,103,10,2,46.71
18,206,104,104,10,2,50.46
18,206,104,105,10,2,52.96
18,206,104,106,10,2,55.15
18,206,104,107,10,2,57.28
18,206,104,108,10,2,59.37
18,206,104,109,10,2,60.93
18,206,104,110,10,2,62.41
18,206,104,111,10,2,63.88
18,206,104,112,10,2,65.81
18,206,104,113,10,2,68.02
18,206,104,114,10,2,69.75
18,206,104,115,10,2,72.4416
18,206,104,116,10,2,74.3586
18,206,104,117,10,2,75.7353
18,206,104,118,10,2,76.8703
18,206,104,119,10,2,78.0268
18,206,104,120,10,2,78.9834
18,206,104,121,10,2,79.9234
18,206,104,122,10,2,80.8593
18,206,104,123,10,2,81.5015
18,206,104,124,10,2,82.6183
18,206,104,125,10,2,83.3297
18,206,104,126,10,2,83.977
18,206,104,127,10,2,84.9629
18,206,104,128,10,2,85.8862
18,206,104,129,10,2,86.4243
18,206,104,130,10,2,87.0414
18,8,104,101,10,2,39.31
18,8,104,102,10,2,43.97
18,8,104,103,10,2,46.71
18,8,104,104,10,2,50.46
18,8,104,105,10,2,52.96
18,8,104,106,10,2,55.15
18,8,104,107,10,2,57.28
18,8,104,108,10,2,59.37
18,8,104,109,10,2,60.93
18,8,104,110,10,2,62.41
18,8,104,111,10,2,63.88
18,8,104,112,10,2,65.81
18,8,104,113,10,2,68.02
18,8,104,114,10,2,69.75
18,8,104,115,10,2,69.75
18,8,104,116,10,2,69.75
18,8,104,117,10,2,69.75
18,8,104,118,10,2,69.75
18,8,104,119,10,2,69.75
18,8,104,120,10,2,69.75
18,8,104,121,10,2,69.75
18,8,104,122,10,2,69.75
18,8,104,123,10,2,69.75
18,8,104,124,10,2,69.75
18,8,104,125,10,2,69.75
18,8,104,126,10,2,69.75
18,8,104,127,10,2,69.75
18,8,104,128,10,2,69.75
18,8,104,129,10,2,69.75
18,8,104,130,10,2,69.75
18,202,608,101,10,2,58.47
18,202,608,102,10,2,61.91
18,202,608,103,10,2,64.15
18,202,608,104,10,2,65.33
18,202,608,105,10,2,65.9
18,202,608,106,10,2,66.24
18,202,608,107,10,2,67.49
18,202,608,108,10,2,68.5
18,202,608,109,10,2,70.74
18,202,608,110,10,2,72.06
18,202,608,111,10,2,72.44
18,202,608,112,10,2,73.38
18,202,608,113,10,2,74.61
18,202,608,114,10,2,75.31
18,202,608,115,10,2,76.0214
18,202,608,116,10,2,76.6663
18,202,608,117,10,2,77.2664
18,202,608,118,10,2,77.8355
18,202,608,119,10,2,78.4019
18,202,608,120,10,2,79.0465
18,202,608,121,10,2,79.5983
18,202,608,122,10,2,80.2327
18,202,608,123,10,2,80.8503
18,202,608,124,10,2,81.4067
18,202,608,125,10,2,81.9659
18,202,608,126,10,2,82.552
18,202,608,127,10,2,83.0738
18,202,608,128,10,2,83.6404
18,202,608,129,10,2,84.2533
18,202,608,130,10,2,84.8073
18,204,608,101,10,2,58.47
18,204,608,102,10,2,61.91
18,204,608,103,10,2,64.15
18,204,608,104,10,2,65.33
18,204,608,105,10,2,65.9
18,204,608,106,10,2,66.24
18,204,608,107,10,2,67.49
18,204,608,108,10,2,68.5
18,204,608,109,10,2,70.74
18,204,608,110,10,2,72.06
18,204,608,111,10,2,72.44
18,204,608,112,10,2,73.38
18,204,608,113,10,2,74.61
18,204,608,114,10,2,75.31
18,204,608,115,10,2,75.0263
18,204,608,116,10,2,75.2993
18,204,608,117,10,2,75.6523
18,204,608,118,10,2,76.0092
18,204,608,119,10,2,76.3404
18,204,608,120,10,2,76.7764
18,204,608,121,10,2,77.3402
18,204,608,122,10,2,77.657
18,204,608,123,10,2,78.0066
18,204,608,124,10,2,78.3825
18,204,608,125,10,2,78.9716
18,204,608,126,10,2,79.2868
18,204,608,127,10,2,79.6178
18,204,608,128,10,2,80.0977
18,204,608,129,10,2,80.6904
18,204,608,130,10,2,81.0578
18,203,608,101,10,2,58.47
18,203,608,102,10,2,61.91
18,203,608,103,10,2,64.15
18,203,608,104,10,2,65.33
18,203,608,105,10,2,65.9
18,203,608,106,10,2,66.24
18,203,608,107,10,2,67.49
18,203,608,108,10,2,68.5
18,203,608,109,10,2,70.74
18,203,608,110,10,2,72.06
18,203,608,111,10,2,72.44
18,203,608,112,10,2,73.38
18,203,608,113,10,2,74.61
18,203,608,114,10,2,75.31
18,203,608,115,10,2,76.9967
18,203,608,116,10,2,77.9549
18,203,608,117,10,2,78.919
18,203,608,118,10,2,79.723
18,203,608,119,10,2,80.5967
18,203,608,120,10,2,81.2614
18,203,608,121,10,2,82.1056
18,203,608,122,10,2,82.8337
18,203,608,123,10,2,83.5129
18,203,608,124,10,2,84.2004
18,203,608,125,10,2,84.8279
18,203,608,126,10,2,85.5205
18,203,608,127,10,2,86.1042
18,203,608,128,10,2,86.8798
18,203,608,129,10,2,87.5807
18,203,608,130,10,2,88.0815
18,207,608,101,10,2,58.47
18,207,608,102,10,2,61.91
18,207,608,103,10,2,64.15
18,207,608,104,10,2,65.33
18,207,608,105,10,2,65.9
18,207,608,106,10,2,66.24
18,207,608,107,10,2,67.49
18,207,608,108,10,2,68.5
18,207,608,109,10,2,70.74
18,207,608,110,10,2,72.06
18,207,608,111,10,2,72.44
18,207,608,112,10,2,73.38
18,207,608,113,10,2,74.61
18,207,608,114,10,2,75.31
18,207,608,115,10,2,74.4588
18,207,608,116,10,2,74.5213
18,207,608,117,10,2,74.6383
18,207,608,118,10,2,75.1469
18,207,608,119,10,2,75.1593
18,207,608,120,10,2,75.4488
18,207,608,121,10,2,76.2012
18,207,608,122,10,2,76.4787
18,207,608,123,10,2,76.4765
18,207,608,124,10,2,76.8482
18,207,608,125,10,2,77.1863
18,207,608,126,10,2,77.4702
18,207,608,127,10,2,77.7802
18,207,608,128,10,2,77.8513
18,207,608,129,10,2,78.3314
18,207,608,130,10,2,78.8676
18,206,608,101,10,2,58.47
18,206,608,102,10,2,61.91
18,206,608,103,10,2,64.15
18,206,608,104,10,2,65.33
18,206,608,105,10,2,65.9
18,206,608,106,10,2,66.24
18,206,608,107,10,2,67.49
18,206,608,108,10,2,68.5
18,206,608,109,10,2,70.74
18,206,608,110,10,2,72.06
18,206,608,111,10,2,72.44
18,206,608,112,10,2,73.38
18,206,608,113,10,2,74.61
18,206,608,114,10,2,75.31
18,206,608,115,10,2,77.5014
18,206,608,116,10,2,78.6399
18,206,608,117,10,2,79.7938
18,206,608,118,10,2,80.7072
18,206,608,119,10,2,81.5193
18,206,608,120,10,2,82.371
18,206,608,121,10,2,83.179
18,206,608,122,10,2,84.0856
18,206,608,123,10,2,84.8135
18,206,608,124,10,2,85.3389
18,206,608,125,10,2,86.0787
18,206,608,126,10,2,86.7638
18,206,608,127,10,2,87.612
18,206,608,128,10,2,88.0862
18,206,608,129,10,2,88.9106
18,206,608,130,10,2,89.5499
18,8,608,101,10,2,58.47
18,8,608,102,10,2,61.91
18,8,608,103,10,2,64.15
18,8,608,104,10,2,65.33
18,8,608,105,10,2,65.9
18,8,608,106,10,2,66.24
18,8,608,107,10,2,67.49
18,8,608,108,10,2,68.5
18,8,608,109,10,2,70.74
18,8,608,110,10,2,72.06
18,8,608,111,10,2,72.44
18,8,608,112,10,2,73.38
18,8,608,113,10,2,74.61
18,8,608,114,10,2,75.31
18,8,608,115,10,2,75.31
18,8,608,116,10,2,75.31
18,8,608,117,10,2,75.31
18,8,608,118,10,2,75.31
18,8,608,119,10,2,75.31
18,8,608,120,10,2,75.31
18,8,608,121,10,2,75.31
18,8,608,122,10,2,75.31
18,8,608,123,10,2,75.31
18,8,608,124,10,2,75.31
18,8,608,125,10,2,75.31
18,8,608,126,10,2,75.31
18,8,608,127,10,2,75.31
18,8,608,128,10,2,75.31
18,8,608,129,10,2,75.31
18,8,608,130,10,2,75.31
18,202,702,101,10,2,63.04
18,202,702,102,10,2,67.73
18,202,702,103,10,2,70.04
18,202,702,104,10,2,70.76
18,202,702,105,10,2,72.76
18,202,702,106,10,2,74.26
18,202,702,107,10,2,75.68
18,202,702,108,10,2,77.11
18,202,702,109,10,2,79.17
18,202,702,110,10,2,79.53
18,202,702,111,10,2,81.76
18,202,702,112,10,2,83.66
18,202,702,113,10,2,84.52
18,202,702,114,10,2,85.52
18,202,702,115,10,2,86.2278
18,202,702,116,10,2,86.9067
18,202,702,117,10,2,87.6184
18,202,702,118,10,2,88.2572
18,202,702,119,10,2,88.9146
18,202,702,120,10,2,89.5777
18,202,702,121,10,2,90.252
18,202,702,122,10,2,90.901
18,202,702,123,10,2,91.4644
18,202,702,124,10,2,92.1026
18,202,702,125,10,2,92.6531
18,202,702,126,10,2,93.2969
18,202,702,127,10,2,93.8513
18,202,702,128,10,2,94.411
18,202,702,129,10,2,95.0695
18,202,702,130,10,2,95.6585
18,204,702,101,10,2,63.04
18,204,702,102,10,2,67.73
18,204,702,103,10,2,70.04
18,204,702,104,10,2,70.76
18,204,702,105,10,2,72.76
18,204,702,106,10,2,74.26
18,204,702,107,10,2,75.68
18,204,702,108,10,2,77.11
18,204,702,109,10,2,79.17
18,204,702,110,10,2,79.53
18,204,702,111,10,2,81.76
18,204,702,112,10,2,83.66
18,204,702,113,10,2,84.52
18,204,702,114,10,2,85.52
18,204,702,115,10,2,85.566
18,204,702,116,10,2,85.9906
18,204,702,117,10,2,86.4111
18,204,702,118,10,2,86.8474
18,204,702,119,10,2,87.3497
18,204,702,120,10,2,87.8688
18,204,702,121,10,2,88.3989
18,204,702,122,10,2,88.8523
18,204,702,123,10,2,89.4057
18,204,702,124,10,2,89.8343
18,204,702,125,10,2,90.3413
18,204,702,126,10,2,90.7967
18,204,702,127,10,2,91.2474
18,204,702,128,10,2,91.73
18,204,702,129,10,2,92.1338
18,204,702,130,10,2,92.7623
18,203,702,101,10,2,63.04
18,203,702,102,10,2,67.73
18,203,702,103,10,2,70.04
18,203,702,104,10,2,70.76
18,203,702,105,10,2,72.76
18,203,702,106,10,2,74.26
18,203,702,107,10,2,75.68
18,203,702,108,10,2,77.11
18,203,702,109,10,2,79.17
18,203,702,110,10,2,79.53
18,203,702,111,10,2,81.76
18,203,702,112,10,2,83.66
18,203,702,113,10,2,84.52
18,203,702,114,10,2,85.52
18,203,702,115,10,2,86.9034
18,203,702,116,10,2,87.9542
18,203,702,117,10,2,88.8678
18,203,702,118,10,2,89.7123
18,203,702,119,10,2,90.5395
18,203,702,120,10,2,91.3031
18,203,702,121,10,2,92.0116
18,203,702,122,10,2,92.7919
18,203,702,123,10,2,93.5852
18,203,702,124,10,2,94.2708
18,203,702,125,10,2,94.9009
18,203,702,126,10,2,95.5126
18,203,702,127,10,2,96.4288
18,203,702,128,10,2,97.1826
18,203,702,129,10,2,97.8706
18,203,702,130,10,2,98.5456
18,207,702,101,10,2,63.04
18,207,702,102,10,2,67.73
18,207,702,103,10,2,70.04
18,207,702,104,10,2,70.76
18,207,702,105,10,2,72.76
18,207,702,106,10,2,74.26
18,207,702,107,10,2,75.68
18,207,702,108,10,2,77.11
18,207,702,109,10,2,79.17
18,207,702,110,10,2,79.53
18,207,702,111,10,2,81.76
18,207,702,112,10,2,83.66
18,207,702,113,10,2,84.52
18,207,702,114,10,2,85.52
18,207,702,115,10,2,85.1631
18,207,702,116,10,2,85.4679
18,207,702,117,10,2,85.7499
18,207,702,118,10,2,86.1561
18,207,702,119,10,2,86.6257
18,207,702,120,10,2,86.852
18,207,702,121,10,2,87.3038
18,207,702,122,10,2,87.8533
18,207,702,123,10,2,88.3375
18,207,702,124,10,2,88.7584
18,207,702,125,10,2,89.0242
18,207,702,126,10,2,89.4462
18,207,702,127,10,2,89.9485
18,207,702,128,10,2,90.4177
18,207,702,129,10,2,90.7448
18,207,702,130,10,2,91.0152
18,206,702,101,10,2,63.04
18,206,702,102,10,2,67.73
18,206,702,103,10,2,70.04
18,206,702,104,10,2,70.76
18,206,702,105,10,2,72.76
18,206,702,106,10,2,74.26
18,206,702,107,10,2,75.68
18,206,702,108,10,2,77.11
18,206,702,109,10,2,79.17
18,206,702,110,10,2,79.53
18,206,702,111,10,2,81.76
18,206,702,112,10,2,83.66
18,206,702,113,10,2,84.52
18,206,702,114,10,2,85.52
18,206,702,115,10,2,87.2895
18,206,702,116,10,2,88.458
18,206,702,117,10,2,89.5611
18,206,702,118,10,2,90.5598
18,206,702,119,10,2,91.4136
18,206,702,120,10,2,92.226
18,206,702,121,10,2,93.2305
18,206,702,122,10,2,93.9597
18,206,702,123,10,2,94.7058
18,206,702,124,10,2,95.5848
18,206,702,125,10,2,96.2071
18,206,702,126,10,2,96.8987
18,206,702,127,10,2,97.8375
18,206,702,128,10,2,98.5312
18,206,702,129,10,2,99.2899
18,206,702,130,10,2,100.2182
18,8,702,101,10,2,63.04
18,8,702,102,10,2,67.73
18,8,702,103,10,2,70.04
18,8,702,104,10,2,70.76
18,8,702,105,10,2,72.76
18,8,702,106,10,2,74.26
18,8,702,107,10,2,75.68
18,8,702,108,10,2,77.11
18,8,702,109,10,2,79.17
18,8,702,110,10,2,79.53
18,8,702,111,10,2,81.76
18,8,702,112,10,2,83.66
18,8,702,113,10,2,84.52
18,8,702,114,10,2,85.52
18,8,702,115,10,2,85.52
18,8,702,116,10,2,85.52
18,8,702,117,10,2,85.52
18,8,702,118,10,2,85.52
18,8,702,119,10,2,85.52
18,8,702,120,10,2,85.52
18,8,702,121,10,2,85.52
18,8,702,122,10,2,85.52
18,8,702,123,10,2,85.52
18,8,702,124,10,2,85.52
18,8,702,125,10,2,85.52
18,8,702,126,10,2,85.52
18,8,702,127,10,2,85.52
18,8,702,128,10,2,85.52
18,8,702,129,10,2,85.52
18,8,702,130,10,2,85.52
18,202,764,101,10,2,53.57
18,202,764,102,10,2,55.62
18,202,764,103,10,2,58.51
18,202,764,104,10,2,60.59
18,202,764,105,10,2,63.3
18,202,764,106,10,2,66.24
18,202,764,107,10,2,68.87
18,202,764,108,10,2,72.71
18,202,764,109,10,2,73.67
18,202,764,110,10,2,74.29
18,202,764,111,10,2,74.9
18,202,764,112,10,2,76.59
18,202,764,113,10,2,78.87
18,202,764,114,10,2,80.62
18,202,764,115,10,2,81.5122
18,202,764,116,10,2,82.2891
18,202,764,117,10,2,83.0829
18,202,764,118,10,2,83.7796
18,202,764,119,10,2,84.5181
18,202,764,120,10,2,85.2219
18,202,764,121,10,2,85.8401
18,202,764,122,10,2,86.4779
18,202,764,123,10,2,87.121
18,202,764,124,10,2,87.7231
18,202,764,125,10,2,88.3588
18,202,764,126,10,2,88.9279
18,202,764,127,10,2,89.6092
18,202,764,128,10,2,90.1558
18,202,764,129,10,2,90.6996
18,202,764,130,10,2,91.2917
18,204,764,101,10,2,53.57
18,204,764,102,10,2,55.62
18,204,764,103,10,2,58.51
18,204,764,104,10,2,60.59
18,204,764,105,10,2,63.3
18,204,764,106,10,2,66.24
18,204,764,107,10,2,68.87
18,204,764,108,10,2,72.71
18,204,764,109,10,2,73.67
18,204,764,110,10,2,74.29
18,204,764,111,10,2,74.9
18,204,764,112,10,2,76.59
18,204,764,113,10,2,78.87
18,204,764,114,10,2,80.62
18,204,764,115,10,2,80.6544
18,204,764,116,10,2,81.1515
18,204,764,117,10,2,81.6908
18,204,764,118,10,2,82.2229
18,204,764,119,10,2,82.6751
18,204,764,120,10,2,83.2835
18,204,764,121,10,2,83.7436
18,204,764,122,10,2,84.3751
18,204,764,123,10,2,84.7685
18,204,764,124,10,2,85.2921
18,204,764,125,10,2,85.7086
18,204,764,126,10,2,86.1167
18,204,764,127,10,2,86.6928
18,204,764,128,10,2,87.1079
18,204,764,129,10,2,87.6033
18,204,764,130,10,2,87.9432
18,203,764,101,10,2,53.57
18,203,764,102,10,2,55.62
18,203,764,103,10,2,58.51
18,203,764,104,10,2,60.59
18,203,764,105,10,2,63.3
18,203,764,106,10,2,66.24
18,203,764,107,10,2,68.87
18,203,764,108,10,2,72.71
18,203,764,109,10,2,73.67
18,203,764,110,10,2,74.29
18,203,764,111,10,2,74.9
18,203,764,112,10,2,76.59
18,203,764,113,10,2,78.87
18,203,764,114,10,2,80.62
18,203,764,115,10,2,82.2846
18,203,764,116,10,2,83.4041
18,203,764,117,10,2,84.3934
18,203,764,118,10,2,85.2899
18,203,764,119,10,2,86.1427
18,203,764,120,10,2,87.0087
18,203,764,121,10,2,87.8401
18,203,764,122,10,2,88.6571
18,203,764,123,10,2,89.4313
18,203,764,124,10,2,90.225
18,203,764,125,10,2,90.967
18,203,764,126,10,2,91.6711
18,203,764,127,10,2,92.4306
18,203,764,128,10,2,93.0403
18,203,764,129,10,2,93.6818
18,203,764,130,10,2,94.3802
18,207,764,101,10,2,53.57
18,207,764,102,10,2,55.62
18,207,764,103,10,2,58.51
18,207,764,104,10,2,60.59
18,207,764,105,10,2,63.3
18,207,764,106,10,2,66.24
18,207,764,107,10,2,68.87
18,207,764,108,10,2,72.71
18,207,764,109,10,2,73.67
18,207,764,110,10,2,74.29
18,207,764,111,10,2,74.9
18,207,764,112,10,2,76.59
18,207,764,113,10,2,78.87
18,207,764,114,10,2,80.62
18,207,764,115,10,2,80.2257
18,207,764,116,10,2,80.5224
18,207,764,117,10,2,80.876
18,207,764,118,10,2,81.3456
18,207,764,119,10,2,81.7424
18,207,764,120,10,2,82.1407
18,207,764,121,10,2,82.4529
18,207,764,122,10,2,82.9498
18,207,764,123,10,2,83.3268
18,207,764,124,10,2,83.9198
18,207,764,125,10,2,84.4941
18,207,764,126,10,2,84.8419
18,207,764,127,10,2,85.2426
18,207,764,128,10,2,85.6331
18,207,764,129,10,2,86.2761
18,207,764,130,10,2,86.5399
18,206,764,101,10,2,53.57
18,206,764,102,10,2,55.62
18,206,764,103,10,2,58.51
18,206,764,104,10,2,60.59
18,206,764,105,10,2,63.3
18,206,764,106,10,2,66.24
18,206,764,107,10,2,68.87
18,206,764,108,10,2,72.71
18,206,764,109,10,2,73.67
18,206,764,110,10,2,74.29
18,206,764,111,10,2,74.9
18,206,764,112,10,2,76.59
18,206,764,113,10,2,78.87
18,206,764,114,10,2,80.62
18,206,764,115,10,2,82.6648
18,206,764,116,10,2,83.9746
18,206,764,117,10,2,85.3285
18,206,764,118,10,2,86.2611
18,206,764,119,10,2,87.0621
18,206,764,120,10,2,87.9074
18,206,764,121,10,2,88.9416
18,206,764,122,10,2,89.8135
18,206,764,123,10,2,90.6497
18,206,764,124,10,2,91.6534
18,206,764,125,10,2,92.3893
18,206,764,126,10,2,93.1304
18,206,764,127,10,2,93.8962
18,206,764,128,10,2,94.7672
18,206,764,129,10,2,95.4653
18,206,764,130,10,2,96.1349
18,8,764,101,10,2,53.57
18,8,764,102,10,2,55.62
18,8,764,103,10,2,58.51
18,8,764,104,10,2,60.59
18,8,764,105,10,2,63.3
18,8,764,106,10,2,66.24
18,8,764,107,10,2,68.87
18,8,764,108,10,2,72.71
18,8,764,109,10,2,73.67
18,8,764,110,10,2,74.29
18,8,764,111,10,2,74.9
18,8,764,112,10,2,76.59
18,8,764,113,10,2,78.87
18,8,764,114,10,2,80.62
18,8,764,115,10,2,80.62
18,8,764,116,10,2,80.62
18,8,764,117,10,2,80.62
18,8,764,118,10,2,80.62
18,8,764,119,10,2,80.62
18,8,764,120,10,2,80.62
18,8,764,121,10,2,80.62
18,8,764,122,10,2,80.62
18,8,764,123,10,2,80.62
18,8,764,124,10,2,80.62
18,8,764,125,10,2,80.62
18,8,764,126,10,2,80.62
18,8,764,127,10,2,80.62
18,8,764,128,10,2,80.62
18,8,764,129,10,2,80.62
18,8,764,130,10,2,80.62
18,202,626,101,10,2,30.37
18,202,626,102,10,2,33.05
18,202,626,103,10,2,35.57
18,202,626,104,10,2,38.12
18,202,626,105,10,2,40.72
18,202,626,106,10,2,32.47
18,202,626,107,10,2,40.68
18,202,626,108,10,2,48.01
18,202,626,109,10,2,52
18,202,626,110,10,2,58
18,202,626,111,10,2,63
18,202,626,112,10,2,67.63
18,202,626,113,10,2,69.51
18,202,626,114,10,2,71.26
18,202,626,115,10,2,72.7453
18,202,626,116,10,2,74.0356
18,202,626,117,10,2,75.1456
18,202,626,118,10,2,76.1299
18,202,626,119,10,2,77.1278
18,202,626,120,10,2,78.0321
18,202,626,121,10,2,78.8368
18,202,626,122,10,2,79.5249
18,202,626,123,10,2,80.2133
18,202,626,124,10,2,81.064
18,202,626,125,10,2,81.8034
18,202,626,126,10,2,82.3014
18,202,626,127,10,2,82.9516
18,202,626,128,10,2,83.5987
18,202,626,129,10,2,84.1593
18,202,626,130,10,2,84.7902
18,204,626,101,10,2,30.37
18,204,626,102,10,2,33.05
18,204,626,103,10,2,35.57
18,204,626,104,10,2,38.12
18,204,626,105,10,2,40.72
18,204,626,106,10,2,32.47
18,204,626,107,10,2,40.68
18,204,626,108,10,2,48.01
18,204,626,109,10,2,52
18,204,626,110,10,2,58
18,204,626,111,10,2,63
18,204,626,112,10,2,67.63
18,204,626,113,10,2,69.51
18,204,626,114,10,2,71.26
18,204,626,115,10,2,71.5593
18,204,626,116,10,2,72.4063
18,204,626,117,10,2,73.2487
18,204,626,118,10,2,73.8959
18,204,626,119,10,2,74.4806
18,204,626,120,10,2,75.098
18,204,626,121,10,2,75.7927
18,204,626,122,10,2,76.4752
18,204,626,123,10,2,76.9643
18,204,626,124,10,2,77.5356
18,204,626,125,10,2,78.0256
18,204,626,126,10,2,78.5631
18,204,626,127,10,2,79.0482
18,204,626,128,10,2,79.4828
18,204,626,129,10,2,79.8153
18,204,626,130,10,2,80.465
18,203,626,101,10,2,30.37
18,203,626,102,10,2,33.05
18,203,626,103,10,2,35.57
18,203,626,104,10,2,38.12
18,203,626,105,10,2,40.72
18,203,626,106,10,2,32.47
18,203,626,107,10,2,40.68
18,203,626,108,10,2,48.01
18,203,626,109,10,2,52
18,203,626,110,10,2,58
18,203,626,111,10,2,63
18,203,626,112,10,2,67.63
18,203,626,113,10,2,69.51
18,203,626,114,10,2,71.26
18,203,626,115,10,2,74.053
18,203,626,116,10,2,75.7785
18,203,626,117,10,2,77.2928
18,203,626,118,10,2,78.4592
18,203,626,119,10,2,79.5423
18,203,626,120,10,2,80.7808
18,203,626,121,10,2,81.6566
18,203,626,122,10,2,82.4981
18,203,626,123,10,2,83.3995
18,203,626,124,10,2,84.414
18,203,626,125,10,2,85.0962
18,203,626,126,10,2,85.783
18,203,626,127,10,2,86.5546
18,203,626,128,10,2,87.3295
18,203,626,129,10,2,87.9113
18,203,626,130,10,2,88.7038
18,207,626,101,10,2,30.37
18,207,626,102,10,2,33.05
18,207,626,103,10,2,35.57
18,207,626,104,10,2,38.12
18,207,626,105,10,2,40.72
18,207,626,106,10,2,32.47
18,207,626,107,10,2,40.68
18,207,626,108,10,2,48.01
18,207,626,109,10,2,52
18,207,626,110,10,2,58
18,207,626,111,10,2,63
18,207,626,112,10,2,67.63
18,207,626,113,10,2,69.51
18,207,626,114,10,2,71.26
18,207,626,115,10,2,70.9116
18,207,626,116,10,2,71.7657
18,207,626,117,10,2,72.2119
18,207,626,118,10,2,72.7547
18,207,626,119,10,2,73.2385
18,207,626,120,10,2,73.8255
18,207,626,121,10,2,74.335
18,207,626,122,10,2,74.8453
18,207,626,123,10,2,75.1706
18,207,626,124,10,2,75.7856
18,207,626,125,10,2,76.1846
18,207,626,126,10,2,76.6514
18,207,626,127,10,2,77.1084
18,207,626,128,10,2,77.5909
18,207,626,129,10,2,78.0113
18,207,626,130,10,2,78.3231
18,206,626,101,10,2,30.37
18,206,626,102,10,2,33.05
18,206,626,103,10,2,35.57
18,206,626,104,10,2,38.12
18,206,626,105,10,2,40.72
18,206,626,106,10,2,32.47
18,206,626,107,10,2,40.68
18,206,626,108,10,2,48.01
18,206,626,109,10,2,52
18,206,626,110,10,2,58
18,206,626,111,10,2,63
18,206,626,112,10,2,67.63
18,206,626,113,10,2,69.51
18,206,626,114,10,2,71.26
18,206,626,115,10,2,74.7632
18,206,626,116,10,2,76.6875
18,206,626,117,10,2,78.2846
18,206,626,118,10,2,79.7121
18,206,626,119,10,2,80.9643
18,206,626,120,10,2,81.9514
18,206,626,121,10,2,83.127
18,206,626,122,10,2,84.2063
18,206,626,123,10,2,84.891
18,206,626,124,10,2,85.8711
18,206,626,125,10,2,86.8505
18,206,626,126,10,2,87.6364
18,206,626,127,10,2,88.3761
18,206,626,128,10,2,89.1965
18,206,626,129,10,2,89.9275
18,206,626,130,10,2,90.6444
18,8,626,101,10,2,30.37
18,8,626,102,10,2,33.05
18,8,626,103,10,2,35.57
18,8,626,104,10,2,38.12
18,8,626,105,10,2,40.72
18,8,626,106,10,2,32.47
18,8,626,107,10,2,40.68
18,8,626,108,10,2,48.01
18,8,626,109,10,2,52
18,8,626,110,10,2,58
18,8,626,111,10,2,63
18,8,626,112,10,2,67.63
18,8,626,113,10,2,69.51
18,8,626,114,10,2,71.26
18,8,626,115,10,2,71.26
18,8,626,116,10,2,71.26
18,8,626,117,10,2,71.26
18,8,626,118,10,2,71.26
18,8,626,119,10,2,71.26
18,8,626,120,10,2,71.26
18,8,626,121,10,2,71.26
18,8,626,122,10,2,71.26
18,8,626,123,10,2,71.26
18,8,626,124,10,2,71.26
18,8,626,125,10,2,71.26
18,8,626,126,10,2,71.26
18,8,626,127,10,2,71.26
18,8,626,128,10,2,71.26
18,8,626,129,10,2,71.26
18,8,626,130,10,2,71.26
18,202,704,101,10,2,56.52
18,202,704,102,10,2,60.72
18,202,704,103,10,2,64.37
18,202,704,104,10,2,67.08
18,202,704,105,10,2,63.49
18,202,704,106,10,2,70.64
18,202,704,107,10,2,72.52
18,202,704,108,10,2,74.22
18,202,704,109,10,2,75.96
18,202,704,110,10,2,77.21
18,202,704,111,10,2,78.1
18,202,704,112,10,2,78.67
18,202,704,113,10,2,79.06
18,202,704,114,10,2,79.4
18,202,704,115,10,2,79.902
18,202,704,116,10,2,80.4359
18,202,704,117,10,2,80.9496
18,202,704,118,10,2,81.4934
18,202,704,119,10,2,81.9809
18,202,704,120,10,2,82.5354
18,202,704,121,10,2,83.0255
18,202,704,122,10,2,83.6398
18,202,704,123,10,2,84.1652
18,202,704,124,10,2,84.6977
18,202,704,125,10,2,85.2255
18,202,704,126,10,2,85.7029
18,202,704,127,10,2,86.2274
18,202,704,128,10,2,86.7232
18,202,704,129,10,2,87.3116
18,202,704,130,10,2,87.7483
18,204,704,101,10,2,56.52
18,204,704,102,10,2,60.72
18,204,704,103,10,2,64.37
18,204,704,104,10,2,67.08
18,204,704,105,10,2,63.49
18,204,704,106,10,2,70.64
18,204,704,107,10,2,72.52
18,204,704,108,10,2,74.22
18,204,704,109,10,2,75.96
18,204,704,110,10,2,77.21
18,204,704,111,10,2,78.1
18,204,704,112,10,2,78.67
18,204,704,113,10,2,79.06
18,204,704,114,10,2,79.4
18,204,704,115,10,2,79.0138
18,204,704,116,10,2,79.2092
18,204,704,117,10,2,79.4149
18,204,704,118,10,2,79.8026
18,204,704,119,10,2,80.0282
18,204,704,120,10,2,80.4584
18,204,704,121,10,2,80.7442
18,204,704,122,10,2,81.0405
18,204,704,123,10,2,81.5883
18,204,704,124,10,2,81.9442
18,204,704,125,10,2,82.2991
18,204,704,126,10,2,82.5673
18,204,704,127,10,2,83.0107
18,204,704,128,10,2,83.4368
18,204,704,129,10,2,83.761
18,204,704,130,10,2,84.1218
18,203,704,101,10,2,56.52
18,203,704,102,10,2,60.72
18,203,704,103,10,2,64.37
18,203,704,104,10,2,67.08
18,203,704,105,10,2,63.49
18,203,704,106,10,2,70.64
18,203,704,107,10,2,72.52
18,203,704,108,10,2,74.22
18,203,704,109,10,2,75.96
18,203,704,110,10,2,77.21
18,203,704,111,10,2,78.1
18,203,704,112,10,2,78.67
18,203,704,113,10,2,79.06
18,203,704,114,10,2,79.4
18,203,704,115,10,2,80.7392
18,203,704,116,10,2,81.5514
18,203,704,117,10,2,82.3434
18,203,704,118,10,2,83.1229
18,203,704,119,10,2,83.8207
18,203,704,120,10,2,84.5963
18,203,704,121,10,2,85.341
18,203,704,122,10,2,86.048
18,203,704,123,10,2,86.6007
18,203,704,124,10,2,87.2238
18,203,704,125,10,2,87.8528
18,203,704,126,10,2,88.5682
18,203,704,127,10,2,89.1568
18,203,704,128,10,2,89.7836
18,203,704,129,10,2,90.4859
18,203,704,130,10,2,91.0728
18,207,704,101,10,2,56.52
18,207,704,102,10,2,60.72
18,207,704,103,10,2,64.37
18,207,704,104,10,2,67.08
18,207,704,105,10,2,63.49
18,207,704,106,10,2,70.64
18,207,704,107,10,2,72.52
18,207,704,108,10,2,74.22
18,207,704,109,10,2,75.96
18,207,704,110,10,2,77.21
18,207,704,111,10,2,78.1
18,207,704,112,10,2,78.67
18,207,704,113,10,2,79.06
18,207,704,114,10,2,79.4
18,207,704,115,10,2,78.4922
18,207,704,116,10,2,78.5196
18,207,704,117,10,2,78.5795
18,207,704,118,10,2,78.7249
18,207,704,119,10,2,78.9756
18,207,704,120,10,2,79.2535
18,207,704,121,10,2,79.4726
18,207,704,122,10,2,79.6425
18,207,704,123,10,2,79.9398
18,207,704,124,10,2,80.1414
18,207,704,125,10,2,80.3181
18,207,704,126,10,2,80.5952
18,207,704,127,10,2,80.755
18,207,704,128,10,2,81.2653
18,207,704,129,10,2,81.4028
18,207,704,130,10,2,81.9538
18,206,704,101,10,2,56.52
18,206,704,102,10,2,60.72
18,206,704,103,10,2,64.37
18,206,704,104,10,2,67.08
18,206,704,105,10,2,63.49
18,206,704,106,10,2,70.64
18,206,704,107,10,2,72.52
18,206,704,108,10,2,74.22
18,206,704,109,10,2,75.96
18,206,704,110,10,2,77.21
18,206,704,111,10,2,78.1
18,206,704,112,10,2,78.67
18,206,704,113,10,2,79.06
18,206,704,114,10,2,79.4
18,206,704,115,10,2,81.1609
18,206,704,116,10,2,82.2299
18,206,704,117,10,2,83.0109
18,206,704,118,10,2,84.0121
18,206,704,119,10,2,84.6303
18,206,704,120,10,2,85.447
18,206,704,121,10,2,86.2378
18,206,704,122,10,2,87.0529
18,206,704,123,10,2,87.5946
18,206,704,124,10,2,88.477
18,206,704,125,10,2,89.1065
18,206,704,126,10,2,89.9173
18,206,704,127,10,2,90.4561
18,206,704,128,10,2,91.3138
18,206,704,129,10,2,91.7741
18,206,704,130,10,2,92.7262
18,8,704,101,10,2,56.52
18,8,704,102,10,2,60.72
18,8,704,103,10,2,64.37
18,8,704,104,10,2,67.08
18,8,704,105,10,2,63.49
18,8,704,106,10,2,70.64
18,8,704,107,10,2,72.52
18,8,704,108,10,2,74.22
18,8,704,109,10,2,75.96
18,8,704,110,10,2,77.21
18,8,704,111,10,2,78.1
18,8,704,112,10,2,78.67
18,8,704,113,10,2,79.06
18,8,704,114,10,2,79.4
18,8,704,115,10,2,79.4
18,8,704,116,10,2,79.4
18,8,704,117,10,2,79.4
18,8,704,118,10,2,79.4
18,8,704,119,10,2,79.4
18,8,704,120,10,2,79.4
18,8,704,121,10,2,79.4
18,8,704,122,10,2,79.4
18,8,704,123,10,2,79.4
18,8,704,124,10,2,79.4
18,8,704,125,10,2,79.4
18,8,704,126,10,2,79.4
18,8,704,127,10,2,79.4
18,8,704,128,10,2,79.4
18,8,704,129,10,2,79.4
18,8,704,130,10,2,79.4
18,202,28,101,10,2,58.8
18,202,28,102,10,2,61.37
18,202,28,103,10,2,64.33
18,202,28,104,10,2,66.54
18,202,28,105,10,2,67.86
18,202,28,106,10,2,69.35
18,202,28,107,10,2,71.05
18,202,28,108,10,2,72.65
18,202,28,109,10,2,73.79
18,202,28,110,10,2,74.83
18,202,28,111,10,2,75.86
18,202,28,112,10,2,76.76
18,202,28,113,10,2,77.42
18,202,28,114,10,2,77.91
18,202,28,115,10,2,78.602
18,202,28,116,10,2,79.3346
18,202,28,117,10,2,80.0586
18,202,28,118,10,2,80.7667
18,202,28,119,10,2,81.3782
18,202,28,120,10,2,82.0661
18,202,28,121,10,2,82.6707
18,202,28,122,10,2,83.2946
18,202,28,123,10,2,83.8494
18,202,28,124,10,2,84.4443
18,202,28,125,10,2,84.9785
18,202,28,126,10,2,85.6429
18,202,28,127,10,2,86.1921
18,202,28,128,10,2,86.7549
18,202,28,129,10,2,87.319
18,202,28,130,10,2,87.8888
18,204,28,101,10,2,58.8
18,204,28,102,10,2,61.37
18,204,28,103,10,2,64.33
18,204,28,104,10,2,66.54
18,204,28,105,10,2,67.86
18,204,28,106,10,2,69.35
18,204,28,107,10,2,71.05
18,204,28,108,10,2,72.65
18,204,28,109,10,2,73.79
18,204,28,110,10,2,74.83
18,204,28,111,10,2,75.86
18,204,28,112,10,2,76.76
18,204,28,113,10,2,77.42
18,204,28,114,10,2,77.91
18,204,28,115,10,2,77.8044
18,204,28,116,10,2,78.0642
18,204,28,117,10,2,78.5347
18,204,28,118,10,2,78.9311
18,204,28,119,10,2,79.3489
18,204,28,120,10,2,79.7732
18,204,28,121,10,2,80.2111
18,204,28,122,10,2,80.6582
18,204,28,123,10,2,81.115
18,204,28,124,10,2,81.6453
18,204,28,125,10,2,82.0249
18,204,28,126,10,2,82.7198
18,204,28,127,10,2,83.1207
18,204,28,128,10,2,83.6075
18,204,28,129,10,2,84.0397
18,204,28,130,10,2,84.5215
18,203,28,101,10,2,58.8
18,203,28,102,10,2,61.37
18,203,28,103,10,2,64.33
18,203,28,104,10,2,66.54
18,203,28,105,10,2,67.86
18,203,28,106,10,2,69.35
18,203,28,107,10,2,71.05
18,203,28,108,10,2,72.65
18,203,28,109,10,2,73.79
18,203,28,110,10,2,74.83
18,203,28,111,10,2,75.86
18,203,28,112,10,2,76.76
18,203,28,113,10,2,77.42
18,203,28,114,10,2,77.91
18,203,28,115,10,2,79.4615
18,203,28,116,10,2,80.6255
18,203,28,117,10,2,81.4878
18,203,28,118,10,2,82.4396
18,203,28,119,10,2,83.3001
18,203,28,120,10,2,83.9842
18,203,28,121,10,2,84.7626
18,203,28,122,10,2,85.4657
18,203,28,123,10,2,86.2901
18,203,28,124,10,2,86.9047
18,203,28,125,10,2,87.6647
18,203,28,126,10,2,88.3548
18,203,28,127,10,2,88.9271
18,203,28,128,10,2,89.6092
18,203,28,129,10,2,90.1821
18,203,28,130,10,2,90.791
18,207,28,101,10,2,58.8
18,207,28,102,10,2,61.37
18,207,28,103,10,2,64.33
18,207,28,104,10,2,66.54
18,207,28,105,10,2,67.86
18,207,28,106,10,2,69.35
18,207,28,107,10,2,71.05
18,207,28,108,10,2,72.65
18,207,28,109,10,2,73.79
18,207,28,110,10,2,74.83
18,207,28,111,10,2,75.86
18,207,28,112,10,2,76.76
18,207,28,113,10,2,77.42
18,207,28,114,10,2,77.91
18,207,28,115,10,2,77.4254
18,207,28,116,10,2,77.423
18,207,28,117,10,2,77.6922
18,207,28,118,10,2,77.878
18,207,28,119,10,2,78.3456
18,207,28,120,10,2,78.5272
18,207,28,121,10,2,78.7536
18,207,28,122,10,2,79.0572
18,207,28,123,10,2,79.418
18,207,28,124,10,2,79.5938
18,207,28,125,10,2,80.208
18,207,28,126,10,2,80.6889
18,207,28,127,10,2,81.1285
18,207,28,128,10,2,81.658
18,207,28,129,10,2,81.9028
18,207,28,130,10,2,82.3468
18,206,28,101,10,2,58.8
18,206,28,102,10,2,61.37
18,206,28,103,10,2,64.33
18,206,28,104,10,2,66.54
18,206,28,105,10,2,67.86
18,206,28,106,10,2,69.35
18,206,28,107,10,2,71.05
18,206,28,108,10,2,72.65
18,206,28,109,10,2,73.79
18,206,28,110,10,2,74.83
18,206,28,111,10,2,75.86
18,206,28,112,10,2,76.76
18,206,28,113,10,2,77.42
18,206,28,114,10,2,77.91
18,206,28,115,10,2,79.9702
18,206,28,116,10,2,81.2921
18,206,28,117,10,2,82.4088
18,206,28,118,10,2,83.3016
18,206,28,119,10,2,84.2438
18,206,28,120,10,2,84.9813
18,206,28,121,10,2,85.9899
18,206,28,122,10,2,86.7074
18,206,28,123,10,2,87.4797
18,206,28,124,10,2,88.2247
18,206,28,125,10,2,88.9692
18,206,28,126,10,2,89.6997
18,206,28,127,10,2,90.4739
18,206,28,128,10,2,91.4539
18,206,28,129,10,2,92.1629
18,206,28,130,10,2,92.6631
18,8,28,101,10,2,58.8
18,8,28,102,10,2,61.37
18,8,28,103,10,2,64.33
18,8,28,104,10,2,66.54
18,8,28,105,10,2,67.86
18,8,28,106,10,2,69.35
18,8,28,107,10,2,71.05
18,8,28,108,10,2,72.65
18,8,28,109,10,2,73.79
18,8,28,110,10,2,74.83
18,8,28,111,10,2,75.86
18,8,28,112,10,2,76.76
18,8,28,113,10,2,77.42
18,8,28,114,10,2,77.91
18,8,28,115,10,2,77.91
18,8,28,116,10,2,77.91
18,8,28,117,10,2,77.91
18,8,28,118,10,2,77.91
18,8,28,119,10,2,77.91
18,8,28,120,10,2,77.91
18,8,28,121,10,2,77.91
18,8,28,122,10,2,77.91
18,8,28,123,10,2,77.91
18,8,28,124,10,2,77.91
18,8,28,125,10,2,77.91
18,8,28,126,10,2,77.91
18,8,28,127,10,2,77.91
18,8,28,128,10,2,77.91
18,8,28,129,10,2,77.91
18,8,28,130,10,2,77.91
18,202,533,101,10,2,61.6
18,202,533,102,10,2,65.6
18,202,533,103,10,2,68.3
18,202,533,104,10,2,70
18,202,533,105,10,2,72.6
18,202,533,106,10,2,74.3
18,202,533,107,10,2,75.2
18,202,533,108,10,2,75.8
18,202,533,109,10,2,76
18,202,533,110,10,2,76.2
18,202,533,111,10,2,76.39
18,202,533,112,10,2,77.09
18,202,533,113,10,2,77.76
18,202,533,114,10,2,78.44
18,202,533,115,10,2,79.0265
18,202,533,116,10,2,79.7264
18,202,533,117,10,2,80.3414
18,202,533,118,10,2,81.0008
18,202,533,119,10,2,81.5524
18,202,533,120,10,2,82.1811
18,202,533,121,10,2,82.7785
18,202,533,122,10,2,83.3401
18,202,533,123,10,2,83.8422
18,202,533,124,10,2,84.4076
18,202,533,125,10,2,84.8942
18,202,533,126,10,2,85.4567
18,202,533,127,10,2,85.9746
18,202,533,128,10,2,86.5049
18,202,533,129,10,2,87.0353
18,202,533,130,10,2,87.5665
18,204,533,101,10,2,61.6
18,204,533,102,10,2,65.6
18,204,533,103,10,2,68.3
18,204,533,104,10,2,70
18,204,533,105,10,2,72.6
18,204,533,106,10,2,74.3
18,204,533,107,10,2,75.2
18,204,533,108,10,2,75.8
18,204,533,109,10,2,76
18,204,533,110,10,2,76.2
18,204,533,111,10,2,76.39
18,204,533,112,10,2,77.09
18,204,533,113,10,2,77.76
18,204,533,114,10,2,78.44
18,204,533,115,10,2,78.182
18,204,533,116,10,2,78.4821
18,204,533,117,10,2,78.7927
18,204,533,118,10,2,79.1754
18,204,533,119,10,2,79.6327
18,204,533,120,10,2,79.9843
18,204,533,121,10,2,80.3012
18,204,533,122,10,2,80.838
18,204,533,123,10,2,81.1492
18,204,533,124,10,2,81.5389
18,204,533,125,10,2,82.0208
18,204,533,126,10,2,82.4191
18,204,533,127,10,2,82.7234
18,204,533,128,10,2,83.0591
18,204,533,129,10,2,83.5369
18,204,533,130,10,2,84.0975
18,203,533,101,10,2,61.6
18,203,533,102,10,2,65.6
18,203,533,103,10,2,68.3
18,203,533,104,10,2,70
18,203,533,105,10,2,72.6
18,203,533,106,10,2,74.3
18,203,533,107,10,2,75.2
18,203,533,108,10,2,75.8
18,203,533,109,10,2,76
18,203,533,110,10,2,76.2
18,203,533,111,10,2,76.39
18,203,533,112,10,2,77.09
18,203,533,113,10,2,77.76
18,203,533,114,10,2,78.44
18,203,533,115,10,2,79.923
18,203,533,116,10,2,80.9244
18,203,533,117,10,2,81.8424
18,203,533,118,10,2,82.712
18,203,533,119,10,2,83.4819
18,203,533,120,10,2,84.1467
18,203,533,121,10,2,84.965
18,203,533,122,10,2,85.7127
18,203,533,123,10,2,86.3539
18,203,533,124,10,2,87.0041
18,203,533,125,10,2,87.7169
18,203,533,126,10,2,88.3594
18,203,533,127,10,2,89.0557
18,203,533,128,10,2,89.7498
18,203,533,129,10,2,90.3286
18,203,533,130,10,2,90.9402
18,207,533,101,10,2,61.6
18,207,533,102,10,2,65.6
18,207,533,103,10,2,68.3
18,207,533,104,10,2,70
18,207,533,105,10,2,72.6
18,207,533,106,10,2,74.3
18,207,533,107,10,2,75.2
18,207,533,108,10,2,75.8
18,207,533,109,10,2,76
18,207,533,110,10,2,76.2
18,207,533,111,10,2,76.39
18,207,533,112,10,2,77.09
18,207,533,113,10,2,77.76
18,207,533,114,10,2,78.44
18,207,533,115,10,2,77.7464
18,207,533,116,10,2,77.8001
18,207,533,117,10,2,77.968
18,207,533,118,10,2,78.051
18,207,533,119,10,2,78.3378
18,207,533,120,10,2,78.6704
18,207,533,121,10,2,78.9276
18,207,533,122,10,2,79.2097
18,207,533,123,10,2,79.5916
18,207,533,124,10,2,80.0181
18,207,533,125,10,2,80.4018
18,207,533,126,10,2,80.6929
18,207,533,127,10,2,80.7959
18,207,533,128,10,2,81.2378
18,207,533,129,10,2,81.4562
18,207,533,130,10,2,81.5914
18,206,533,101,10,2,61.6
18,206,533,102,10,2,65.6
18,206,533,103,10,2,68.3
18,206,533,104,10,2,70
18,206,533,105,10,2,72.6
18,206,533,106,10,2,74.3
18,206,533,107,10,2,75.2
18,206,533,108,10,2,75.8
18,206,533,109,10,2,76
18,206,533,110,10,2,76.2
18,206,533,111,10,2,76.39
18,206,533,112,10,2,77.09
18,206,533,113,10,2,77.76
18,206,533,114,10,2,78.44
18,206,533,115,10,2,80.4659
18,206,533,116,10,2,81.6116
18,206,533,117,10,2,82.613
18,206,533,118,10,2,83.6094
18,206,533,119,10,2,84.465
18,206,533,120,10,2,85.1596
18,206,533,121,10,2,85.9737
18,206,533,122,10,2,86.7391
18,206,533,123,10,2,87.5276
18,206,533,124,10,2,88.2087
18,206,533,125,10,2,88.9032
18,206,533,126,10,2,89.6692
18,206,533,127,10,2,90.4059
18,206,533,128,10,2,90.8897
18,206,533,129,10,2,91.625
18,206,533,130,10,2,92.6985
18,8,533,101,10,2,61.6
18,8,533,102,10,2,65.6
18,8,533,103,10,2,68.3
18,8,533,104,10,2,70
18,8,533,105,10,2,72.6
18,8,533,106,10,2,74.3
18,8,533,107,10,2,75.2
18,8,533,108,10,2,75.8
18,8,533,109,10,2,76
18,8,533,110,10,2,76.2
18,8,533,111,10,2,76.39
18,8,533,112,10,2,77.09
18,8,533,113,10,2,77.76
18,8,533,114,10,2,78.44
18,8,533,115,10,2,78.44
18,8,533,116,10,2,78.44
18,8,533,117,10,2,78.44
18,8,533,118,10,2,78.44
18,8,533,119,10,2,78.44
18,8,533,120,10,2,78.44
18,8,533,121,10,2,78.44
18,8,533,122,10,2,78.44
18,8,533,123,10,2,78.44
18,8,533,124,10,2,78.44
18,8,533,125,10,2,78.44
18,8,533,126,10,2,78.44
18,8,533,127,10,2,78.44
18,8,533,128,10,2,78.44
18,8,533,129,10,2,78.44
18,8,533,130,10,2,78.44
18,202,44,101,10,2,64.73
18,202,44,102,10,2,65.91
18,202,44,103,10,2,66.83
18,202,44,104,10,2,67.84
18,202,44,105,10,2,69.12
18,202,44,106,10,2,70.17
18,202,44,107,10,2,71
18,202,44,108,10,2,72.7
18,202,44,109,10,2,74.5
18,202,44,110,10,2,75.19
18,202,44,111,10,2,74.97
18,202,44,112,10,2,74.65
18,202,44,113,10,2,74.79
18,202,44,114,10,2,75.88
18,202,44,115,10,2,76.509
18,202,44,116,10,2,77.076
18,202,44,117,10,2,77.6754
18,202,44,118,10,2,78.2672
18,202,44,119,10,2,78.9566
18,202,44,120,10,2,79.4043
18,202,44,121,10,2,80.0153
18,202,44,122,10,2,80.6019
18,202,44,123,10,2,81.1012
18,202,44,124,10,2,81.6786
18,202,44,125,10,2,82.2392
18,202,44,126,10,2,82.7705
18,202,44,127,10,2,83.3912
18,202,44,128,10,2,83.947
18,202,44,129,10,2,84.4867
18,202,44,130,10,2,85.0392
18,204,44,101,10,2,64.73
18,204,44,102,10,2,65.91
18,204,44,103,10,2,66.83
18,204,44,104,10,2,67.84
18,204,44,105,10,2,69.12
18,204,44,106,10,2,70.17
18,204,44,107,10,2,71
18,204,44,108,10,2,72.7
18,204,44,109,10,2,74.5
18,204,44,110,10,2,75.19
18,204,44,111,10,2,74.97
18,204,44,112,10,2,74.65
18,204,44,113,10,2,74.79
18,204,44,114,10,2,75.88
18,204,44,115,10,2,75.5949
18,204,44,116,10,2,75.7063
18,204,44,117,10,2,76.0491
18,204,44,118,10,2,76.3323
18,204,44,119,10,2,76.6142
18,204,44,120,10,2,77.0123
18,204,44,121,10,2,77.4326
18,204,44,122,10,2,77.711
18,204,44,123,10,2,78.0982
18,204,44,124,10,2,78.5058
18,204,44,125,10,2,79.0218
18,204,44,126,10,2,79.4275
18,204,44,127,10,2,79.7348
18,204,44,128,10,2,80.208
18,204,44,129,10,2,80.5449
18,204,44,130,10,2,81.1317
18,203,44,101,10,2,64.73
18,203,44,102,10,2,65.91
18,203,44,103,10,2,66.83
18,203,44,104,10,2,67.84
18,203,44,105,10,2,69.12
18,203,44,106,10,2,70.17
18,203,44,107,10,2,71
18,203,44,108,10,2,72.7
18,203,44,109,10,2,74.5
18,203,44,110,10,2,75.19
18,203,44,111,10,2,74.97
18,203,44,112,10,2,74.65
18,203,44,113,10,2,74.79
18,203,44,114,10,2,75.88
18,203,44,115,10,2,77.4429
18,203,44,116,10,2,78.4527
18,203,44,117,10,2,79.3903
18,203,44,118,10,2,80.1565
18,203,44,119,10,2,80.8831
18,203,44,120,10,2,81.571
18,203,44,121,10,2,82.2552
18,203,44,122,10,2,83.0358
18,203,44,123,10,2,83.8112
18,203,44,124,10,2,84.4246
18,203,44,125,10,2,85.0907
18,203,44,126,10,2,85.9458
18,203,44,127,10,2,86.5795
18,203,44,128,10,2,87.2165
18,203,44,129,10,2,87.9033
18,203,44,130,10,2,88.5523
18,207,44,101,10,2,64.73
18,207,44,102,10,2,65.91
18,207,44,103,10,2,66.83
18,207,44,104,10,2,67.84
18,207,44,105,10,2,69.12
18,207,44,106,10,2,70.17
18,207,44,107,10,2,71
18,207,44,108,10,2,72.7
18,207,44,109,10,2,74.5
18,207,44,110,10,2,75.19
18,207,44,111,10,2,74.97
18,207,44,112,10,2,74.65
18,207,44,113,10,2,74.79
18,207,44,114,10,2,75.88
18,207,44,115,10,2,75.0662
18,207,44,116,10,2,75.0123
18,207,44,117,10,2,75.0735
18,207,44,118,10,2,75.2539
18,207,44,119,10,2,75.4703
18,207,44,120,10,2,75.8007
18,207,44,121,10,2,75.8275
18,207,44,122,10,2,76.2446
18,207,44,123,10,2,76.2202
18,207,44,124,10,2,76.7772
18,207,44,125,10,2,77.2432
18,207,44,126,10,2,77.463
18,207,44,127,10,2,77.8623
18,207,44,128,10,2,78.2974
18,207,44,129,10,2,78.7233
18,207,44,130,10,2,78.9245
18,206,44,101,10,2,64.73
18,206,44,102,10,2,65.91
18,206,44,103,10,2,66.83
18,206,44,104,10,2,67.84
18,206,44,105,10,2,69.12
18,206,44,106,10,2,70.17
18,206,44,107,10,2,71
18,206,44,108,10,2,72.7
18,206,44,109,10,2,74.5
18,206,44,110,10,2,75.19
18,206,44,111,10,2,74.97
18,206,44,112,10,2,74.65
18,206,44,113,10,2,74.79
18,206,44,114,10,2,75.88
18,206,44,115,10,2,77.8543
18,206,44,116,10,2,79.0569
18,206,44,117,10,2,80.1314
18,206,44,118,10,2,81.1223
18,206,44,119,10,2,81.988
18,206,44,120,10,2,82.8
18,206,44,121,10,2,83.6186
18,206,44,122,10,2,84.3337
18,206,44,123,10,2,85.2042
18,206,44,124,10,2,85.974
18,206,44,125,10,2,86.5699
18,206,44,126,10,2,87.3309
18,206,44,127,10,2,88.035
18,206,44,128,10,2,88.7879
18,206,44,129,10,2,89.51
18,206,44,130,10,2,90.0469
18,8,44,101,10,2,64.73
18,8,44,102,10,2,65.91
18,8,44,103,10,2,66.83
18,8,44,104,10,2,67.84
18,8,44,105,10,2,69.12
18,8,44,106,10,2,70.17
18,8,44,107,10,2,71
18,8,44,108,10,2,72.7
18,8,44,109,10,2,74.5
18,8,44,110,10,2,75.19
18,8,44,111,10,2,74.97
18,8,44,112,10,2,74.65
18,8,44,113,10,2,74.79
18,8,44,114,10,2,75.88
18,8,44,115,10,2,75.88
18,8,44,116,10,2,75.88
18,8,44,117,10,2,75.88
18,8,44,118,10,2,75.88
18,8,44,119,10,2,75.88
18,8,44,120,10,2,75.88
18,8,44,121,10,2,75.88
18,8,44,122,10,2,75.88
18,8,44,123,10,2,75.88
18,8,44,124,10,2,75.88
18,8,44,125,10,2,75.88
18,8,44,126,10,2,75.88
18,8,44,127,10,2,75.88
18,8,44,128,10,2,75.88
18,8,44,129,10,2,75.88
18,8,44,130,10,2,75.88
18,202,52,101,10,2,58.32
18,202,52,102,10,2,64.49
18,202,52,103,10,2,68.19
18,202,52,104,10,2,70.29
18,202,52,105,10,2,71.62
18,202,52,106,10,2,73.63
18,202,52,107,10,2,75.11
18,202,52,108,10,2,76.14
18,202,52,109,10,2,77.17
18,202,52,110,10,2,78.46
18,202,52,111,10,2,79.28
18,202,52,112,10,2,79.65
18,202,52,113,10,2,79.98
18,202,52,114,10,2,80.35
18,202,52,115,10,2,81.0024
18,202,52,116,10,2,81.6228
18,202,52,117,10,2,82.3473
18,202,52,118,10,2,82.9227
18,202,52,119,10,2,83.4524
18,202,52,120,10,2,84.0978
18,202,52,121,10,2,84.6793
18,202,52,122,10,2,85.2118
18,202,52,123,10,2,85.8563
18,202,52,124,10,2,86.41
18,202,52,125,10,2,86.9936
18,202,52,126,10,2,87.471
18,202,52,127,10,2,87.9695
18,202,52,128,10,2,88.525
18,202,52,129,10,2,88.9928
18,202,52,130,10,2,89.554
18,204,52,101,10,2,58.32
18,204,52,102,10,2,64.49
18,204,52,103,10,2,68.19
18,204,52,104,10,2,70.29
18,204,52,105,10,2,71.62
18,204,52,106,10,2,73.63
18,204,52,107,10,2,75.11
18,204,52,108,10,2,76.14
18,204,52,109,10,2,77.17
18,204,52,110,10,2,78.46
18,204,52,111,10,2,79.28
18,204,52,112,10,2,79.65
18,204,52,113,10,2,79.98
18,204,52,114,10,2,80.35
18,204,52,115,10,2,80.1901
18,204,52,116,10,2,80.4593
18,204,52,117,10,2,80.7591
18,204,52,118,10,2,81.1249
18,204,52,119,10,2,81.742
18,204,52,120,10,2,82.244
18,204,52,121,10,2,82.5838
18,204,52,122,10,2,83.0564
18,204,52,123,10,2,83.5712
18,204,52,124,10,2,83.946
18,204,52,125,10,2,84.2657
18,204,52,126,10,2,84.6068
18,204,52,127,10,2,85.0249
18,204,52,128,10,2,85.4548
18,204,52,129,10,2,85.9215
18,204,52,130,10,2,86.317
18,203,52,101,10,2,58.32
18,203,52,102,10,2,64.49
18,203,52,103,10,2,68.19
18,203,52,104,10,2,70.29
18,203,52,105,10,2,71.62
18,203,52,106,10,2,73.63
18,203,52,107,10,2,75.11
18,203,52,108,10,2,76.14
18,203,52,109,10,2,77.17
18,203,52,110,10,2,78.46
18,203,52,111,10,2,79.28
18,203,52,112,10,2,79.65
18,203,52,113,10,2,79.98
18,203,52,114,10,2,80.35
18,203,52,115,10,2,81.8177
18,203,52,116,10,2,82.7362
18,203,52,117,10,2,83.5396
18,203,52,118,10,2,84.3954
18,203,52,119,10,2,85.2365
18,203,52,120,10,2,86.0384
18,203,52,121,10,2,86.6824
18,203,52,122,10,2,87.4896
18,203,52,123,10,2,88.1412
18,203,52,124,10,2,88.773
18,203,52,125,10,2,89.4551
18,203,52,126,10,2,90.1324
18,203,52,127,10,2,90.7791
18,203,52,128,10,2,91.4727
18,203,52,129,10,2,92.1802
18,203,52,130,10,2,92.7953
18,207,52,101,10,2,58.32
18,207,52,102,10,2,64.49
18,207,52,103,10,2,68.19
18,207,52,104,10,2,70.29
18,207,52,105,10,2,71.62
18,207,52,106,10,2,73.63
18,207,52,107,10,2,75.11
18,207,52,108,10,2,76.14
18,207,52,109,10,2,77.17
18,207,52,110,10,2,78.46
18,207,52,111,10,2,79.28
18,207,52,112,10,2,79.65
18,207,52,113,10,2,79.98
18,207,52,114,10,2,80.35
18,207,52,115,10,2,79.7565
18,207,52,116,10,2,79.8373
18,207,52,117,10,2,80.0909
18,207,52,118,10,2,80.3182
18,207,52,119,10,2,80.7759
18,207,52,120,10,2,81.223
18,207,52,121,10,2,81.1079
18,207,52,122,10,2,81.5972
18,207,52,123,10,2,82.0279
18,207,52,124,10,2,82.3787
18,207,52,125,10,2,82.5554
18,207,52,126,10,2,83.2243
18,207,52,127,10,2,83.5984
18,207,52,128,10,2,83.8852
18,207,52,129,10,2,84.203
18,207,52,130,10,2,84.5215
18,206,52,101,10,2,58.32
18,206,52,102,10,2,64.49
18,206,52,103,10,2,68.19
18,206,52,104,10,2,70.29
18,206,52,105,10,2,71.62
18,206,52,106,10,2,73.63
18,206,52,107,10,2,75.11
18,206,52,108,10,2,76.14
18,206,52,109,10,2,77.17
18,206,52,110,10,2,78.46
18,206,52,111,10,2,79.28
18,206,52,112,10,2,79.65
18,206,52,113,10,2,79.98
18,206,52,114,10,2,80.35
18,206,52,115,10,2,82.2427
18,206,52,116,10,2,83.2668
18,206,52,117,10,2,84.204
18,206,52,118,10,2,85.1301
18,206,52,119,10,2,86.0611
18,206,52,120,10,2,86.9752
18,206,52,121,10,2,87.7362
18,206,52,122,10,2,88.62
18,206,52,123,10,2,89.3738
18,206,52,124,10,2,90.0421
18,206,52,125,10,2,90.7941
18,206,52,126,10,2,91.55
18,206,52,127,10,2,92.2366
18,206,52,128,10,2,93.077
18,206,52,129,10,2,93.7257
18,206,52,130,10,2,94.4763
18,8,52,101,10,2,58.32
18,8,52,102,10,2,64.49
18,8,52,103,10,2,68.19
18,8,52,104,10,2,70.29
18,8,52,105,10,2,71.62
18,8,52,106,10,2,73.63
18,8,52,107,10,2,75.11
18,8,52,108,10,2,76.14
18,8,52,109,10,2,77.17
18,8,52,110,10,2,78.46
18,8,52,111,10,2,79.28
18,8,52,112,10,2,79.65
18,8,52,113,10,2,79.98
18,8,52,114,10,2,80.35
18,8,52,115,10,2,80.35
18,8,52,116,10,2,80.35
18,8,52,117,10,2,80.35
18,8,52,118,10,2,80.35
18,8,52,119,10,2,80.35
18,8,52,120,10,2,80.35
18,8,52,121,10,2,80.35
18,8,52,122,10,2,80.35
18,8,52,123,10,2,80.35
18,8,52,124,10,2,80.35
18,8,52,125,10,2,80.35
18,8,52,126,10,2,80.35
18,8,52,127,10,2,80.35
18,8,52,128,10,2,80.35
18,8,52,129,10,2,80.35
18,8,52,130,10,2,80.35
18,202,192,101,10,2,61.28
18,202,192,102,10,2,64.16
18,202,192,103,10,2,67.11
18,202,192,104,10,2,70.2
18,202,192,105,10,2,72.73
18,202,192,106,10,2,74.91
18,202,192,107,10,2,75.97
18,202,192,108,10,2,76.57
18,202,192,109,10,2,76.73
18,202,192,110,10,2,78.23
18,202,192,111,10,2,79.09
18,202,192,112,10,2,80.14
18,202,192,113,10,2,80.43
18,202,192,114,10,2,80.67
18,202,192,115,10,2,81.3461
18,202,192,116,10,2,82.0388
18,202,192,117,10,2,82.6712
18,202,192,118,10,2,83.3143
18,202,192,119,10,2,83.9617
18,202,192,120,10,2,84.5487
18,202,192,121,10,2,85.1742
18,202,192,122,10,2,85.7257
18,202,192,123,10,2,86.3149
18,202,192,124,10,2,86.8298
18,202,192,125,10,2,87.3786
18,202,192,126,10,2,87.9693
18,202,192,127,10,2,88.4527
18,202,192,128,10,2,89.0879
18,202,192,129,10,2,89.5724
18,202,192,130,10,2,90.0441
18,204,192,101,10,2,61.28
18,204,192,102,10,2,64.16
18,204,192,103,10,2,67.11
18,204,192,104,10,2,70.2
18,204,192,105,10,2,72.73
18,204,192,106,10,2,74.91
18,204,192,107,10,2,75.97
18,204,192,108,10,2,76.57
18,204,192,109,10,2,76.73
18,204,192,110,10,2,78.23
18,204,192,111,10,2,79.09
18,204,192,112,10,2,80.14
18,204,192,113,10,2,80.43
18,204,192,114,10,2,80.67
18,204,192,115,10,2,80.5669
18,204,192,116,10,2,80.8732
18,204,192,117,10,2,81.246
18,204,192,118,10,2,81.6457
18,204,192,119,10,2,82.0907
18,204,192,120,10,2,82.6194
18,204,192,121,10,2,83.148
18,204,192,122,10,2,83.4767
18,204,192,123,10,2,83.8532
18,204,192,124,10,2,84.261
18,204,192,125,10,2,84.7388
18,204,192,126,10,2,84.9749
18,204,192,127,10,2,85.4249
18,204,192,128,10,2,85.6853
18,204,192,129,10,2,86.1953
18,204,192,130,10,2,86.5895
18,203,192,101,10,2,61.28
18,203,192,102,10,2,64.16
18,203,192,103,10,2,67.11
18,203,192,104,10,2,70.2
18,203,192,105,10,2,72.73
18,203,192,106,10,2,74.91
18,203,192,107,10,2,75.97
18,203,192,108,10,2,76.57
18,203,192,109,10,2,76.73
18,203,192,110,10,2,78.23
18,203,192,111,10,2,79.09
18,203,192,112,10,2,80.14
18,203,192,113,10,2,80.43
18,203,192,114,10,2,80.67
18,203,192,115,10,2,82.1564
18,203,192,116,10,2,83.1251
18,203,192,117,10,2,83.928
18,203,192,118,10,2,84.8472
18,203,192,119,10,2,85.5442
18,203,192,120,10,2,86.2939
18,203,192,121,10,2,87.1667
18,203,192,122,10,2,87.8895
18,203,192,123,10,2,88.5632
18,203,192,124,10,2,89.245
18,203,192,125,10,2,89.8764
18,203,192,126,10,2,90.586
18,203,192,127,10,2,91.2572
18,203,192,128,10,2,91.939
18,203,192,129,10,2,92.618
18,203,192,130,10,2,93.3873
18,207,192,101,10,2,61.28
18,207,192,102,10,2,64.16
18,207,192,103,10,2,67.11
18,207,192,104,10,2,70.2
18,207,192,105,10,2,72.73
18,207,192,106,10,2,74.91
18,207,192,107,10,2,75.97
18,207,192,108,10,2,76.57
18,207,192,109,10,2,76.73
18,207,192,110,10,2,78.23
18,207,192,111,10,2,79.09
18,207,192,112,10,2,80.14
18,207,192,113,10,2,80.43
18,207,192,114,10,2,80.67
18,207,192,115,10,2,80.1124
18,207,192,116,10,2,80.2964
18,207,192,117,10,2,80.5237
18,207,192,118,10,2,80.9268
18,207,192,119,10,2,81.1519
18,207,192,120,10,2,81.58
18,207,192,121,10,2,82.0296
18,207,192,122,10,2,82.3686
18,207,192,123,10,2,82.5783
18,207,192,124,10,2,82.9165
18,207,192,125,10,2,83.2282
18,207,192,126,10,2,83.4685
18,207,192,127,10,2,83.8387
18,207,192,128,10,2,84.1454
18,207,192,129,10,2,84.4052
18,207,192,130,10,2,84.6726
18,206,192,101,10,2,61.28
18,206,192,102,10,2,64.16
18,206,192,103,10,2,67.11
18,206,192,104,10,2,70.2
18,206,192,105,10,2,72.73
18,206,192,106,10,2,74.91
18,206,192,107,10,2,75.97
18,206,192,108,10,2,76.57
18,206,192,109,10,2,76.73
18,206,192,110,10,2,78.23
18,206,192,111,10,2,79.09
18,206,192,112,10,2,80.14
18,206,192,113,10,2,80.43
18,206,192,114,10,2,80.67
18,206,192,115,10,2,82.5965
18,206,192,116,10,2,83.6607
18,206,192,117,10,2,84.5526
18,206,192,118,10,2,85.3993
18,206,192,119,10,2,86.3931
18,206,192,120,10,2,87.1221
18,206,192,121,10,2,88.0265
18,206,192,122,10,2,89.0417
18,206,192,123,10,2,89.8907
18,206,192,124,10,2,90.3783
18,206,192,125,10,2,91.1327
18,206,192,126,10,2,91.7516
18,206,192,127,10,2,92.6429
18,206,192,128,10,2,93.4808
18,206,192,129,10,2,94.1919
18,206,192,130,10,2,94.8527
18,8,192,101,10,2,61.28
18,8,192,102,10,2,64.16
18,8,192,103,10,2,67.11
18,8,192,104,10,2,70.2
18,8,192,105,10,2,72.73
18,8,192,106,10,2,74.91
18,8,192,107,10,2,75.97
18,8,192,108,10,2,76.57
18,8,192,109,10,2,76.73
18,8,192,110,10,2,78.23
18,8,192,111,10,2,79.09
18,8,192,112,10,2,80.14
18,8,192,113,10,2,80.43
18,8,192,114,10,2,80.67
18,8,192,115,10,2,80.67
18,8,192,116,10,2,80.67
18,8,192,117,10,2,80.67
18,8,192,118,10,2,80.67
18,8,192,119,10,2,80.67
18,8,192,120,10,2,80.67
18,8,192,121,10,2,80.67
18,8,192,122,10,2,80.67
18,8,192,123,10,2,80.67
18,8,192,124,10,2,80.67
18,8,192,125,10,2,80.67
18,8,192,126,10,2,80.67
18,8,192,127,10,2,80.67
18,8,192,128,10,2,80.67
18,8,192,129,10,2,80.67
18,8,192,130,10,2,80.67
18,202,531,101,10,2,62.23
18,202,531,102,10,2,65.78
18,202,531,103,10,2,68.24
18,202,531,104,10,2,69.96
18,202,531,105,10,2,72.29
18,202,531,106,10,2,74.78
18,202,531,107,10,2,76.39
18,202,531,108,10,2,77.37
18,202,531,109,10,2,77.48
18,202,531,110,10,2,77.82
18,202,531,111,10,2,78.59
18,202,531,112,10,2,79.38
18,202,531,113,10,2,80.7
18,202,531,114,10,2,81.42
18,202,531,115,10,2,82.1285
18,202,531,116,10,2,82.8405
18,202,531,117,10,2,83.5069
18,202,531,118,10,2,84.1299
18,202,531,119,10,2,84.7247
18,202,531,120,10,2,85.3305
18,202,531,121,10,2,85.9597
18,202,531,122,10,2,86.5317
18,202,531,123,10,2,87.1462
18,202,531,124,10,2,87.7626
18,202,531,125,10,2,88.3572
18,202,531,126,10,2,88.8782
18,202,531,127,10,2,89.391
18,202,531,128,10,2,89.9987
18,202,531,129,10,2,90.5304
18,202,531,130,10,2,91.0722
18,204,531,101,10,2,62.23
18,204,531,102,10,2,65.78
18,204,531,103,10,2,68.24
18,204,531,104,10,2,69.96
18,204,531,105,10,2,72.29
18,204,531,106,10,2,74.78
18,204,531,107,10,2,76.39
18,204,531,108,10,2,77.37
18,204,531,109,10,2,77.48
18,204,531,110,10,2,77.82
18,204,531,111,10,2,78.59
18,204,531,112,10,2,79.38
18,204,531,113,10,2,80.7
18,204,531,114,10,2,81.42
18,204,531,115,10,2,81.3885
18,204,531,116,10,2,81.7344
18,204,531,117,10,2,82.1923
18,204,531,118,10,2,82.5377
18,204,531,119,10,2,83.0694
18,204,531,120,10,2,83.5673
18,204,531,121,10,2,83.9571
18,204,531,122,10,2,84.4486
18,204,531,123,10,2,84.8057
18,204,531,124,10,2,85.2523
18,204,531,125,10,2,85.7013
18,204,531,126,10,2,86.1311
18,204,531,127,10,2,86.4871
18,204,531,128,10,2,86.9336
18,204,531,129,10,2,87.3619
18,204,531,130,10,2,87.7805
18,203,531,101,10,2,62.23
18,203,531,102,10,2,65.78
18,203,531,103,10,2,68.24
18,203,531,104,10,2,69.96
18,203,531,105,10,2,72.29
18,203,531,106,10,2,74.78
18,203,531,107,10,2,76.39
18,203,531,108,10,2,77.37
18,203,531,109,10,2,77.48
18,203,531,110,10,2,77.82
18,203,531,111,10,2,78.59
18,203,531,112,10,2,79.38
18,203,531,113,10,2,80.7
18,203,531,114,10,2,81.42
18,203,531,115,10,2,82.904
18,203,531,116,10,2,83.8765
18,203,531,117,10,2,84.7305
18,203,531,118,10,2,85.5863
18,203,531,119,10,2,86.3293
18,203,531,120,10,2,87.0694
18,203,531,121,10,2,87.88
18,203,531,122,10,2,88.6018
18,203,531,123,10,2,89.2506
18,203,531,124,10,2,90.0061
18,203,531,125,10,2,90.669
18,203,531,126,10,2,91.3927
18,203,531,127,10,2,92.0104
18,203,531,128,10,2,92.8311
18,203,531,129,10,2,93.3967
18,203,531,130,10,2,94.057
18,207,531,101,10,2,62.23
18,207,531,102,10,2,65.78
18,207,531,103,10,2,68.24
18,207,531,104,10,2,69.96
18,207,531,105,10,2,72.29
18,207,531,106,10,2,74.78
18,207,531,107,10,2,76.39
18,207,531,108,10,2,77.37
18,207,531,109,10,2,77.48
18,207,531,110,10,2,77.82
18,207,531,111,10,2,78.59
18,207,531,112,10,2,79.38
18,207,531,113,10,2,80.7
18,207,531,114,10,2,81.42
18,207,531,115,10,2,80.9841
18,207,531,116,10,2,81.0583
18,207,531,117,10,2,81.4162
18,207,531,118,10,2,81.7041
18,207,531,119,10,2,82.0203
18,207,531,120,10,2,82.4588
18,207,531,121,10,2,82.7995
18,207,531,122,10,2,83.2554
18,207,531,123,10,2,83.2801
18,207,531,124,10,2,83.7509
18,207,531,125,10,2,84.0415
18,207,531,126,10,2,84.3803
18,207,531,127,10,2,84.8091
18,207,531,128,10,2,85.0405
18,207,531,129,10,2,85.2225
18,207,531,130,10,2,85.5561
18,206,531,101,10,2,62.23
18,206,531,102,10,2,65.78
18,206,531,103,10,2,68.24
18,206,531,104,10,2,69.96
18,206,531,105,10,2,72.29
18,206,531,106,10,2,74.78
18,206,531,107,10,2,76.39
18,206,531,108,10,2,77.37
18,206,531,109,10,2,77.48
18,206,531,110,10,2,77.82
18,206,531,111,10,2,78.59
18,206,531,112,10,2,79.38
18,206,531,113,10,2,80.7
18,206,531,114,10,2,81.42
18,206,531,115,10,2,83.2498
18,206,531,116,10,2,84.4385
18,206,531,117,10,2,85.3444
18,206,531,118,10,2,86.2368
18,206,531,119,10,2,87.1893
18,206,531,120,10,2,88.1299
18,206,531,121,10,2,88.9155
18,206,531,122,10,2,89.6512
18,206,531,123,10,2,90.4095
18,206,531,124,10,2,91.0547
18,206,531,125,10,2,91.8843
18,206,531,126,10,2,92.5195
18,206,531,127,10,2,93.3423
18,206,531,128,10,2,94.0551
18,206,531,129,10,2,94.6791
18,206,531,130,10,2,95.3478
18,8,531,101,10,2,62.23
18,8,531,102,10,2,65.78
18,8,531,103,10,2,68.24
18,8,531,104,10,2,69.96
18,8,531,105,10,2,72.29
18,8,531,106,10,2,74.78
18,8,531,107,10,2,76.39
18,8,531,108,10,2,77.37
18,8,531,109,10,2,77.48
18,8,531,110,10,2,77.82
18,8,531,111,10,2,78.59
18,8,531,112,10,2,79.38
18,8,531,113,10,2,80.7
18,8,531,114,10,2,81.42
18,8,531,115,10,2,81.42
18,8,531,116,10,2,81.42
18,8,531,117,10,2,81.42
18,8,531,118,10,2,81.42
18,8,531,119,10,2,81.42
18,8,531,120,10,2,81.42
18,8,531,121,10,2,81.42
18,8,531,122,10,2,81.42
18,8,531,123,10,2,81.42
18,8,531,124,10,2,81.42
18,8,531,125,10,2,81.42
18,8,531,126,10,2,81.42
18,8,531,127,10,2,81.42
18,8,531,128,10,2,81.42
18,8,531,129,10,2,81.42
18,8,531,130,10,2,81.42
18,202,214,101,10,2,47.36
18,202,214,102,10,2,51.24
18,202,214,103,10,2,54.84
18,202,214,104,10,2,58.12
18,202,214,105,10,2,61.26
18,202,214,106,10,2,63.75
18,202,214,107,10,2,65.81
18,202,214,108,10,2,68
18,202,214,109,10,2,70.25
18,202,214,110,10,2,71.73
18,202,214,111,10,2,73.22
18,202,214,112,10,2,74.64
18,202,214,113,10,2,75.86
18,202,214,114,10,2,77.12
18,202,214,115,10,2,77.9776
18,202,214,116,10,2,78.824
18,202,214,117,10,2,79.5973
18,202,214,118,10,2,80.346
18,202,214,119,10,2,81.0701
18,202,214,120,10,2,81.8065
18,202,214,121,10,2,82.5098
18,202,214,122,10,2,83.263
18,202,214,123,10,2,83.8678
18,202,214,124,10,2,84.4436
18,202,214,125,10,2,85.0684
18,202,214,126,10,2,85.6074
18,202,214,127,10,2,86.129
18,202,214,128,10,2,86.7416
18,202,214,129,10,2,87.3711
18,202,214,130,10,2,87.9171
18,204,214,101,10,2,47.36
18,204,214,102,10,2,51.24
18,204,214,103,10,2,54.84
18,204,214,104,10,2,58.12
18,204,214,105,10,2,61.26
18,204,214,106,10,2,63.75
18,204,214,107,10,2,65.81
18,204,214,108,10,2,68
18,204,214,109,10,2,70.25
18,204,214,110,10,2,71.73
18,204,214,111,10,2,73.22
18,204,214,112,10,2,74.64
18,204,214,113,10,2,75.86
18,204,214,114,10,2,77.12
18,204,214,115,10,2,77.1013
18,204,214,116,10,2,77.5146
18,204,214,117,10,2,77.9798
18,204,214,118,10,2,78.4625
18,204,214,119,10,2,78.9118
18,204,214,120,10,2,79.4542
18,204,214,121,10,2,80.0239
18,204,214,122,10,2,80.6446
18,204,214,123,10,2,81.1557
18,204,214,124,10,2,81.6639
18,204,214,125,10,2,82.2062
18,204,214,126,10,2,82.6637
18,204,214,127,10,2,83.1536
18,204,214,128,10,2,83.8045
18,204,214,129,10,2,84.2129
18,204,214,130,10,2,84.6923
18,203,214,101,10,2,47.36
18,203,214,102,10,2,51.24
18,203,214,103,10,2,54.84
18,203,214,104,10,2,58.12
18,203,214,105,10,2,61.26
18,203,214,106,10,2,63.75
18,203,214,107,10,2,65.81
18,203,214,108,10,2,68
18,203,214,109,10,2,70.25
18,203,214,110,10,2,71.73
18,203,214,111,10,2,73.22
18,203,214,112,10,2,74.64
18,203,214,113,10,2,75.86
18,203,214,114,10,2,77.12
18,203,214,115,10,2,78.959
18,203,214,116,10,2,80.0893
18,203,214,117,10,2,81.2383
18,203,214,118,10,2,82.0396
18,203,214,119,10,2,82.9843
18,203,214,120,10,2,83.7494
18,203,214,121,10,2,84.5959
18,203,214,122,10,2,85.1918
18,203,214,123,10,2,86.0183
18,203,214,124,10,2,86.7548
18,203,214,125,10,2,87.6808
18,203,214,126,10,2,88.328
18,203,214,127,10,2,89.0498
18,203,214,128,10,2,89.8247
18,203,214,129,10,2,90.5015
18,203,214,130,10,2,91.2321
18,207,214,101,10,2,47.36
18,207,214,102,10,2,51.24
18,207,214,103,10,2,54.84
18,207,214,104,10,2,58.12
18,207,214,105,10,2,61.26
18,207,214,106,10,2,63.75
18,207,214,107,10,2,65.81
18,207,214,108,10,2,68
18,207,214,109,10,2,70.25
18,207,214,110,10,2,71.73
18,207,214,111,10,2,73.22
18,207,214,112,10,2,74.64
18,207,214,113,10,2,75.86
18,207,214,114,10,2,77.12
18,207,214,115,10,2,76.6266
18,207,214,116,10,2,76.7696
18,207,214,117,10,2,77.0357
18,207,214,118,10,2,77.3771
18,207,214,119,10,2,77.8539
18,207,214,120,10,2,78.1862
18,207,214,121,10,2,78.4005
18,207,214,122,10,2,78.9513
18,207,214,123,10,2,79.4381
18,207,214,124,10,2,80.0546
18,207,214,125,10,2,80.2784
18,207,214,126,10,2,80.9004
18,207,214,127,10,2,81.2175
18,207,214,128,10,2,81.7757
18,207,214,129,10,2,82.2891
18,207,214,130,10,2,82.9141
18,206,214,101,10,2,47.36
18,206,214,102,10,2,51.24
18,206,214,103,10,2,54.84
18,206,214,104,10,2,58.12
18,206,214,105,10,2,61.26
18,206,214,106,10,2,63.75
18,206,214,107,10,2,65.81
18,206,214,108,10,2,68
18,206,214,109,10,2,70.25
18,206,214,110,10,2,71.73
18,206,214,111,10,2,73.22
18,206,214,112,10,2,74.64
18,206,214,113,10,2,75.86
18,206,214,114,10,2,77.12
18,206,214,115,10,2,79.4034
18,206,214,116,10,2,80.759
18,206,214,117,10,2,82.04
18,206,214,118,10,2,82.9099
18,206,214,119,10,2,83.8241
18,206,214,120,10,2,84.7338
18,206,214,121,10,2,85.6408
18,206,214,122,10,2,86.6052
18,206,214,123,10,2,87.4715
18,206,214,124,10,2,88.1411
18,206,214,125,10,2,88.8817
18,206,214,126,10,2,89.7337
18,206,214,127,10,2,90.4714
18,206,214,128,10,2,91.2655
18,206,214,129,10,2,92.03
18,206,214,130,10,2,92.9954
18,8,214,101,10,2,47.36
18,8,214,102,10,2,51.24
18,8,214,103,10,2,54.84
18,8,214,104,10,2,58.12
18,8,214,105,10,2,61.26
18,8,214,106,10,2,63.75
18,8,214,107,10,2,65.81
18,8,214,108,10,2,68
18,8,214,109,10,2,70.25
18,8,214,110,10,2,71.73
18,8,214,111,10,2,73.22
18,8,214,112,10,2,74.64
18,8,214,113,10,2,75.86
18,8,214,114,10,2,77.12
18,8,214,115,10,2,77.12
18,8,214,116,10,2,77.12
18,8,214,117,10,2,77.12
18,8,214,118,10,2,77.12
18,8,214,119,10,2,77.12
18,8,214,120,10,2,77.12
18,8,214,121,10,2,77.12
18,8,214,122,10,2,77.12
18,8,214,123,10,2,77.12
18,8,214,124,10,2,77.12
18,8,214,125,10,2,77.12
18,8,214,126,10,2,77.12
18,8,214,127,10,2,77.12
18,8,214,128,10,2,77.12
18,8,214,129,10,2,77.12
18,8,214,130,10,2,77.12
18,202,308,101,10,2,59.92
18,202,308,102,10,2,62.61
18,202,308,103,10,2,65.03
18,202,308,104,10,2,66.78
18,202,308,105,10,2,68.13
18,202,308,106,10,2,69.55
18,202,308,107,10,2,70.6
18,202,308,108,10,2,71.31
18,202,308,109,10,2,72.86
18,202,308,110,10,2,74.7
18,202,308,111,10,2,75.57
18,202,308,112,10,2,75.68
18,202,308,113,10,2,75.19
18,202,308,114,10,2,74.95
18,202,308,115,10,2,75.6537
18,202,308,116,10,2,76.3088
18,202,308,117,10,2,76.9705
18,202,308,118,10,2,77.6307
18,202,308,119,10,2,78.2682
18,202,308,120,10,2,78.9044
18,202,308,121,10,2,79.4592
18,202,308,122,10,2,80.0526
18,202,308,123,10,2,80.6388
18,202,308,124,10,2,81.2724
18,202,308,125,10,2,81.8044
18,202,308,126,10,2,82.1987
18,202,308,127,10,2,82.8571
18,202,308,128,10,2,83.4075
18,202,308,129,10,2,83.8953
18,202,308,130,10,2,84.3921
18,204,308,101,10,2,59.92
18,204,308,102,10,2,62.61
18,204,308,103,10,2,65.03
18,204,308,104,10,2,66.78
18,204,308,105,10,2,68.13
18,204,308,106,10,2,69.55
18,204,308,107,10,2,70.6
18,204,308,108,10,2,71.31
18,204,308,109,10,2,72.86
18,204,308,110,10,2,74.7
18,204,308,111,10,2,75.57
18,204,308,112,10,2,75.68
18,204,308,113,10,2,75.19
18,204,308,114,10,2,74.95
18,204,308,115,10,2,74.6695
18,204,308,116,10,2,74.7808
18,204,308,117,10,2,75.2447
18,204,308,118,10,2,75.6966
18,204,308,119,10,2,75.9581
18,204,308,120,10,2,76.2368
18,204,308,121,10,2,76.6251
18,204,308,122,10,2,76.8734
18,204,308,123,10,2,77.4993
18,204,308,124,10,2,77.8355
18,204,308,125,10,2,78.3632
18,204,308,126,10,2,78.8034
18,204,308,127,10,2,79.155
18,204,308,128,10,2,79.5756
18,204,308,129,10,2,79.8913
18,204,308,130,10,2,80.4024
18,203,308,101,10,2,59.92
18,203,308,102,10,2,62.61
18,203,308,103,10,2,65.03
18,203,308,104,10,2,66.78
18,203,308,105,10,2,68.13
18,203,308,106,10,2,69.55
18,203,308,107,10,2,70.6
18,203,308,108,10,2,71.31
18,203,308,109,10,2,72.86
18,203,308,110,10,2,74.7
18,203,308,111,10,2,75.57
18,203,308,112,10,2,75.68
18,203,308,113,10,2,75.19
18,203,308,114,10,2,74.95
18,203,308,115,10,2,76.606
18,203,308,116,10,2,77.6948
18,203,308,117,10,2,78.67
18,203,308,118,10,2,79.5347
18,203,308,119,10,2,80.2874
18,203,308,120,10,2,81.0161
18,203,308,121,10,2,81.7066
18,203,308,122,10,2,82.426
18,203,308,123,10,2,83.178
18,203,308,124,10,2,83.7987
18,203,308,125,10,2,84.4591
18,203,308,126,10,2,85.1498
18,203,308,127,10,2,85.7657
18,203,308,128,10,2,86.4268
18,203,308,129,10,2,86.9731
18,203,308,130,10,2,87.7162
18,207,308,101,10,2,59.92
18,207,308,102,10,2,62.61
18,207,308,103,10,2,65.03
18,207,308,104,10,2,66.78
18,207,308,105,10,2,68.13
18,207,308,106,10,2,69.55
18,207,308,107,10,2,70.6
18,207,308,108,10,2,71.31
18,207,308,109,10,2,72.86
18,207,308,110,10,2,74.7
18,207,308,111,10,2,75.57
18,207,308,112,10,2,75.68
18,207,308,113,10,2,75.19
18,207,308,114,10,2,74.95
18,207,308,115,10,2,74.11
18,207,308,116,10,2,74.0491
18,207,308,117,10,2,74.2041
18,207,308,118,10,2,74.5607
18,207,308,119,10,2,74.7731
18,207,308,120,10,2,75.0613
18,207,308,121,10,2,75.0967
18,207,308,122,10,2,75.2336
18,207,308,123,10,2,75.6978
18,207,308,124,10,2,75.8919
18,207,308,125,10,2,76.2548
18,207,308,126,10,2,76.5661
18,207,308,127,10,2,76.8258
18,207,308,128,10,2,77.356
18,207,308,129,10,2,77.6479
18,207,308,130,10,2,77.9177
18,206,308,101,10,2,59.92
18,206,308,102,10,2,62.61
18,206,308,103,10,2,65.03
18,206,308,104,10,2,66.78
18,206,308,105,10,2,68.13
18,206,308,106,10,2,69.55
18,206,308,107,10,2,70.6
18,206,308,108,10,2,71.31
18,206,308,109,10,2,72.86
18,206,308,110,10,2,74.7
18,206,308,111,10,2,75.57
18,206,308,112,10,2,75.68
18,206,308,113,10,2,75.19
18,206,308,114,10,2,74.95
18,206,308,115,10,2,77.1512
18,206,308,116,10,2,78.4169
18,206,308,117,10,2,79.5601
18,206,308,118,10,2,80.4366
18,206,308,119,10,2,81.3111
18,206,308,120,10,2,82.2181
18,206,308,121,10,2,82.9827
18,206,308,122,10,2,83.8694
18,206,308,123,10,2,84.7565
18,206,308,124,10,2,85.322
18,206,308,125,10,2,86.1693
18,206,308,126,10,2,86.7296
18,206,308,127,10,2,87.2776
18,206,308,128,10,2,88.186
18,206,308,129,10,2,88.7045
18,206,308,130,10,2,89.4027
18,8,308,101,10,2,59.92
18,8,308,102,10,2,62.61
18,8,308,103,10,2,65.03
18,8,308,104,10,2,66.78
18,8,308,105,10,2,68.13
18,8,308,106,10,2,69.55
18,8,308,107,10,2,70.6
18,8,308,108,10,2,71.31
18,8,308,109,10,2,72.86
18,8,308,110,10,2,74.7
18,8,308,111,10,2,75.57
18,8,308,112,10,2,75.68
18,8,308,113,10,2,75.19
18,8,308,114,10,2,74.95
18,8,308,115,10,2,74.95
18,8,308,116,10,2,74.95
18,8,308,117,10,2,74.95
18,8,308,118,10,2,74.95
18,8,308,119,10,2,74.95
18,8,308,120,10,2,74.95
18,8,308,121,10,2,74.95
18,8,308,122,10,2,74.95
18,8,308,123,10,2,74.95
18,8,308,124,10,2,74.95
18,8,308,125,10,2,74.95
18,8,308,126,10,2,74.95
18,8,308,127,10,2,74.95
18,8,308,128,10,2,74.95
18,8,308,129,10,2,74.95
18,8,308,130,10,2,74.95
18,202,312,101,10,2,54.93
18,202,312,102,10,2,59.26
18,202,312,103,10,2,63.04
18,202,312,104,10,2,66.35
18,202,312,105,10,2,69.26
18,202,312,106,10,2,71.85
18,202,312,107,10,2,74.15
18,202,312,108,10,2,76.23
18,202,312,109,10,2,78.12
18,202,312,110,10,2,79.83
18,202,312,111,10,2,81.41
18,202,312,112,10,2,82.86
18,202,312,113,10,2,83.98
18,202,312,114,10,2,85.24
18,202,312,115,10,2,86.0442
18,202,312,116,10,2,86.8217
18,202,312,117,10,2,87.6506
18,202,312,118,10,2,88.3541
18,202,312,119,10,2,89.0721
18,202,312,120,10,2,89.7217
18,202,312,121,10,2,90.324
18,202,312,122,10,2,90.9651
18,202,312,123,10,2,91.6445
18,202,312,124,10,2,92.2679
18,202,312,125,10,2,92.9541
18,202,312,126,10,2,93.5919
18,202,312,127,10,2,94.1623
18,202,312,128,10,2,94.7807
18,202,312,129,10,2,95.4598
18,202,312,130,10,2,95.9803
18,204,312,101,10,2,54.93
18,204,312,102,10,2,59.26
18,204,312,103,10,2,63.04
18,204,312,104,10,2,66.35
18,204,312,105,10,2,69.26
18,204,312,106,10,2,71.85
18,204,312,107,10,2,74.15
18,204,312,108,10,2,76.23
18,204,312,109,10,2,78.12
18,204,312,110,10,2,79.83
18,204,312,111,10,2,81.41
18,204,312,112,10,2,82.86
18,204,312,113,10,2,83.98
18,204,312,114,10,2,85.24
18,204,312,115,10,2,85.3445
18,204,312,116,10,2,85.8562
18,204,312,117,10,2,86.4018
18,204,312,118,10,2,86.88
18,204,312,119,10,2,87.4398
18,204,312,120,10,2,87.9299
18,204,312,121,10,2,88.4826
18,204,312,122,10,2,88.9786
18,204,312,123,10,2,89.4911
18,204,312,124,10,2,89.9692
18,204,312,125,10,2,90.5304
18,204,312,126,10,2,91.1878
18,204,312,127,10,2,91.5842
18,204,312,128,10,2,92.0829
18,204,312,129,10,2,92.6052
18,204,312,130,10,2,93.0059
18,203,312,101,10,2,54.93
18,203,312,102,10,2,59.26
18,203,312,103,10,2,63.04
18,203,312,104,10,2,66.35
18,203,312,105,10,2,69.26
18,203,312,106,10,2,71.85
18,203,312,107,10,2,74.15
18,203,312,108,10,2,76.23
18,203,312,109,10,2,78.12
18,203,312,110,10,2,79.83
18,203,312,111,10,2,81.41
18,203,312,112,10,2,82.86
18,203,312,113,10,2,83.98
18,203,312,114,10,2,85.24
18,203,312,115,10,2,86.7649
18,203,312,116,10,2,87.8288
18,203,312,117,10,2,88.7599
18,203,312,118,10,2,89.7221
18,203,312,119,10,2,90.6224
18,203,312,120,10,2,91.4608
18,203,312,121,10,2,92.3472
18,203,312,122,10,2,93.0866
18,203,312,123,10,2,93.8089
18,203,312,124,10,2,94.5616
18,203,312,125,10,2,95.2214
18,203,312,126,10,2,96.0896
18,203,312,127,10,2,96.7519
18,203,312,128,10,2,97.5053
18,203,312,129,10,2,98.2475
18,203,312,130,10,2,98.8421
18,207,312,101,10,2,54.93
18,207,312,102,10,2,59.26
18,207,312,103,10,2,63.04
18,207,312,104,10,2,66.35
18,207,312,105,10,2,69.26
18,207,312,106,10,2,71.85
18,207,312,107,10,2,74.15
18,207,312,108,10,2,76.23
18,207,312,109,10,2,78.12
18,207,312,110,10,2,79.83
18,207,312,111,10,2,81.41
18,207,312,112,10,2,82.86
18,207,312,113,10,2,83.98
18,207,312,114,10,2,85.24
18,207,312,115,10,2,84.881
18,207,312,116,10,2,85.301
18,207,312,117,10,2,85.6917
18,207,312,118,10,2,86.169
18,207,312,119,10,2,86.452
18,207,312,120,10,2,86.9704
18,207,312,121,10,2,87.4817
18,207,312,122,10,2,88.0952
18,207,312,123,10,2,88.5877
18,207,312,124,10,2,88.9817
18,207,312,125,10,2,89.2579
18,207,312,126,10,2,89.7072
18,207,312,127,10,2,90.1158
18,207,312,128,10,2,90.5344
18,207,312,129,10,2,90.8255
18,207,312,130,10,2,91.2428
18,206,312,101,10,2,54.93
18,206,312,102,10,2,59.26
18,206,312,103,10,2,63.04
18,206,312,104,10,2,66.35
18,206,312,105,10,2,69.26
18,206,312,106,10,2,71.85
18,206,312,107,10,2,74.15
18,206,312,108,10,2,76.23
18,206,312,109,10,2,78.12
18,206,312,110,10,2,79.83
18,206,312,111,10,2,81.41
18,206,312,112,10,2,82.86
18,206,312,113,10,2,83.98
18,206,312,114,10,2,85.24
18,206,312,115,10,2,87.1394
18,206,312,116,10,2,88.3037
18,206,312,117,10,2,89.5173
18,206,312,118,10,2,90.4998
18,206,312,119,10,2,91.444
18,206,312,120,10,2,92.3188
18,206,312,121,10,2,93.2329
18,206,312,122,10,2,94.2442
18,206,312,123,10,2,94.8816
18,206,312,124,10,2,95.5323
18,206,312,125,10,2,96.3816
18,206,312,126,10,2,97.1322
18,206,312,127,10,2,97.9077
18,206,312,128,10,2,98.7264
18,206,312,129,10,2,99.5136
18,206,312,130,10,2,100.2968
18,8,312,101,10,2,54.93
18,8,312,102,10,2,59.26
18,8,312,103,10,2,63.04
18,8,312,104,10,2,66.35
18,8,312,105,10,2,69.26
18,8,312,106,10,2,71.85
18,8,312,107,10,2,74.15
18,8,312,108,10,2,76.23
18,8,312,109,10,2,78.12
18,8,312,110,10,2,79.83
18,8,312,111,10,2,81.41
18,8,312,112,10,2,82.86
18,8,312,113,10,2,83.98
18,8,312,114,10,2,85.24
18,8,312,115,10,2,85.24
18,8,312,116,10,2,85.24
18,8,312,117,10,2,85.24
18,8,312,118,10,2,85.24
18,8,312,119,10,2,85.24
18,8,312,120,10,2,85.24
18,8,312,121,10,2,85.24
18,8,312,122,10,2,85.24
18,8,312,123,10,2,85.24
18,8,312,124,10,2,85.24
18,8,312,125,10,2,85.24
18,8,312,126,10,2,85.24
18,8,312,127,10,2,85.24
18,8,312,128,10,2,85.24
18,8,312,129,10,2,85.24
18,8,312,130,10,2,85.24
18,202,332,101,10,2,38.76
18,202,332,102,10,2,41.95
18,202,332,103,10,2,44.4
18,202,332,104,10,2,46.49
18,202,332,105,10,2,48.42
18,202,332,106,10,2,51.59
18,202,332,107,10,2,53.27
18,202,332,108,10,2,55.15
18,202,332,109,10,2,56.83
18,202,332,110,10,2,58.5
18,202,332,111,10,2,59.66
18,202,332,112,10,2,61.58
18,202,332,113,10,2,63.52
18,202,332,114,10,2,65.68
18,202,332,115,10,2,66.9863
18,202,332,116,10,2,68.1299
18,202,332,117,10,2,69.2607
18,202,332,118,10,2,70.2665
18,202,332,119,10,2,71.2367
18,202,332,120,10,2,72.2927
18,202,332,121,10,2,73.0274
18,202,332,122,10,2,73.8458
18,202,332,123,10,2,74.5233
18,202,332,124,10,2,75.3274
18,202,332,125,10,2,75.9644
18,202,332,126,10,2,76.6327
18,202,332,127,10,2,77.3962
18,202,332,128,10,2,78.1192
18,202,332,129,10,2,78.6612
18,202,332,130,10,2,79.3236
18,204,332,101,10,2,38.76
18,204,332,102,10,2,41.95
18,204,332,103,10,2,44.4
18,204,332,104,10,2,46.49
18,204,332,105,10,2,48.42
18,204,332,106,10,2,51.59
18,204,332,107,10,2,53.27
18,204,332,108,10,2,55.15
18,204,332,109,10,2,56.83
18,204,332,110,10,2,58.5
18,204,332,111,10,2,59.66
18,204,332,112,10,2,61.58
18,204,332,113,10,2,63.52
18,204,332,114,10,2,65.68
18,204,332,115,10,2,65.7341
18,204,332,116,10,2,66.3485
18,204,332,117,10,2,66.964
18,204,332,118,10,2,67.5669
18,204,332,119,10,2,68.1956
18,204,332,120,10,2,68.8679
18,204,332,121,10,2,69.2793
18,204,332,122,10,2,70.0165
18,204,332,123,10,2,70.5627
18,204,332,124,10,2,70.9301
18,204,332,125,10,2,71.4387
18,204,332,126,10,2,71.95
18,204,332,127,10,2,72.3313
18,204,332,128,10,2,72.8304
18,204,332,129,10,2,73.1513
18,204,332,130,10,2,74.0345
18,203,332,101,10,2,38.76
18,203,332,102,10,2,41.95
18,203,332,103,10,2,44.4
18,203,332,104,10,2,46.49
18,203,332,105,10,2,48.42
18,203,332,106,10,2,51.59
18,203,332,107,10,2,53.27
18,203,332,108,10,2,55.15
18,203,332,109,10,2,56.83
18,203,332,110,10,2,58.5
18,203,332,111,10,2,59.66
18,203,332,112,10,2,61.58
18,203,332,113,10,2,63.52
18,203,332,114,10,2,65.68
18,203,332,115,10,2,68.3614
18,203,332,116,10,2,70.0923
18,203,332,117,10,2,71.664
18,203,332,118,10,2,73.207
18,203,332,119,10,2,74.6125
18,203,332,120,10,2,75.7367
18,203,332,121,10,2,76.9565
18,203,332,122,10,2,77.7647
18,203,332,123,10,2,78.7469
18,203,332,124,10,2,79.5739
18,203,332,125,10,2,80.5346
18,203,332,126,10,2,81.3383
18,203,332,127,10,2,82.0927
18,203,332,128,10,2,82.8252
18,203,332,129,10,2,83.5892
18,203,332,130,10,2,84.2944
18,207,332,101,10,2,38.76
18,207,332,102,10,2,41.95
18,207,332,103,10,2,44.4
18,207,332,104,10,2,46.49
18,207,332,105,10,2,48.42
18,207,332,106,10,2,51.59
18,207,332,107,10,2,53.27
18,207,332,108,10,2,55.15
18,207,332,109,10,2,56.83
18,207,332,110,10,2,58.5
18,207,332,111,10,2,59.66
18,207,332,112,10,2,61.58
18,207,332,113,10,2,63.52
18,207,332,114,10,2,65.68
18,207,332,115,10,2,65.1505
18,207,332,116,10,2,65.3943
18,207,332,117,10,2,65.7497
18,207,332,118,10,2,66.1542
18,207,332,119,10,2,66.7498
18,207,332,120,10,2,67.3103
18,207,332,121,10,2,67.7871
18,207,332,122,10,2,68.0808
18,207,332,123,10,2,68.7212
18,207,332,124,10,2,69.1439
18,207,332,125,10,2,69.4624
18,207,332,126,10,2,70.041
18,207,332,127,10,2,70.4463
18,207,332,128,10,2,70.8744
18,207,332,129,10,2,71.2396
18,207,332,130,10,2,71.2355
18,206,332,101,10,2,38.76
18,206,332,102,10,2,41.95
18,206,332,103,10,2,44.4
18,206,332,104,10,2,46.49
18,206,332,105,10,2,48.42
18,206,332,106,10,2,51.59
18,206,332,107,10,2,53.27
18,206,332,108,10,2,55.15
18,206,332,109,10,2,56.83
18,206,332,110,10,2,58.5
18,206,332,111,10,2,59.66
18,206,332,112,10,2,61.58
18,206,332,113,10,2,63.52
18,206,332,114,10,2,65.68
18,206,332,115,10,2,69.1032
18,206,332,116,10,2,71.1994
18,206,332,117,10,2,73.2837
18,206,332,118,10,2,74.8909
18,206,332,119,10,2,76.5651
18,206,332,120,10,2,77.7918
18,206,332,121,10,2,79.1154
18,206,332,122,10,2,80.0433
18,206,332,123,10,2,80.9058
18,206,332,124,10,2,81.6799
18,206,332,125,10,2,82.6793
18,206,332,126,10,2,83.3908
18,206,332,127,10,2,84.3062
18,206,332,128,10,2,85.0189
18,206,332,129,10,2,85.6811
18,206,332,130,10,2,86.4987
18,8,332,101,10,2,38.76
18,8,332,102,10,2,41.95
18,8,332,103,10,2,44.4
18,8,332,104,10,2,46.49
18,8,332,105,10,2,48.42
18,8,332,106,10,2,51.59
18,8,332,107,10,2,53.27
18,8,332,108,10,2,55.15
18,8,332,109,10,2,56.83
18,8,332,110,10,2,58.5
18,8,332,111,10,2,59.66
18,8,332,112,10,2,61.58
18,8,332,113,10,2,63.52
18,8,332,114,10,2,65.68
18,8,332,115,10,2,65.68
18,8,332,116,10,2,65.68
18,8,332,117,10,2,65.68
18,8,332,118,10,2,65.68
18,8,332,119,10,2,65.68
18,8,332,120,10,2,65.68
18,8,332,121,10,2,65.68
18,8,332,122,10,2,65.68
18,8,332,123,10,2,65.68
18,8,332,124,10,2,65.68
18,8,332,125,10,2,65.68
18,8,332,126,10,2,65.68
18,8,332,127,10,2,65.68
18,8,332,128,10,2,65.68
18,8,332,129,10,2,65.68
18,8,332,130,10,2,65.68
18,202,388,101,10,2,61.1
18,202,388,102,10,2,65.31
18,202,388,103,10,2,66.95
18,202,388,104,10,2,68.72
18,202,388,105,10,2,70.21
18,202,388,106,10,2,71.37
18,202,388,107,10,2,72.36
18,202,388,108,10,2,73.24
18,202,388,109,10,2,74.82
18,202,388,110,10,2,75.53
18,202,388,111,10,2,75.38
18,202,388,112,10,2,75.58
18,202,388,113,10,2,75.54
18,202,388,114,10,2,75.94
18,202,388,115,10,2,76.6029
18,202,388,116,10,2,77.1746
18,202,388,117,10,2,77.8662
18,202,388,118,10,2,78.4435
18,202,388,119,10,2,78.988
18,202,388,120,10,2,79.575
18,202,388,121,10,2,80.0803
18,202,388,122,10,2,80.7072
18,202,388,123,10,2,81.2536
18,202,388,124,10,2,81.8014
18,202,388,125,10,2,82.3804
18,202,388,126,10,2,82.9392
18,202,388,127,10,2,83.4771
18,202,388,128,10,2,84.0578
18,202,388,129,10,2,84.5763
18,202,388,130,10,2,85.0864
18,204,388,101,10,2,61.1
18,204,388,102,10,2,65.31
18,204,388,103,10,2,66.95
18,204,388,104,10,2,68.72
18,204,388,105,10,2,70.21
18,204,388,106,10,2,71.37
18,204,388,107,10,2,72.36
18,204,388,108,10,2,73.24
18,204,388,109,10,2,74.82
18,204,388,110,10,2,75.53
18,204,388,111,10,2,75.38
18,204,388,112,10,2,75.58
18,204,388,113,10,2,75.54
18,204,388,114,10,2,75.94
18,204,388,115,10,2,75.5938
18,204,388,116,10,2,75.8928
18,204,388,117,10,2,76.2108
18,204,388,118,10,2,76.5491
18,204,388,119,10,2,77.0577
18,204,388,120,10,2,77.518
18,204,388,121,10,2,77.8727
18,204,388,122,10,2,78.3048
18,204,388,123,10,2,78.5781
18,204,388,124,10,2,79.0786
18,204,388,125,10,2,79.5199
18,204,388,126,10,2,79.7744
18,204,388,127,10,2,80.0359
18,204,388,128,10,2,80.6178
18,204,388,129,10,2,81.0505
18,204,388,130,10,2,81.3457
18,203,388,101,10,2,61.1
18,203,388,102,10,2,65.31
18,203,388,103,10,2,66.95
18,203,388,104,10,2,68.72
18,203,388,105,10,2,70.21
18,203,388,106,10,2,71.37
18,203,388,107,10,2,72.36
18,203,388,108,10,2,73.24
18,203,388,109,10,2,74.82
18,203,388,110,10,2,75.53
18,203,388,111,10,2,75.38
18,203,388,112,10,2,75.58
18,203,388,113,10,2,75.54
18,203,388,114,10,2,75.94
18,203,388,115,10,2,77.4905
18,203,388,116,10,2,78.587
18,203,388,117,10,2,79.3972
18,203,388,118,10,2,80.2043
18,203,388,119,10,2,81.0005
18,203,388,120,10,2,81.7679
18,203,388,121,10,2,82.407
18,203,388,122,10,2,83.0661
18,203,388,123,10,2,83.792
18,203,388,124,10,2,84.459
18,203,388,125,10,2,85.1367
18,203,388,126,10,2,85.8557
18,203,388,127,10,2,86.5102
18,203,388,128,10,2,87.0701
18,203,388,129,10,2,87.7021
18,203,388,130,10,2,88.3075
18,207,388,101,10,2,61.1
18,207,388,102,10,2,65.31
18,207,388,103,10,2,66.95
18,207,388,104,10,2,68.72
18,207,388,105,10,2,70.21
18,207,388,106,10,2,71.37
18,207,388,107,10,2,72.36
18,207,388,108,10,2,73.24
18,207,388,109,10,2,74.82
18,207,388,110,10,2,75.53
18,207,388,111,10,2,75.38
18,207,388,112,10,2,75.58
18,207,388,113,10,2,75.54
18,207,388,114,10,2,75.94
18,207,388,115,10,2,75.064
18,207,388,116,10,2,75.0355
18,207,388,117,10,2,75.318
18,207,388,118,10,2,75.4723
18,207,388,119,10,2,75.8978
18,207,388,120,10,2,76.2785
18,207,388,121,10,2,76.493
18,207,388,122,10,2,76.9826
18,207,388,123,10,2,77.3221
18,207,388,124,10,2,77.1939
18,207,388,125,10,2,77.4218
18,207,388,126,10,2,77.8582
18,207,388,127,10,2,78.2836
18,207,388,128,10,2,78.5184
18,207,388,129,10,2,78.898
18,207,388,130,10,2,79.2836
18,206,388,101,10,2,61.1
18,206,388,102,10,2,65.31
18,206,388,103,10,2,66.95
18,206,388,104,10,2,68.72
18,206,388,105,10,2,70.21
18,206,388,106,10,2,71.37
18,206,388,107,10,2,72.36
18,206,388,108,10,2,73.24
18,206,388,109,10,2,74.82
18,206,388,110,10,2,75.53
18,206,388,111,10,2,75.38
18,206,388,112,10,2,75.58
18,206,388,113,10,2,75.54
18,206,388,114,10,2,75.94
18,206,388,115,10,2,78.0325
18,206,388,116,10,2,79.3448
18,206,388,117,10,2,80.3093
18,206,388,118,10,2,81.1014
18,206,388,119,10,2,82.123
18,206,388,120,10,2,82.8986
18,206,388,121,10,2,83.6022
18,206,388,122,10,2,84.3366
18,206,388,123,10,2,85.0449
18,206,388,124,10,2,85.5725
18,206,388,125,10,2,86.436
18,206,388,126,10,2,86.987
18,206,388,127,10,2,87.8909
18,206,388,128,10,2,88.3451
18,206,388,129,10,2,88.9709
18,206,388,130,10,2,89.8247
18,8,388,101,10,2,61.1
18,8,388,102,10,2,65.31
18,8,388,103,10,2,66.95
18,8,388,104,10,2,68.72
18,8,388,105,10,2,70.21
18,8,388,106,10,2,71.37
18,8,388,107,10,2,72.36
18,8,388,108,10,2,73.24
18,8,388,109,10,2,74.82
18,8,388,110,10,2,75.53
18,8,388,111,10,2,75.38
18,8,388,112,10,2,75.58
18,8,388,113,10,2,75.54
18,8,388,114,10,2,75.94
18,8,388,115,10,2,75.94
18,8,388,116,10,2,75.94
18,8,388,117,10,2,75.94
18,8,388,118,10,2,75.94
18,8,388,119,10,2,75.94
18,8,388,120,10,2,75.94
18,8,388,121,10,2,75.94
18,8,388,122,10,2,75.94
18,8,388,123,10,2,75.94
18,8,388,124,10,2,75.94
18,8,388,125,10,2,75.94
18,8,388,126,10,2,75.94
18,8,388,127,10,2,75.94
18,8,388,128,10,2,75.94
18,8,388,129,10,2,75.94
18,8,388,130,10,2,75.94
18,202,474,101,10,2,56.89
18,202,474,102,10,2,60.09
18,202,474,103,10,2,63.04
18,202,474,104,10,2,65.82
18,202,474,105,10,2,68.88
18,202,474,106,10,2,71.65
18,202,474,107,10,2,74.16
18,202,474,108,10,2,76.44
18,202,474,109,10,2,78.52
18,202,474,110,10,2,80.42
18,202,474,111,10,2,82.18
18,202,474,112,10,2,83.21
18,202,474,113,10,2,84.36
18,202,474,114,10,2,85.38
18,202,474,115,10,2,86.1853
18,202,474,116,10,2,86.9275
18,202,474,117,10,2,87.6176
18,202,474,118,10,2,88.3627
18,202,474,119,10,2,89.0159
18,202,474,120,10,2,89.6694
18,202,474,121,10,2,90.3828
18,202,474,122,10,2,90.9862
18,202,474,123,10,2,91.5337
18,202,474,124,10,2,92.1698
18,202,474,125,10,2,92.7907
18,202,474,126,10,2,93.3824
18,202,474,127,10,2,93.9821
18,202,474,128,10,2,94.6934
18,202,474,129,10,2,95.1897
18,202,474,130,10,2,95.7592
18,204,474,101,10,2,56.89
18,204,474,102,10,2,60.09
18,204,474,103,10,2,63.04
18,204,474,104,10,2,65.82
18,204,474,105,10,2,68.88
18,204,474,106,10,2,71.65
18,204,474,107,10,2,74.16
18,204,474,108,10,2,76.44
18,204,474,109,10,2,78.52
18,204,474,110,10,2,80.42
18,204,474,111,10,2,82.18
18,204,474,112,10,2,83.21
18,204,474,113,10,2,84.36
18,204,474,114,10,2,85.38
18,204,474,115,10,2,85.4616
18,204,474,116,10,2,86.0142
18,204,474,117,10,2,86.5024
18,204,474,118,10,2,86.9298
18,204,474,119,10,2,87.4318
18,204,474,120,10,2,87.9414
18,204,474,121,10,2,88.4206
18,204,474,122,10,2,89.0022
18,204,474,123,10,2,89.5032
18,204,474,124,10,2,90.0317
18,204,474,125,10,2,90.4702
18,204,474,126,10,2,90.8312
18,204,474,127,10,2,91.2777
18,204,474,128,10,2,91.7682
18,204,474,129,10,2,92.2386
18,204,474,130,10,2,92.7472
18,203,474,101,10,2,56.89
18,203,474,102,10,2,60.09
18,203,474,103,10,2,63.04
18,203,474,104,10,2,65.82
18,203,474,105,10,2,68.88
18,203,474,106,10,2,71.65
18,203,474,107,10,2,74.16
18,203,474,108,10,2,76.44
18,203,474,109,10,2,78.52
18,203,474,110,10,2,80.42
18,203,474,111,10,2,82.18
18,203,474,112,10,2,83.21
18,203,474,113,10,2,84.36
18,203,474,114,10,2,85.38
18,203,474,115,10,2,86.8323
18,203,474,116,10,2,87.9335
18,203,474,117,10,2,88.8831
18,203,474,118,10,2,89.7206
18,203,474,119,10,2,90.5607
18,203,474,120,10,2,91.3293
18,203,474,121,10,2,92.1027
18,203,474,122,10,2,92.8433
18,203,474,123,10,2,93.6052
18,203,474,124,10,2,94.396
18,203,474,125,10,2,95.0815
18,203,474,126,10,2,95.7351
18,203,474,127,10,2,96.4677
18,203,474,128,10,2,97.2643
18,203,474,129,10,2,97.9753
18,203,474,130,10,2,98.645
18,207,474,101,10,2,56.89
18,207,474,102,10,2,60.09
18,207,474,103,10,2,63.04
18,207,474,104,10,2,65.82
18,207,474,105,10,2,68.88
18,207,474,106,10,2,71.65
18,207,474,107,10,2,74.16
18,207,474,108,10,2,76.44
18,207,474,109,10,2,78.52
18,207,474,110,10,2,80.42
18,207,474,111,10,2,82.18
18,207,474,112,10,2,83.21
18,207,474,113,10,2,84.36
18,207,474,114,10,2,85.38
18,207,474,115,10,2,85.1363
18,207,474,116,10,2,85.4832
18,207,474,117,10,2,85.8692
18,207,474,118,10,2,86.1263
18,207,474,119,10,2,86.5917
18,207,474,120,10,2,86.9615
18,207,474,121,10,2,87.3069
18,207,474,122,10,2,87.9486
18,207,474,123,10,2,88.3152
18,207,474,124,10,2,88.5964
18,207,474,125,10,2,88.9873
18,207,474,126,10,2,89.4879
18,207,474,127,10,2,89.7664
18,207,474,128,10,2,90.2408
18,207,474,129,10,2,90.5119
18,207,474,130,10,2,91.0535
18,206,474,101,10,2,56.89
18,206,474,102,10,2,60.09
18,206,474,103,10,2,63.04
18,206,474,104,10,2,65.82
18,206,474,105,10,2,68.88
18,206,474,106,10,2,71.65
18,206,474,107,10,2,74.16
18,206,474,108,10,2,76.44
18,206,474,109,10,2,78.52
18,206,474,110,10,2,80.42
18,206,474,111,10,2,82.18
18,206,474,112,10,2,83.21
18,206,474,113,10,2,84.36
18,206,474,114,10,2,85.38
18,206,474,115,10,2,87.2676
18,206,474,116,10,2,88.4654
18,206,474,117,10,2,89.5556
18,206,474,118,10,2,90.5639
18,206,474,119,10,2,91.3046
18,206,474,120,10,2,92.3009
18,206,474,121,10,2,93.0005
18,206,474,122,10,2,93.9977
18,206,474,123,10,2,94.7411
18,206,474,124,10,2,95.6709
18,206,474,125,10,2,96.3301
18,206,474,126,10,2,97.0352
18,206,474,127,10,2,97.9382
18,206,474,128,10,2,98.5966
18,206,474,129,10,2,99.2802
18,206,474,130,10,2,100.0161
18,8,474,101,10,2,56.89
18,8,474,102,10,2,60.09
18,8,474,103,10,2,63.04
18,8,474,104,10,2,65.82
18,8,474,105,10,2,68.88
18,8,474,106,10,2,71.65
18,8,474,107,10,2,74.16
18,8,474,108,10,2,76.44
18,8,474,109,10,2,78.52
18,8,474,110,10,2,80.42
18,8,474,111,10,2,82.18
18,8,474,112,10,2,83.21
18,8,474,113,10,2,84.36
18,8,474,114,10,2,85.38
18,8,474,115,10,2,85.38
18,8,474,116,10,2,85.38
18,8,474,117,10,2,85.38
18,8,474,118,10,2,85.38
18,8,474,119,10,2,85.38
18,8,474,120,10,2,85.38
18,8,474,121,10,2,85.38
18,8,474,122,10,2,85.38
18,8,474,123,10,2,85.38
18,8,474,124,10,2,85.38
18,8,474,125,10,2,85.38
18,8,474,126,10,2,85.38
18,8,474,127,10,2,85.38
18,8,474,128,10,2,85.38
18,8,474,129,10,2,85.38
18,8,474,130,10,2,85.38
18,202,630,101,10,2,65.68
18,202,630,102,10,2,70.43
18,202,630,103,10,2,72.07
18,202,630,104,10,2,73.85
18,202,630,105,10,2,75.83
18,202,630,106,10,2,76.93
18,202,630,107,10,2,77.41
18,202,630,108,10,2,78.81
18,202,630,109,10,2,78.54
18,202,630,110,10,2,79.59
18,202,630,111,10,2,80.88
18,202,630,112,10,2,81.77
18,202,630,113,10,2,82.7
18,202,630,114,10,2,83.31
18,202,630,115,10,2,83.9715
18,202,630,116,10,2,84.619
18,202,630,117,10,2,85.2212
18,202,630,118,10,2,85.8461
18,202,630,119,10,2,86.4434
18,202,630,120,10,2,86.9886
18,202,630,121,10,2,87.61
18,202,630,122,10,2,88.1943
18,202,630,123,10,2,88.7128
18,202,630,124,10,2,89.2174
18,202,630,125,10,2,89.7298
18,202,630,126,10,2,90.311
18,202,630,127,10,2,90.8422
18,202,630,128,10,2,91.3889
18,202,630,129,10,2,91.9875
18,202,630,130,10,2,92.521
18,204,630,101,10,2,65.68
18,204,630,102,10,2,70.43
18,204,630,103,10,2,72.07
18,204,630,104,10,2,73.85
18,204,630,105,10,2,75.83
18,204,630,106,10,2,76.93
18,204,630,107,10,2,77.41
18,204,630,108,10,2,78.81
18,204,630,109,10,2,78.54
18,204,630,110,10,2,79.59
18,204,630,111,10,2,80.88
18,204,630,112,10,2,81.77
18,204,630,113,10,2,82.7
18,204,630,114,10,2,83.31
18,204,630,115,10,2,83.2365
18,204,630,116,10,2,83.5534
18,204,630,117,10,2,83.9464
18,204,630,118,10,2,84.3952
18,204,630,119,10,2,84.7525
18,204,630,120,10,2,85.2092
18,204,630,121,10,2,85.5731
18,204,630,122,10,2,85.9803
18,204,630,123,10,2,86.3869
18,204,630,124,10,2,86.7621
18,204,630,125,10,2,87.1744
18,204,630,126,10,2,87.7052
18,204,630,127,10,2,88.1364
18,204,630,128,10,2,88.4676
18,204,630,129,10,2,88.879
18,204,630,130,10,2,89.2296
18,203,630,101,10,2,65.68
18,203,630,102,10,2,70.43
18,203,630,103,10,2,72.07
18,203,630,104,10,2,73.85
18,203,630,105,10,2,75.83
18,203,630,106,10,2,76.93
18,203,630,107,10,2,77.41
18,203,630,108,10,2,78.81
18,203,630,109,10,2,78.54
18,203,630,110,10,2,79.59
18,203,630,111,10,2,80.88
18,203,630,112,10,2,81.77
18,203,630,113,10,2,82.7
18,203,630,114,10,2,83.31
18,203,630,115,10,2,84.6684
18,203,630,116,10,2,85.6196
18,203,630,117,10,2,86.4121
18,203,630,118,10,2,87.1806
18,203,630,119,10,2,87.9125
18,203,630,120,10,2,88.6873
18,203,630,121,10,2,89.3133
18,203,630,122,10,2,90.0849
18,203,630,123,10,2,90.7656
18,203,630,124,10,2,91.5818
18,203,630,125,10,2,92.2962
18,203,630,126,10,2,92.9559
18,203,630,127,10,2,93.5664
18,203,630,128,10,2,94.2002
18,203,630,129,10,2,94.9345
18,203,630,130,10,2,95.5196
18,207,630,101,10,2,65.68
18,207,630,102,10,2,70.43
18,207,630,103,10,2,72.07
18,207,630,104,10,2,73.85
18,207,630,105,10,2,75.83
18,207,630,106,10,2,76.93
18,207,630,107,10,2,77.41
18,207,630,108,10,2,78.81
18,207,630,109,10,2,78.54
18,207,630,110,10,2,79.59
18,207,630,111,10,2,80.88
18,207,630,112,10,2,81.77
18,207,630,113,10,2,82.7
18,207,630,114,10,2,83.31
18,207,630,115,10,2,82.7944
18,207,630,116,10,2,83.009
18,207,630,117,10,2,83.2875
18,207,630,118,10,2,83.5334
18,207,630,119,10,2,83.9902
18,207,630,120,10,2,84.3588
18,207,630,121,10,2,84.6924
18,207,630,122,10,2,84.9758
18,207,630,123,10,2,85.3081
18,207,630,124,10,2,85.5865
18,207,630,125,10,2,85.9994
18,207,630,126,10,2,86.4147
18,207,630,127,10,2,86.8129
18,207,630,128,10,2,86.9352
18,207,630,129,10,2,87.4098
18,207,630,130,10,2,87.7501
18,206,630,101,10,2,65.68
18,206,630,102,10,2,70.43
18,206,630,103,10,2,72.07
18,206,630,104,10,2,73.85
18,206,630,105,10,2,75.83
18,206,630,106,10,2,76.93
18,206,630,107,10,2,77.41
18,206,630,108,10,2,78.81
18,206,630,109,10,2,78.54
18,206,630,110,10,2,79.59
18,206,630,111,10,2,80.88
18,206,630,112,10,2,81.77
18,206,630,113,10,2,82.7
18,206,630,114,10,2,83.31
18,206,630,115,10,2,85.0602
18,206,630,116,10,2,86.1577
18,206,630,117,10,2,87.0132
18,206,630,118,10,2,87.7852
18,206,630,119,10,2,88.6262
18,206,630,120,10,2,89.4702
18,206,630,121,10,2,90.1942
18,206,630,122,10,2,91.0682
18,206,630,123,10,2,91.9444
18,206,630,124,10,2,92.6815
18,206,630,125,10,2,93.507
18,206,630,126,10,2,94.2189
18,206,630,127,10,2,94.9223
18,206,630,128,10,2,95.7243
18,206,630,129,10,2,96.2603
18,206,630,130,10,2,96.9697
18,8,630,101,10,2,65.68
18,8,630,102,10,2,70.43
18,8,630,103,10,2,72.07
18,8,630,104,10,2,73.85
18,8,630,105,10,2,75.83
18,8,630,106,10,2,76.93
18,8,630,107,10,2,77.41
18,8,630,108,10,2,78.81
18,8,630,109,10,2,78.54
18,8,630,110,10,2,79.59
18,8,630,111,10,2,80.88
18,8,630,112,10,2,81.77
18,8,630,113,10,2,82.7
18,8,630,114,10,2,83.31
18,8,630,115,10,2,83.31
18,8,630,116,10,2,83.31
18,8,630,117,10,2,83.31
18,8,630,118,10,2,83.31
18,8,630,119,10,2,83.31
18,8,630,120,10,2,83.31
18,8,630,121,10,2,83.31
18,8,630,122,10,2,83.31
18,8,630,123,10,2,83.31
18,8,630,124,10,2,83.31
18,8,630,125,10,2,83.31
18,8,630,126,10,2,83.31
18,8,630,127,10,2,83.31
18,8,630,128,10,2,83.31
18,8,630,129,10,2,83.31
18,8,630,130,10,2,83.31
18,202,662,101,10,2,52.22
18,202,662,102,10,2,56.5
18,202,662,103,10,2,60.64
18,202,662,104,10,2,64.17
18,202,662,105,10,2,66.56
18,202,662,106,10,2,69.25
18,202,662,107,10,2,70.91
18,202,662,108,10,2,72.17
18,202,662,109,10,2,73.28
18,202,662,110,10,2,74.25
18,202,662,111,10,2,75.25
18,202,662,112,10,2,76.02
18,202,662,113,10,2,76.6
18,202,662,114,10,2,77.37
18,202,662,115,10,2,78.037
18,202,662,116,10,2,78.8365
18,202,662,117,10,2,79.5091
18,202,662,118,10,2,80.151
18,202,662,119,10,2,80.8811
18,202,662,120,10,2,81.4382
18,202,662,121,10,2,82.008
18,202,662,122,10,2,82.654
18,202,662,123,10,2,83.2901
18,202,662,124,10,2,83.8695
18,202,662,125,10,2,84.5088
18,202,662,126,10,2,85.0013
18,202,662,127,10,2,85.5519
18,202,662,128,10,2,86.1425
18,202,662,129,10,2,86.6944
18,202,662,130,10,2,87.2537
18,204,662,101,10,2,52.22
18,204,662,102,10,2,56.5
18,204,662,103,10,2,60.64
18,204,662,104,10,2,64.17
18,204,662,105,10,2,66.56
18,204,662,106,10,2,69.25
18,204,662,107,10,2,70.91
18,204,662,108,10,2,72.17
18,204,662,109,10,2,73.28
18,204,662,110,10,2,74.25
18,204,662,111,10,2,75.25
18,204,662,112,10,2,76.02
18,204,662,113,10,2,76.6
18,204,662,114,10,2,77.37
18,204,662,115,10,2,77.149
18,204,662,116,10,2,77.5209
18,204,662,117,10,2,77.9726
18,204,662,118,10,2,78.4211
18,204,662,119,10,2,78.8511
18,204,662,120,10,2,79.3066
18,204,662,121,10,2,79.7851
18,204,662,122,10,2,80.2137
18,204,662,123,10,2,80.5935
18,204,662,124,10,2,80.9807
18,204,662,125,10,2,81.4355
18,204,662,126,10,2,81.8992
18,204,662,127,10,2,82.3752
18,204,662,128,10,2,82.9355
18,204,662,129,10,2,83.354
18,204,662,130,10,2,83.6742
18,203,662,101,10,2,52.22
18,203,662,102,10,2,56.5
18,203,662,103,10,2,60.64
18,203,662,104,10,2,64.17
18,203,662,105,10,2,66.56
18,203,662,106,10,2,69.25
18,203,662,107,10,2,70.91
18,203,662,108,10,2,72.17
18,203,662,109,10,2,73.28
18,203,662,110,10,2,74.25
18,203,662,111,10,2,75.25
18,203,662,112,10,2,76.02
18,203,662,113,10,2,76.6
18,203,662,114,10,2,77.37
18,203,662,115,10,2,79.0345
18,203,662,116,10,2,80.142
18,203,662,117,10,2,80.9397
18,203,662,118,10,2,81.7844
18,203,662,119,10,2,82.5297
18,203,662,120,10,2,83.3079
18,203,662,121,10,2,84.1062
18,203,662,122,10,2,84.8194
18,203,662,123,10,2,85.5279
18,203,662,124,10,2,86.2899
18,203,662,125,10,2,87.0748
18,203,662,126,10,2,87.909
18,203,662,127,10,2,88.4495
18,203,662,128,10,2,89.1515
18,203,662,129,10,2,89.7059
18,203,662,130,10,2,90.4477
18,207,662,101,10,2,52.22
18,207,662,102,10,2,56.5
18,207,662,103,10,2,60.64
18,207,662,104,10,2,64.17
18,207,662,105,10,2,66.56
18,207,662,106,10,2,69.25
18,207,662,107,10,2,70.91
18,207,662,108,10,2,72.17
18,207,662,109,10,2,73.28
18,207,662,110,10,2,74.25
18,207,662,111,10,2,75.25
18,207,662,112,10,2,76.02
18,207,662,113,10,2,76.6
18,207,662,114,10,2,77.37
18,207,662,115,10,2,76.7529
18,207,662,116,10,2,76.887
18,207,662,117,10,2,77.1809
18,207,662,118,10,2,77.2841
18,207,662,119,10,2,77.6301
18,207,662,120,10,2,78.0585
18,207,662,121,10,2,78.3935
18,207,662,122,10,2,78.9314
18,207,662,123,10,2,79.1858
18,207,662,124,10,2,79.6595
18,207,662,125,10,2,80.095
18,207,662,126,10,2,80.541
18,207,662,127,10,2,80.8397
18,207,662,128,10,2,81.2733
18,207,662,129,10,2,81.5862
18,207,662,130,10,2,81.847
18,206,662,101,10,2,52.22
18,206,662,102,10,2,56.5
18,206,662,103,10,2,60.64
18,206,662,104,10,2,64.17
18,206,662,105,10,2,66.56
18,206,662,106,10,2,69.25
18,206,662,107,10,2,70.91
18,206,662,108,10,2,72.17
18,206,662,109,10,2,73.28
18,206,662,110,10,2,74.25
18,206,662,111,10,2,75.25
18,206,662,112,10,2,76.02
18,206,662,113,10,2,76.6
18,206,662,114,10,2,77.37
18,206,662,115,10,2,79.4729
18,206,662,116,10,2,80.6771
18,206,662,117,10,2,81.7785
18,206,662,118,10,2,82.6848
18,206,662,119,10,2,83.4716
18,206,662,120,10,2,84.2474
18,206,662,121,10,2,85.1539
18,206,662,122,10,2,85.8925
18,206,662,123,10,2,86.6522
18,206,662,124,10,2,87.5478
18,206,662,125,10,2,88.4122
18,206,662,126,10,2,88.9946
18,206,662,127,10,2,89.8047
18,206,662,128,10,2,90.7838
18,206,662,129,10,2,91.55
18,206,662,130,10,2,92.2188
18,8,662,101,10,2,52.22
18,8,662,102,10,2,56.5
18,8,662,103,10,2,60.64
18,8,662,104,10,2,64.17
18,8,662,105,10,2,66.56
18,8,662,106,10,2,69.25
18,8,662,107,10,2,70.91
18,8,662,108,10,2,72.17
18,8,662,109,10,2,73.28
18,8,662,110,10,2,74.25
18,8,662,111,10,2,75.25
18,8,662,112,10,2,76.02
18,8,662,113,10,2,76.6
18,8,662,114,10,2,77.37
18,8,662,115,10,2,77.37
18,8,662,116,10,2,77.37
18,8,662,117,10,2,77.37
18,8,662,118,10,2,77.37
18,8,662,119,10,2,77.37
18,8,662,120,10,2,77.37
18,8,662,121,10,2,77.37
18,8,662,122,10,2,77.37
18,8,662,123,10,2,77.37
18,8,662,124,10,2,77.37
18,8,662,125,10,2,77.37
18,8,662,126,10,2,77.37
18,8,662,127,10,2,77.37
18,8,662,128,10,2,77.37
18,8,662,129,10,2,77.37
18,8,662,130,10,2,77.37
18,202,670,101,10,2,54.17
18,202,670,102,10,2,58.52
18,202,670,103,10,2,62.07
18,202,670,104,10,2,64.28
18,202,670,105,10,2,66.11
18,202,670,106,10,2,68.03
18,202,670,107,10,2,70.11
18,202,670,108,10,2,71.81
18,202,670,109,10,2,72.1
18,202,670,110,10,2,72.4
18,202,670,111,10,2,73.35
18,202,670,112,10,2,74.13
18,202,670,113,10,2,74.49
18,202,670,114,10,2,74.94
18,202,670,115,10,2,75.6222
18,202,670,116,10,2,76.3409
18,202,670,117,10,2,77.0332
18,202,670,118,10,2,77.6913
18,202,670,119,10,2,78.3019
18,202,670,120,10,2,78.8775
18,202,670,121,10,2,79.4633
18,202,670,122,10,2,80.1063
18,202,670,123,10,2,80.6667
18,202,670,124,10,2,81.1438
18,202,670,125,10,2,81.8216
18,202,670,126,10,2,82.3432
18,202,670,127,10,2,82.9131
18,202,670,128,10,2,83.4857
18,202,670,129,10,2,83.9522
18,202,670,130,10,2,84.4444
18,204,670,101,10,2,54.17
18,204,670,102,10,2,58.52
18,204,670,103,10,2,62.07
18,204,670,104,10,2,64.28
18,204,670,105,10,2,66.11
18,204,670,106,10,2,68.03
18,204,670,107,10,2,70.11
18,204,670,108,10,2,71.81
18,204,670,109,10,2,72.1
18,204,670,110,10,2,72.4
18,204,670,111,10,2,73.35
18,204,670,112,10,2,74.13
18,204,670,113,10,2,74.49
18,204,670,114,10,2,74.94
18,204,670,115,10,2,74.6357
18,204,670,116,10,2,74.9362
18,204,670,117,10,2,75.3199
18,204,670,118,10,2,75.8183
18,204,670,119,10,2,76.1232
18,204,670,120,10,2,76.7137
18,204,670,121,10,2,77.0039
18,204,670,122,10,2,77.4038
18,204,670,123,10,2,77.7257
18,204,670,124,10,2,78.2535
18,204,670,125,10,2,78.6559
18,204,670,126,10,2,79.0969
18,204,670,127,10,2,79.5211
18,204,670,128,10,2,79.7775
18,204,670,129,10,2,80.3111
18,204,670,130,10,2,80.681
18,203,670,101,10,2,54.17
18,203,670,102,10,2,58.52
18,203,670,103,10,2,62.07
18,203,670,104,10,2,64.28
18,203,670,105,10,2,66.11
18,203,670,106,10,2,68.03
18,203,670,107,10,2,70.11
18,203,670,108,10,2,71.81
18,203,670,109,10,2,72.1
18,203,670,110,10,2,72.4
18,203,670,111,10,2,73.35
18,203,670,112,10,2,74.13
18,203,670,113,10,2,74.49
18,203,670,114,10,2,74.94
18,203,670,115,10,2,76.6449
18,203,670,116,10,2,77.694
18,203,670,117,10,2,78.6149
18,203,670,118,10,2,79.4419
18,203,670,119,10,2,80.272
18,203,670,120,10,2,81.095
18,203,670,121,10,2,81.9189
18,203,670,122,10,2,82.6419
18,203,670,123,10,2,83.1545
18,203,670,124,10,2,83.9494
18,203,670,125,10,2,84.697
18,203,670,126,10,2,85.1704
18,203,670,127,10,2,85.9592
18,203,670,128,10,2,86.5907
18,203,670,129,10,2,87.1036
18,203,670,130,10,2,87.7886
18,207,670,101,10,2,54.17
18,207,670,102,10,2,58.52
18,207,670,103,10,2,62.07
18,207,670,104,10,2,64.28
18,207,670,105,10,2,66.11
18,207,670,106,10,2,68.03
18,207,670,107,10,2,70.11
18,207,670,108,10,2,71.81
18,207,670,109,10,2,72.1
18,207,670,110,10,2,72.4
18,207,670,111,10,2,73.35
18,207,670,112,10,2,74.13
18,207,670,113,10,2,74.49
18,207,670,114,10,2,74.94
18,207,670,115,10,2,74.2115
18,207,670,116,10,2,74.2776
18,207,670,117,10,2,74.5219
18,207,670,118,10,2,74.8427
18,207,670,119,10,2,75.1251
18,207,670,120,10,2,75.3683
18,207,670,121,10,2,75.7025
18,207,670,122,10,2,75.8373
18,207,670,123,10,2,76.3247
18,207,670,124,10,2,76.643
18,207,670,125,10,2,76.9251
18,207,670,126,10,2,77.2546
18,207,670,127,10,2,77.7083
18,207,670,128,10,2,78.1235
18,207,670,129,10,2,78.4608
18,207,670,130,10,2,78.5691
18,206,670,101,10,2,54.17
18,206,670,102,10,2,58.52
18,206,670,103,10,2,62.07
18,206,670,104,10,2,64.28
18,206,670,105,10,2,66.11
18,206,670,106,10,2,68.03
18,206,670,107,10,2,70.11
18,206,670,108,10,2,71.81
18,206,670,109,10,2,72.1
18,206,670,110,10,2,72.4
18,206,670,111,10,2,73.35
18,206,670,112,10,2,74.13
18,206,670,113,10,2,74.49
18,206,670,114,10,2,74.94
18,206,670,115,10,2,77.1707
18,206,670,116,10,2,78.4373
18,206,670,117,10,2,79.4694
18,206,670,118,10,2,80.5524
18,206,670,119,10,2,81.4565
18,206,670,120,10,2,82.1839
18,206,670,121,10,2,83.0657
18,206,670,122,10,2,83.838
18,206,670,123,10,2,84.7042
18,206,670,124,10,2,85.4021
18,206,670,125,10,2,85.9999
18,206,670,126,10,2,86.8098
18,206,670,127,10,2,87.6593
18,206,670,128,10,2,88.2462
18,206,670,129,10,2,88.941
18,206,670,130,10,2,89.402
18,8,670,101,10,2,54.17
18,8,670,102,10,2,58.52
18,8,670,103,10,2,62.07
18,8,670,104,10,2,64.28
18,8,670,105,10,2,66.11
18,8,670,106,10,2,68.03
18,8,670,107,10,2,70.11
18,8,670,108,10,2,71.81
18,8,670,109,10,2,72.1
18,8,670,110,10,2,72.4
18,8,670,111,10,2,73.35
18,8,670,112,10,2,74.13
18,8,670,113,10,2,74.49
18,8,670,114,10,2,74.94
18,8,670,115,10,2,74.94
18,8,670,116,10,2,74.94
18,8,670,117,10,2,74.94
18,8,670,118,10,2,74.94
18,8,670,119,10,2,74.94
18,8,670,120,10,2,74.94
18,8,670,121,10,2,74.94
18,8,670,122,10,2,74.94
18,8,670,123,10,2,74.94
18,8,670,124,10,2,74.94
18,8,670,125,10,2,74.94
18,8,670,126,10,2,74.94
18,8,670,127,10,2,74.94
18,8,670,128,10,2,74.94
18,8,670,129,10,2,74.94
18,8,670,130,10,2,74.94
18,202,780,101,10,2,59.38
18,202,780,102,10,2,62.53
18,202,780,103,10,2,65.04
18,202,780,104,10,2,66.14
18,202,780,105,10,2,67.1
18,202,780,106,10,2,68.26
18,202,780,107,10,2,69.06
18,202,780,108,10,2,69.56
18,202,780,109,10,2,70.28
18,202,780,110,10,2,70.95
18,202,780,111,10,2,72.53
18,202,780,112,10,2,74.17
18,202,780,113,10,2,75.23
18,202,780,114,10,2,76.02
18,202,780,115,10,2,76.6919
18,202,780,116,10,2,77.3375
18,202,780,117,10,2,78.0179
18,202,780,118,10,2,78.5726
18,202,780,119,10,2,79.1512
18,202,780,120,10,2,79.8077
18,202,780,121,10,2,80.4615
18,202,780,122,10,2,81.0306
18,202,780,123,10,2,81.5873
18,202,780,124,10,2,82.1547
18,202,780,125,10,2,82.7761
18,202,780,126,10,2,83.4115
18,202,780,127,10,2,83.8618
18,202,780,128,10,2,84.4641
18,202,780,129,10,2,84.9829
18,202,780,130,10,2,85.5257
18,204,780,101,10,2,59.38
18,204,780,102,10,2,62.53
18,204,780,103,10,2,65.04
18,204,780,104,10,2,66.14
18,204,780,105,10,2,67.1
18,204,780,106,10,2,68.26
18,204,780,107,10,2,69.06
18,204,780,108,10,2,69.56
18,204,780,109,10,2,70.28
18,204,780,110,10,2,70.95
18,204,780,111,10,2,72.53
18,204,780,112,10,2,74.17
18,204,780,113,10,2,75.23
18,204,780,114,10,2,76.02
18,204,780,115,10,2,75.7582
18,204,780,116,10,2,76.0321
18,204,780,117,10,2,76.4213
18,204,780,118,10,2,76.732
18,204,780,119,10,2,77.1566
18,204,780,120,10,2,77.6008
18,204,780,121,10,2,78.0235
18,204,780,122,10,2,78.4869
18,204,780,123,10,2,78.7654
18,204,780,124,10,2,79.217
18,204,780,125,10,2,79.8095
18,204,780,126,10,2,80.2202
18,204,780,127,10,2,80.6436
18,204,780,128,10,2,81.0218
18,204,780,129,10,2,81.3481
18,204,780,130,10,2,81.9394
18,203,780,101,10,2,59.38
18,203,780,102,10,2,62.53
18,203,780,103,10,2,65.04
18,203,780,104,10,2,66.14
18,203,780,105,10,2,67.1
18,203,780,106,10,2,68.26
18,203,780,107,10,2,69.06
18,203,780,108,10,2,69.56
18,203,780,109,10,2,70.28
18,203,780,110,10,2,70.95
18,203,780,111,10,2,72.53
18,203,780,112,10,2,74.17
18,203,780,113,10,2,75.23
18,203,780,114,10,2,76.02
18,203,780,115,10,2,77.6304
18,203,780,116,10,2,78.6506
18,203,780,117,10,2,79.6565
18,203,780,118,10,2,80.4229
18,203,780,119,10,2,81.3022
18,203,780,120,10,2,82.034
18,203,780,121,10,2,82.7541
18,203,780,122,10,2,83.4585
18,203,780,123,10,2,84.0834
18,203,780,124,10,2,84.8638
18,203,780,125,10,2,85.4262
18,203,780,126,10,2,86.1447
18,203,780,127,10,2,86.7315
18,203,780,128,10,2,87.4488
18,203,780,129,10,2,88.0647
18,203,780,130,10,2,88.8474
18,207,780,101,10,2,59.38
18,207,780,102,10,2,62.53
18,207,780,103,10,2,65.04
18,207,780,104,10,2,66.14
18,207,780,105,10,2,67.1
18,207,780,106,10,2,68.26
18,207,780,107,10,2,69.06
18,207,780,108,10,2,69.56
18,207,780,109,10,2,70.28
18,207,780,110,10,2,70.95
18,207,780,111,10,2,72.53
18,207,780,112,10,2,74.17
18,207,780,113,10,2,75.23
18,207,780,114,10,2,76.02
18,207,780,115,10,2,75.2402
18,207,780,116,10,2,75.3768
18,207,780,117,10,2,75.5364
18,207,780,118,10,2,75.804
18,207,780,119,10,2,76.0412
18,207,780,120,10,2,76.3701
18,207,780,121,10,2,77.0083
18,207,780,122,10,2,77.2037
18,207,780,123,10,2,77.5459
18,207,780,124,10,2,78.0229
18,207,780,125,10,2,78.1907
18,207,780,126,10,2,78.5033
18,207,780,127,10,2,78.7332
18,207,780,128,10,2,79.0736
18,207,780,129,10,2,79.6963
18,207,780,130,10,2,79.9133
18,206,780,101,10,2,59.38
18,206,780,102,10,2,62.53
18,206,780,103,10,2,65.04
18,206,780,104,10,2,66.14
18,206,780,105,10,2,67.1
18,206,780,106,10,2,68.26
18,206,780,107,10,2,69.06
18,206,780,108,10,2,69.56
18,206,780,109,10,2,70.28
18,206,780,110,10,2,70.95
18,206,780,111,10,2,72.53
18,206,780,112,10,2,74.17
18,206,780,113,10,2,75.23
18,206,780,114,10,2,76.02
18,206,780,115,10,2,78.1747
18,206,780,116,10,2,79.4041
18,206,780,117,10,2,80.3876
18,206,780,118,10,2,81.3677
18,206,780,119,10,2,82.3288
18,206,780,120,10,2,82.9495
18,206,780,121,10,2,83.725
18,206,780,122,10,2,84.5365
18,206,780,123,10,2,85.5482
18,206,780,124,10,2,86.1845
18,206,780,125,10,2,86.9711
18,206,780,126,10,2,87.4264
18,206,780,127,10,2,88.2959
18,206,780,128,10,2,88.802
18,206,780,129,10,2,89.5342
18,206,780,130,10,2,90.4348
18,8,780,101,10,2,59.38
18,8,780,102,10,2,62.53
18,8,780,103,10,2,65.04
18,8,780,104,10,2,66.14
18,8,780,105,10,2,67.1
18,8,780,106,10,2,68.26
18,8,780,107,10,2,69.06
18,8,780,108,10,2,69.56
18,8,780,109,10,2,70.28
18,8,780,110,10,2,70.95
18,8,780,111,10,2,72.53
18,8,780,112,10,2,74.17
18,8,780,113,10,2,75.23
18,8,780,114,10,2,76.02
18,8,780,115,10,2,76.02
18,8,780,116,10,2,76.02
18,8,780,117,10,2,76.02
18,8,780,118,10,2,76.02
18,8,780,119,10,2,76.02
18,8,780,120,10,2,76.02
18,8,780,121,10,2,76.02
18,8,780,122,10,2,76.02
18,8,780,123,10,2,76.02
18,8,780,124,10,2,76.02
18,8,780,125,10,2,76.02
18,8,780,126,10,2,76.02
18,8,780,127,10,2,76.02
18,8,780,128,10,2,76.02
18,8,780,129,10,2,76.02
18,8,780,130,10,2,76.02
18,202,850,101,10,2,64.47
18,202,850,102,10,2,67.07
18,202,850,103,10,2,68.4
18,202,850,104,10,2,69.85
18,202,850,105,10,2,71.37
18,202,850,106,10,2,72.71
18,202,850,107,10,2,73.93
18,202,850,108,10,2,75.38
18,202,850,109,10,2,76.84
18,202,850,110,10,2,78.27
18,202,850,111,10,2,79.54
18,202,850,112,10,2,80.34
18,202,850,113,10,2,82.2
18,202,850,114,10,2,82.9
18,202,850,115,10,2,83.6146
18,202,850,116,10,2,84.2846
18,202,850,117,10,2,84.9845
18,202,850,118,10,2,85.5939
18,202,850,119,10,2,86.1995
18,202,850,120,10,2,86.8378
18,202,850,121,10,2,87.4651
18,202,850,122,10,2,88.0485
18,202,850,123,10,2,88.6657
18,202,850,124,10,2,89.2725
18,202,850,125,10,2,89.9209
18,202,850,126,10,2,90.5
18,202,850,127,10,2,91.108
18,202,850,128,10,2,91.7307
18,202,850,129,10,2,92.2901
18,202,850,130,10,2,92.9019
18,204,850,101,10,2,64.47
18,204,850,102,10,2,67.07
18,204,850,103,10,2,68.4
18,204,850,104,10,2,69.85
18,204,850,105,10,2,71.37
18,204,850,106,10,2,72.71
18,204,850,107,10,2,73.93
18,204,850,108,10,2,75.38
18,204,850,109,10,2,76.84
18,204,850,110,10,2,78.27
18,204,850,111,10,2,79.54
18,204,850,112,10,2,80.34
18,204,850,113,10,2,82.2
18,204,850,114,10,2,82.9
18,204,850,115,10,2,82.8838
18,204,850,116,10,2,83.3618
18,204,850,117,10,2,83.7657
18,204,850,118,10,2,84.2773
18,204,850,119,10,2,84.7487
18,204,850,120,10,2,85.118
18,204,850,121,10,2,85.5566
18,204,850,122,10,2,86.0543
18,204,850,123,10,2,86.5799
18,204,850,124,10,2,87.048
18,204,850,125,10,2,87.3741
18,204,850,126,10,2,87.7636
18,204,850,127,10,2,88.2838
18,204,850,128,10,2,88.6151
18,204,850,129,10,2,89.1419
18,204,850,130,10,2,89.7296
18,203,850,101,10,2,64.47
18,203,850,102,10,2,67.07
18,203,850,103,10,2,68.4
18,203,850,104,10,2,69.85
18,203,850,105,10,2,71.37
18,203,850,106,10,2,72.71
18,203,850,107,10,2,73.93
18,203,850,108,10,2,75.38
18,203,850,109,10,2,76.84
18,203,850,110,10,2,78.27
18,203,850,111,10,2,79.54
18,203,850,112,10,2,80.34
18,203,850,113,10,2,82.2
18,203,850,114,10,2,82.9
18,203,850,115,10,2,84.2911
18,203,850,116,10,2,85.2472
18,203,850,117,10,2,86.1875
18,203,850,118,10,2,87.0131
18,203,850,119,10,2,87.8106
18,203,850,120,10,2,88.582
18,203,850,121,10,2,89.3614
18,203,850,122,10,2,90.0842
18,203,850,123,10,2,90.8698
18,203,850,124,10,2,91.5304
18,203,850,125,10,2,92.2922
18,203,850,126,10,2,92.8951
18,203,850,127,10,2,93.6647
18,203,850,128,10,2,94.2747
18,203,850,129,10,2,94.9722
18,203,850,130,10,2,95.6922
18,207,850,101,10,2,64.47
18,207,850,102,10,2,67.07
18,207,850,103,10,2,68.4
18,207,850,104,10,2,69.85
18,207,850,105,10,2,71.37
18,207,850,106,10,2,72.71
18,207,850,107,10,2,73.93
18,207,850,108,10,2,75.38
18,207,850,109,10,2,76.84
18,207,850,110,10,2,78.27
18,207,850,111,10,2,79.54
18,207,850,112,10,2,80.34
18,207,850,113,10,2,82.2
18,207,850,114,10,2,82.9
18,207,850,115,10,2,82.4754
18,207,850,116,10,2,82.8296
18,207,850,117,10,2,83.1719
18,207,850,118,10,2,83.3988
18,207,850,119,10,2,83.8454
18,207,850,120,10,2,84.1786
18,207,850,121,10,2,84.3757
18,207,850,122,10,2,84.8539
18,207,850,123,10,2,85.2549
18,207,850,124,10,2,85.7012
18,207,850,125,10,2,86.1149
18,207,850,126,10,2,86.2739
18,207,850,127,10,2,86.6869
18,207,850,128,10,2,87.0622
18,207,850,129,10,2,87.2402
18,207,850,130,10,2,87.6848
18,206,850,101,10,2,64.47
18,206,850,102,10,2,67.07
18,206,850,103,10,2,68.4
18,206,850,104,10,2,69.85
18,206,850,105,10,2,71.37
18,206,850,106,10,2,72.71
18,206,850,107,10,2,73.93
18,206,850,108,10,2,75.38
18,206,850,109,10,2,76.84
18,206,850,110,10,2,78.27
18,206,850,111,10,2,79.54
18,206,850,112,10,2,80.34
18,206,850,113,10,2,82.2
18,206,850,114,10,2,82.9
18,206,850,115,10,2,84.6324
18,206,850,116,10,2,85.8251
18,206,850,117,10,2,86.8341
18,206,850,118,10,2,87.7638
18,206,850,119,10,2,88.7358
18,206,850,120,10,2,89.6985
18,206,850,121,10,2,90.6816
18,206,850,122,10,2,91.3768
18,206,850,123,10,2,92.1987
18,206,850,124,10,2,92.9185
18,206,850,125,10,2,93.519
18,206,850,126,10,2,94.1234
18,206,850,127,10,2,94.9852
18,206,850,128,10,2,95.7935
18,206,850,129,10,2,96.5406
18,206,850,130,10,2,97.1745
18,8,850,101,10,2,64.47
18,8,850,102,10,2,67.07
18,8,850,103,10,2,68.4
18,8,850,104,10,2,69.85
18,8,850,105,10,2,71.37
18,8,850,106,10,2,72.71
18,8,850,107,10,2,73.93
18,8,850,108,10,2,75.38
18,8,850,109,10,2,76.84
18,8,850,110,10,2,78.27
18,8,850,111,10,2,79.54
18,8,850,112,10,2,80.34
18,8,850,113,10,2,82.2
18,8,850,114,10,2,82.9
18,8,850,115,10,2,82.9
18,8,850,116,10,2,82.9
18,8,850,117,10,2,82.9
18,8,850,118,10,2,82.9
18,8,850,119,10,2,82.9
18,8,850,120,10,2,82.9
18,8,850,121,10,2,82.9
18,8,850,122,10,2,82.9
18,8,850,123,10,2,82.9
18,8,850,124,10,2,82.9
18,8,850,125,10,2,82.9
18,8,850,126,10,2,82.9
18,8,850,127,10,2,82.9
18,8,850,128,10,2,82.9
18,8,850,129,10,2,82.9
18,8,850,130,10,2,82.9
18,202,84,101,10,2,57.3
18,202,84,102,10,2,60.01
18,202,84,103,10,2,62.66
18,202,84,104,10,2,65.41
18,202,84,105,10,2,68
18,202,84,106,10,2,70.41
18,202,84,107,10,2,72.29
18,202,84,108,10,2,73.6
18,202,84,109,10,2,73.12
18,202,84,110,10,2,71.46
18,202,84,111,10,2,72.49
18,202,84,112,10,2,73.6
18,202,84,113,10,2,75.96
18,202,84,114,10,2,77.58
18,202,84,115,10,2,78.3093
18,202,84,116,10,2,78.9793
18,202,84,117,10,2,79.6927
18,202,84,118,10,2,80.3782
18,202,84,119,10,2,80.9995
18,202,84,120,10,2,81.5698
18,202,84,121,10,2,82.2157
18,202,84,122,10,2,82.7458
18,202,84,123,10,2,83.4381
18,202,84,124,10,2,83.9778
18,202,84,125,10,2,84.5065
18,202,84,126,10,2,85.094
18,202,84,127,10,2,85.5515
18,202,84,128,10,2,86.1889
18,202,84,129,10,2,86.7459
18,202,84,130,10,2,87.2741
18,204,84,101,10,2,57.3
18,204,84,102,10,2,60.01
18,204,84,103,10,2,62.66
18,204,84,104,10,2,65.41
18,204,84,105,10,2,68
18,204,84,106,10,2,70.41
18,204,84,107,10,2,72.29
18,204,84,108,10,2,73.6
18,204,84,109,10,2,73.12
18,204,84,110,10,2,71.46
18,204,84,111,10,2,72.49
18,204,84,112,10,2,73.6
18,204,84,113,10,2,75.96
18,204,84,114,10,2,77.58
18,204,84,115,10,2,77.3811
18,204,84,116,10,2,77.7206
18,204,84,117,10,2,78.1121
18,204,84,118,10,2,78.4853
18,204,84,119,10,2,78.9173
18,204,84,120,10,2,79.2831
18,204,84,121,10,2,79.6004
18,204,84,122,10,2,80.0342
18,204,84,123,10,2,80.4174
18,204,84,124,10,2,80.913
18,204,84,125,10,2,81.4761
18,204,84,126,10,2,81.9105
18,204,84,127,10,2,82.312
18,204,84,128,10,2,82.8074
18,204,84,129,10,2,83.1242
18,204,84,130,10,2,83.6453
18,203,84,101,10,2,57.3
18,203,84,102,10,2,60.01
18,203,84,103,10,2,62.66
18,203,84,104,10,2,65.41
18,203,84,105,10,2,68
18,203,84,106,10,2,70.41
18,203,84,107,10,2,72.29
18,203,84,108,10,2,73.6
18,203,84,109,10,2,73.12
18,203,84,110,10,2,71.46
18,203,84,111,10,2,72.49
18,203,84,112,10,2,73.6
18,203,84,113,10,2,75.96
18,203,84,114,10,2,77.58
18,203,84,115,10,2,79.1974
18,203,84,116,10,2,80.1798
18,203,84,117,10,2,81.1369
18,203,84,118,10,2,81.9026
18,203,84,119,10,2,82.6989
18,203,84,120,10,2,83.4289
18,203,84,121,10,2,84.2852
18,203,84,122,10,2,85.1243
18,203,84,123,10,2,85.7704
18,203,84,124,10,2,86.3609
18,203,84,125,10,2,87.0075
18,203,84,126,10,2,87.7663
18,203,84,127,10,2,88.3647
18,203,84,128,10,2,89.035
18,203,84,129,10,2,89.6699
18,203,84,130,10,2,90.3667
18,207,84,101,10,2,57.3
18,207,84,102,10,2,60.01
18,207,84,103,10,2,62.66
18,207,84,104,10,2,65.41
18,207,84,105,10,2,68
18,207,84,106,10,2,70.41
18,207,84,107,10,2,72.29
18,207,84,108,10,2,73.6
18,207,84,109,10,2,73.12
18,207,84,110,10,2,71.46
18,207,84,111,10,2,72.49
18,207,84,112,10,2,73.6
18,207,84,113,10,2,75.96
18,207,84,114,10,2,77.58
18,207,84,115,10,2,76.9196
18,207,84,116,10,2,77.0021
18,207,84,117,10,2,77.2093
18,207,84,118,10,2,77.3278
18,207,84,119,10,2,77.5473
18,207,84,120,10,2,78.0407
18,207,84,121,10,2,78.1164
18,207,84,122,10,2,78.5563
18,207,84,123,10,2,78.9921
18,207,84,124,10,2,79.3844
18,207,84,125,10,2,79.7956
18,207,84,126,10,2,80.112
18,207,84,127,10,2,80.6007
18,207,84,128,10,2,81.1165
18,207,84,129,10,2,81.3632
18,207,84,130,10,2,81.3149
18,206,84,101,10,2,57.3
18,206,84,102,10,2,60.01
18,206,84,103,10,2,62.66
18,206,84,104,10,2,65.41
18,206,84,105,10,2,68
18,206,84,106,10,2,70.41
18,206,84,107,10,2,72.29
18,206,84,108,10,2,73.6
18,206,84,109,10,2,73.12
18,206,84,110,10,2,71.46
18,206,84,111,10,2,72.49
18,206,84,112,10,2,73.6
18,206,84,113,10,2,75.96
18,206,84,114,10,2,77.58
18,206,84,115,10,2,79.7276
18,206,84,116,10,2,80.7062
18,206,84,117,10,2,81.9348
18,206,84,118,10,2,82.7459
18,206,84,119,10,2,83.5123
18,206,84,120,10,2,84.5191
18,206,84,121,10,2,85.2384
18,206,84,122,10,2,86.1452
18,206,84,123,10,2,86.8993
18,206,84,124,10,2,87.4878
18,206,84,125,10,2,88.2012
18,206,84,126,10,2,89.029
18,206,84,127,10,2,89.796
18,206,84,128,10,2,90.6154
18,206,84,129,10,2,91.3168
18,206,84,130,10,2,92.2361
18,8,84,101,10,2,57.3
18,8,84,102,10,2,60.01
18,8,84,103,10,2,62.66
18,8,84,104,10,2,65.41
18,8,84,105,10,2,68
18,8,84,106,10,2,70.41
18,8,84,107,10,2,72.29
18,8,84,108,10,2,73.6
18,8,84,109,10,2,73.12
18,8,84,110,10,2,71.46
18,8,84,111,10,2,72.49
18,8,84,112,10,2,73.6
18,8,84,113,10,2,75.96
18,8,84,114,10,2,77.58
18,8,84,115,10,2,77.58
18,8,84,116,10,2,77.58
18,8,84,117,10,2,77.58
18,8,84,118,10,2,77.58
18,8,84,119,10,2,77.58
18,8,84,120,10,2,77.58
18,8,84,121,10,2,77.58
18,8,84,122,10,2,77.58
18,8,84,123,10,2,77.58
18,8,84,124,10,2,77.58
18,8,84,125,10,2,77.58
18,8,84,126,10,2,77.58
18,8,84,127,10,2,77.58
18,8,84,128,10,2,77.58
18,8,84,129,10,2,77.58
18,8,84,130,10,2,77.58
18,202,188,101,10,2,57.29
18,202,188,102,10,2,60.2
18,202,188,103,10,2,63.82
18,202,188,104,10,2,66.89
18,202,188,105,10,2,69.82
18,202,188,106,10,2,73
18,202,188,107,10,2,76.25
18,202,188,108,10,2,77.87
18,202,188,109,10,2,78.67
18,202,188,110,10,2,79.46
18,202,188,111,10,2,80.18
18,202,188,112,10,2,80.83
18,202,188,113,10,2,81.69
18,202,188,114,10,2,82.66
18,202,188,115,10,2,83.4118
18,202,188,116,10,2,84.0999
18,202,188,117,10,2,84.8137
18,202,188,118,10,2,85.4934
18,202,188,119,10,2,86.1026
18,202,188,120,10,2,86.7606
18,202,188,121,10,2,87.3797
18,202,188,122,10,2,87.9487
18,202,188,123,10,2,88.4836
18,202,188,124,10,2,89.0678
18,202,188,125,10,2,89.6732
18,202,188,126,10,2,90.2643
18,202,188,127,10,2,90.7966
18,202,188,128,10,2,91.2778
18,202,188,129,10,2,91.8893
18,202,188,130,10,2,92.452
18,204,188,101,10,2,57.29
18,204,188,102,10,2,60.2
18,204,188,103,10,2,63.82
18,204,188,104,10,2,66.89
18,204,188,105,10,2,69.82
18,204,188,106,10,2,73
18,204,188,107,10,2,76.25
18,204,188,108,10,2,77.87
18,204,188,109,10,2,78.67
18,204,188,110,10,2,79.46
18,204,188,111,10,2,80.18
18,204,188,112,10,2,80.83
18,204,188,113,10,2,81.69
18,204,188,114,10,2,82.66
18,204,188,115,10,2,82.7024
18,204,188,116,10,2,83.0818
18,204,188,117,10,2,83.518
18,204,188,118,10,2,84.0882
18,204,188,119,10,2,84.5205
18,204,188,120,10,2,84.9492
18,204,188,121,10,2,85.4436
18,204,188,122,10,2,85.9084
18,204,188,123,10,2,86.3181
18,204,188,124,10,2,86.7552
18,204,188,125,10,2,87.1701
18,204,188,126,10,2,87.5682
18,204,188,127,10,2,88.1323
18,204,188,128,10,2,88.4007
18,204,188,129,10,2,88.835
18,204,188,130,10,2,89.1865
18,203,188,101,10,2,57.29
18,203,188,102,10,2,60.2
18,203,188,103,10,2,63.82
18,203,188,104,10,2,66.89
18,203,188,105,10,2,69.82
18,203,188,106,10,2,73
18,203,188,107,10,2,76.25
18,203,188,108,10,2,77.87
18,203,188,109,10,2,78.67
18,203,188,110,10,2,79.46
18,203,188,111,10,2,80.18
18,203,188,112,10,2,80.83
18,203,188,113,10,2,81.69
18,203,188,114,10,2,82.66
18,203,188,115,10,2,84.1447
18,203,188,116,10,2,85.1619
18,203,188,117,10,2,86.0717
18,203,188,118,10,2,86.9548
18,203,188,119,10,2,87.7205
18,203,188,120,10,2,88.3988
18,203,188,121,10,2,89.2035
18,203,188,122,10,2,89.9155
18,203,188,123,10,2,90.7179
18,203,188,124,10,2,91.4329
18,203,188,125,10,2,92.0212
18,203,188,126,10,2,92.716
18,203,188,127,10,2,93.4741
18,203,188,128,10,2,94.1186
18,203,188,129,10,2,94.8808
18,203,188,130,10,2,95.4909
18,207,188,101,10,2,57.29
18,207,188,102,10,2,60.2
18,207,188,103,10,2,63.82
18,207,188,104,10,2,66.89
18,207,188,105,10,2,69.82
18,207,188,106,10,2,73
18,207,188,107,10,2,76.25
18,207,188,108,10,2,77.87
18,207,188,109,10,2,78.67
18,207,188,110,10,2,79.46
18,207,188,111,10,2,80.18
18,207,188,112,10,2,80.83
18,207,188,113,10,2,81.69
18,207,188,114,10,2,82.66
18,207,188,115,10,2,82.332
18,207,188,116,10,2,82.6046
18,207,188,117,10,2,82.8753
18,207,188,118,10,2,83.294
18,207,188,119,10,2,83.5515
18,207,188,120,10,2,83.9701
18,207,188,121,10,2,84.3131
18,207,188,122,10,2,84.6426
18,207,188,123,10,2,85.3136
18,207,188,124,10,2,85.626
18,207,188,125,10,2,86.0245
18,207,188,126,10,2,86.3042
18,207,188,127,10,2,86.7515
18,207,188,128,10,2,87.1092
18,207,188,129,10,2,87.2594
18,207,188,130,10,2,87.555
18,206,188,101,10,2,57.29
18,206,188,102,10,2,60.2
18,206,188,103,10,2,63.82
18,206,188,104,10,2,66.89
18,206,188,105,10,2,69.82
18,206,188,106,10,2,73
18,206,188,107,10,2,76.25
18,206,188,108,10,2,77.87
18,206,188,109,10,2,78.67
18,206,188,110,10,2,79.46
18,206,188,111,10,2,80.18
18,206,188,112,10,2,80.83
18,206,188,113,10,2,81.69
18,206,188,114,10,2,82.66
18,206,188,115,10,2,84.5894
18,206,188,116,10,2,85.7369
18,206,188,117,10,2,86.8829
18,206,188,118,10,2,87.7593
18,206,188,119,10,2,88.6013
18,206,188,120,10,2,89.5019
18,206,188,121,10,2,90.1881
18,206,188,122,10,2,91.0347
18,206,188,123,10,2,91.705
18,206,188,124,10,2,92.4163
18,206,188,125,10,2,93.0792
18,206,188,126,10,2,93.8835
18,206,188,127,10,2,94.7175
18,206,188,128,10,2,95.4072
18,206,188,129,10,2,96.132
18,206,188,130,10,2,96.8416
18,8,188,101,10,2,57.29
18,8,188,102,10,2,60.2
18,8,188,103,10,2,63.82
18,8,188,104,10,2,66.89
18,8,188,105,10,2,69.82
18,8,188,106,10,2,73
18,8,188,107,10,2,76.25
18,8,188,108,10,2,77.87
18,8,188,109,10,2,78.67
18,8,188,110,10,2,79.46
18,8,188,111,10,2,80.18
18,8,188,112,10,2,80.83
18,8,188,113,10,2,81.69
18,8,188,114,10,2,82.66
18,8,188,115,10,2,82.66
18,8,188,116,10,2,82.66
18,8,188,117,10,2,82.66
18,8,188,118,10,2,82.66
18,8,188,119,10,2,82.66
18,8,188,120,10,2,82.66
18,8,188,121,10,2,82.66
18,8,188,122,10,2,82.66
18,8,188,123,10,2,82.66
18,8,188,124,10,2,82.66
18,8,188,125,10,2,82.66
18,8,188,126,10,2,82.66
18,8,188,127,10,2,82.66
18,8,188,128,10,2,82.66
18,8,188,129,10,2,82.66
18,8,188,130,10,2,82.66
18,202,222,101,10,2,47.89
18,202,222,102,10,2,50.6
18,202,222,103,10,2,53.91
18,202,222,104,10,2,56.67
18,202,222,105,10,2,59.19
18,202,222,106,10,2,61.06
18,202,222,107,10,2,63.15
18,202,222,108,10,2,66.93
18,202,222,109,10,2,70.68
18,202,222,110,10,2,72.54
18,202,222,111,10,2,74.08
18,202,222,112,10,2,75.13
18,202,222,113,10,2,76.32
18,202,222,114,10,2,77.54
18,202,222,115,10,2,78.5454
18,202,222,116,10,2,79.4853
18,202,222,117,10,2,80.3012
18,202,222,118,10,2,81.1488
18,202,222,119,10,2,81.8784
18,202,222,120,10,2,82.533
18,202,222,121,10,2,83.2436
18,202,222,122,10,2,83.9016
18,202,222,123,10,2,84.5988
18,202,222,124,10,2,85.1885
18,202,222,125,10,2,85.8941
18,202,222,126,10,2,86.4539
18,202,222,127,10,2,86.9643
18,202,222,128,10,2,87.5967
18,202,222,129,10,2,88.1459
18,202,222,130,10,2,88.7524
18,204,222,101,10,2,47.89
18,204,222,102,10,2,50.6
18,204,222,103,10,2,53.91
18,204,222,104,10,2,56.67
18,204,222,105,10,2,59.19
18,204,222,106,10,2,61.06
18,204,222,107,10,2,63.15
18,204,222,108,10,2,66.93
18,204,222,109,10,2,70.68
18,204,222,110,10,2,72.54
18,204,222,111,10,2,74.08
18,204,222,112,10,2,75.13
18,204,222,113,10,2,76.32
18,204,222,114,10,2,77.54
18,204,222,115,10,2,77.6163
18,204,222,116,10,2,78.1519
18,204,222,117,10,2,78.7755
18,204,222,118,10,2,79.2494
18,204,222,119,10,2,79.8739
18,204,222,120,10,2,80.4987
18,204,222,121,10,2,81.0165
18,204,222,122,10,2,81.5581
18,204,222,123,10,2,82.1418
18,204,222,124,10,2,82.6314
18,204,222,125,10,2,83.0228
18,204,222,126,10,2,83.539
18,204,222,127,10,2,84.0392
18,204,222,128,10,2,84.4761
18,204,222,129,10,2,85.0343
18,204,222,130,10,2,85.5086
18,203,222,101,10,2,47.89
18,203,222,102,10,2,50.6
18,203,222,103,10,2,53.91
18,203,222,104,10,2,56.67
18,203,222,105,10,2,59.19
18,203,222,106,10,2,61.06
18,203,222,107,10,2,63.15
18,203,222,108,10,2,66.93
18,203,222,109,10,2,70.68
18,203,222,110,10,2,72.54
18,203,222,111,10,2,74.08
18,203,222,112,10,2,75.13
18,203,222,113,10,2,76.32
18,203,222,114,10,2,77.54
18,203,222,115,10,2,79.4732
18,203,222,116,10,2,80.7533
18,203,222,117,10,2,81.8511
18,203,222,118,10,2,82.8267
18,203,222,119,10,2,83.7417
18,203,222,120,10,2,84.6055
18,203,222,121,10,2,85.3486
18,203,222,122,10,2,86.1244
18,203,222,123,10,2,87.0506
18,203,222,124,10,2,87.7015
18,203,222,125,10,2,88.4445
18,203,222,126,10,2,89.1949
18,203,222,127,10,2,89.9612
18,203,222,128,10,2,90.5558
18,203,222,129,10,2,91.2953
18,203,222,130,10,2,91.9854
18,207,222,101,10,2,47.89
18,207,222,102,10,2,50.6
18,207,222,103,10,2,53.91
18,207,222,104,10,2,56.67
18,207,222,105,10,2,59.19
18,207,222,106,10,2,61.06
18,207,222,107,10,2,63.15
18,207,222,108,10,2,66.93
18,207,222,109,10,2,70.68
18,207,222,110,10,2,72.54
18,207,222,111,10,2,74.08
18,207,222,112,10,2,75.13
18,207,222,113,10,2,76.32
18,207,222,114,10,2,77.54
18,207,222,115,10,2,77.0503
18,207,222,116,10,2,77.4323
18,207,222,117,10,2,77.7715
18,207,222,118,10,2,78.4405
18,207,222,119,10,2,78.9347
18,207,222,120,10,2,79.4078
18,207,222,121,10,2,79.7915
18,207,222,122,10,2,80.3431
18,207,222,123,10,2,80.6374
18,207,222,124,10,2,81.187
18,207,222,125,10,2,81.4545
18,207,222,126,10,2,81.8468
18,207,222,127,10,2,82.2378
18,207,222,128,10,2,82.4961
18,207,222,129,10,2,83.0153
18,207,222,130,10,2,83.5746
18,206,222,101,10,2,47.89
18,206,222,102,10,2,50.6
18,206,222,103,10,2,53.91
18,206,222,104,10,2,56.67
18,206,222,105,10,2,59.19
18,206,222,106,10,2,61.06
18,206,222,107,10,2,63.15
18,206,222,108,10,2,66.93
18,206,222,109,10,2,70.68
18,206,222,110,10,2,72.54
18,206,222,111,10,2,74.08
18,206,222,112,10,2,75.13
18,206,222,113,10,2,76.32
18,206,222,114,10,2,77.54
18,206,222,115,10,2,79.96
18,206,222,116,10,2,81.4642
18,206,222,117,10,2,82.8507
18,206,222,118,10,2,83.7358
18,206,222,119,10,2,84.8202
18,206,222,120,10,2,85.6802
18,206,222,121,10,2,86.6257
18,206,222,122,10,2,87.51
18,206,222,123,10,2,88.2643
18,206,222,124,10,2,88.8618
18,206,222,125,10,2,89.6461
18,206,222,126,10,2,90.4833
18,206,222,127,10,2,91.1727
18,206,222,128,10,2,91.8804
18,206,222,129,10,2,92.7609
18,206,222,130,10,2,93.4391
18,8,222,101,10,2,47.89
18,8,222,102,10,2,50.6
18,8,222,103,10,2,53.91
18,8,222,104,10,2,56.67
18,8,222,105,10,2,59.19
18,8,222,106,10,2,61.06
18,8,222,107,10,2,63.15
18,8,222,108,10,2,66.93
18,8,222,109,10,2,70.68
18,8,222,110,10,2,72.54
18,8,222,111,10,2,74.08
18,8,222,112,10,2,75.13
18,8,222,113,10,2,76.32
18,8,222,114,10,2,77.54
18,8,222,115,10,2,77.54
18,8,222,116,10,2,77.54
18,8,222,117,10,2,77.54
18,8,222,118,10,2,77.54
18,8,222,119,10,2,77.54
18,8,222,120,10,2,77.54
18,8,222,121,10,2,77.54
18,8,222,122,10,2,77.54
18,8,222,123,10,2,77.54
18,8,222,124,10,2,77.54
18,8,222,125,10,2,77.54
18,8,222,126,10,2,77.54
18,8,222,127,10,2,77.54
18,8,222,128,10,2,77.54
18,8,222,129,10,2,77.54
18,8,222,130,10,2,77.54
18,202,320,101,10,2,43.2
18,202,320,102,10,2,45.99
18,202,320,103,10,2,48.78
18,202,320,104,10,2,51.96
18,202,320,105,10,2,55.26
18,202,320,106,10,2,57.9
18,202,320,107,10,2,60.57
18,202,320,108,10,2,63.63
18,202,320,109,10,2,66.71
18,202,320,110,10,2,69.77
18,202,320,111,10,2,72.1
18,202,320,112,10,2,73.7
18,202,320,113,10,2,75.6
18,202,320,114,10,2,76.8
18,202,320,115,10,2,77.9103
18,202,320,116,10,2,78.9532
18,202,320,117,10,2,79.9094
18,202,320,118,10,2,80.8139
18,202,320,119,10,2,81.6022
18,202,320,120,10,2,82.3477
18,202,320,121,10,2,83.054
18,202,320,122,10,2,83.7903
18,202,320,123,10,2,84.4945
18,202,320,124,10,2,85.1366
18,202,320,125,10,2,85.9076
18,202,320,126,10,2,86.4417
18,202,320,127,10,2,87.0583
18,202,320,128,10,2,87.6849
18,202,320,129,10,2,88.2773
18,202,320,130,10,2,88.9362
18,204,320,101,10,2,43.2
18,204,320,102,10,2,45.99
18,204,320,103,10,2,48.78
18,204,320,104,10,2,51.96
18,204,320,105,10,2,55.26
18,204,320,106,10,2,57.9
18,204,320,107,10,2,60.57
18,204,320,108,10,2,63.63
18,204,320,109,10,2,66.71
18,204,320,110,10,2,69.77
18,204,320,111,10,2,72.1
18,204,320,112,10,2,73.7
18,204,320,113,10,2,75.6
18,204,320,114,10,2,76.8
18,204,320,115,10,2,76.9383
18,204,320,116,10,2,77.495
18,204,320,117,10,2,78.236
18,204,320,118,10,2,78.9347
18,204,320,119,10,2,79.5912
18,204,320,120,10,2,80.1419
18,204,320,121,10,2,80.809
18,204,320,122,10,2,81.2753
18,204,320,123,10,2,81.9432
18,204,320,124,10,2,82.4874
18,204,320,125,10,2,82.9632
18,204,320,126,10,2,83.6216
18,204,320,127,10,2,83.9805
18,204,320,128,10,2,84.5202
18,204,320,129,10,2,84.966
18,204,320,130,10,2,85.4524
18,203,320,101,10,2,43.2
18,203,320,102,10,2,45.99
18,203,320,103,10,2,48.78
18,203,320,104,10,2,51.96
18,203,320,105,10,2,55.26
18,203,320,106,10,2,57.9
18,203,320,107,10,2,60.57
18,203,320,108,10,2,63.63
18,203,320,109,10,2,66.71
18,203,320,110,10,2,69.77
18,203,320,111,10,2,72.1
18,203,320,112,10,2,73.7
18,203,320,113,10,2,75.6
18,203,320,114,10,2,76.8
18,203,320,115,10,2,79.0105
18,203,320,116,10,2,80.363
18,203,320,117,10,2,81.521
18,203,320,118,10,2,82.6169
18,203,320,119,10,2,83.4807
18,203,320,120,10,2,84.5167
18,203,320,121,10,2,85.2656
18,203,320,122,10,2,86.1298
18,203,320,123,10,2,86.8903
18,203,320,124,10,2,87.7057
18,203,320,125,10,2,88.4316
18,203,320,126,10,2,89.1722
18,203,320,127,10,2,89.9392
18,203,320,128,10,2,90.5698
18,203,320,129,10,2,91.4254
18,203,320,130,10,2,92.0615
18,207,320,101,10,2,43.2
18,207,320,102,10,2,45.99
18,207,320,103,10,2,48.78
18,207,320,104,10,2,51.96
18,207,320,105,10,2,55.26
18,207,320,106,10,2,57.9
18,207,320,107,10,2,60.57
18,207,320,108,10,2,63.63
18,207,320,109,10,2,66.71
18,207,320,110,10,2,69.77
18,207,320,111,10,2,72.1
18,207,320,112,10,2,73.7
18,207,320,113,10,2,75.6
18,207,320,114,10,2,76.8
18,207,320,115,10,2,76.3276
18,207,320,116,10,2,76.8167
18,207,320,117,10,2,77.3587
18,207,320,118,10,2,77.784
18,207,320,119,10,2,78.2857
18,207,320,120,10,2,78.8054
18,207,320,121,10,2,79.5417
18,207,320,122,10,2,80.0777
18,207,320,123,10,2,80.5386
18,207,320,124,10,2,80.886
18,207,320,125,10,2,81.5418
18,207,320,126,10,2,81.8618
18,207,320,127,10,2,82.2938
18,207,320,128,10,2,82.5982
18,207,320,129,10,2,83.1322
18,207,320,130,10,2,83.4159
18,206,320,101,10,2,43.2
18,206,320,102,10,2,45.99
18,206,320,103,10,2,48.78
18,206,320,104,10,2,51.96
18,206,320,105,10,2,55.26
18,206,320,106,10,2,57.9
18,206,320,107,10,2,60.57
18,206,320,108,10,2,63.63
18,206,320,109,10,2,66.71
18,206,320,110,10,2,69.77
18,206,320,111,10,2,72.1
18,206,320,112,10,2,73.7
18,206,320,113,10,2,75.6
18,206,320,114,10,2,76.8
18,206,320,115,10,2,79.5721
18,206,320,116,10,2,81.001
18,206,320,117,10,2,82.4115
18,206,320,118,10,2,83.6391
18,206,320,119,10,2,84.5217
18,206,320,120,10,2,85.4815
18,206,320,121,10,2,86.4543
18,206,320,122,10,2,87.3975
18,206,320,123,10,2,88.1507
18,206,320,124,10,2,89.0969
18,206,320,125,10,2,89.9899
18,206,320,126,10,2,90.7178
18,206,320,127,10,2,91.4325
18,206,320,128,10,2,92.3162
18,206,320,129,10,2,93.1075
18,206,320,130,10,2,93.787
18,8,320,101,10,2,43.2
18,8,320,102,10,2,45.99
18,8,320,103,10,2,48.78
18,8,320,104,10,2,51.96
18,8,320,105,10,2,55.26
18,8,320,106,10,2,57.9
18,8,320,107,10,2,60.57
18,8,320,108,10,2,63.63
18,8,320,109,10,2,66.71
18,8,320,110,10,2,69.77
18,8,320,111,10,2,72.1
18,8,320,112,10,2,73.7
18,8,320,113,10,2,75.6
18,8,320,114,10,2,76.8
18,8,320,115,10,2,76.8
18,8,320,116,10,2,76.8
18,8,320,117,10,2,76.8
18,8,320,118,10,2,76.8
18,8,320,119,10,2,76.8
18,8,320,120,10,2,76.8
18,8,320,121,10,2,76.8
18,8,320,122,10,2,76.8
18,8,320,123,10,2,76.8
18,8,320,124,10,2,76.8
18,8,320,125,10,2,76.8
18,8,320,126,10,2,76.8
18,8,320,127,10,2,76.8
18,8,320,128,10,2,76.8
18,8,320,129,10,2,76.8
18,8,320,130,10,2,76.8
18,202,340,101,10,2,43.12
18,202,340,102,10,2,46.29
18,202,340,103,10,2,49.79
18,202,340,104,10,2,52.97
18,202,340,105,10,2,56.16
18,202,340,106,10,2,59.86
18,202,340,107,10,2,63.79
18,202,340,108,10,2,67.71
18,202,340,109,10,2,70.06
18,202,340,110,10,2,72.3
18,202,340,111,10,2,73.65
18,202,340,112,10,2,75.01
18,202,340,113,10,2,76.31
18,202,340,114,10,2,77.28
18,202,340,115,10,2,78.2588
18,202,340,116,10,2,79.137
18,202,340,117,10,2,79.9655
18,202,340,118,10,2,80.7443
18,202,340,119,10,2,81.4931
18,202,340,120,10,2,82.2385
18,202,340,121,10,2,82.9696
18,202,340,122,10,2,83.6283
18,202,340,123,10,2,84.3431
18,202,340,124,10,2,84.9891
18,202,340,125,10,2,85.5847
18,202,340,126,10,2,86.1802
18,202,340,127,10,2,86.8132
18,202,340,128,10,2,87.3273
18,202,340,129,10,2,87.8851
18,202,340,130,10,2,88.4518
18,204,340,101,10,2,43.12
18,204,340,102,10,2,46.29
18,204,340,103,10,2,49.79
18,204,340,104,10,2,52.97
18,204,340,105,10,2,56.16
18,204,340,106,10,2,59.86
18,204,340,107,10,2,63.79
18,204,340,108,10,2,67.71
18,204,340,109,10,2,70.06
18,204,340,110,10,2,72.3
18,204,340,111,10,2,73.65
18,204,340,112,10,2,75.01
18,204,340,113,10,2,76.31
18,204,340,114,10,2,77.28
18,204,340,115,10,2,77.2824
18,204,340,116,10,2,77.7791
18,204,340,117,10,2,78.3836
18,204,340,118,10,2,79.0081
18,204,340,119,10,2,79.5865
18,204,340,120,10,2,80.1195
18,204,340,121,10,2,80.6763
18,204,340,122,10,2,81.1477
18,204,340,123,10,2,81.6449
18,204,340,124,10,2,82.1142
18,204,340,125,10,2,82.5849
18,204,340,126,10,2,83.1962
18,204,340,127,10,2,83.72
18,204,340,128,10,2,84.1685
18,204,340,129,10,2,84.7604
18,204,340,130,10,2,85.1595
18,203,340,101,10,2,43.12
18,203,340,102,10,2,46.29
18,203,340,103,10,2,49.79
18,203,340,104,10,2,52.97
18,203,340,105,10,2,56.16
18,203,340,106,10,2,59.86
18,203,340,107,10,2,63.79
18,203,340,108,10,2,67.71
18,203,340,109,10,2,70.06
18,203,340,110,10,2,72.3
18,203,340,111,10,2,73.65
18,203,340,112,10,2,75.01
18,203,340,113,10,2,76.31
18,203,340,114,10,2,77.28
18,203,340,115,10,2,79.1977
18,203,340,116,10,2,80.4617
18,203,340,117,10,2,81.6105
18,203,340,118,10,2,82.5868
18,203,340,119,10,2,83.4803
18,203,340,120,10,2,84.368
18,203,340,121,10,2,85.2034
18,203,340,122,10,2,85.9811
18,203,340,123,10,2,86.7581
18,203,340,124,10,2,87.5492
18,203,340,125,10,2,88.3014
18,203,340,126,10,2,89.0418
18,203,340,127,10,2,89.703
18,203,340,128,10,2,90.3165
18,203,340,129,10,2,91.0767
18,203,340,130,10,2,91.8226
18,207,340,101,10,2,43.12
18,207,340,102,10,2,46.29
18,207,340,103,10,2,49.79
18,207,340,104,10,2,52.97
18,207,340,105,10,2,56.16
18,207,340,106,10,2,59.86
18,207,340,107,10,2,63.79
18,207,340,108,10,2,67.71
18,207,340,109,10,2,70.06
18,207,340,110,10,2,72.3
18,207,340,111,10,2,73.65
18,207,340,112,10,2,75.01
18,207,340,113,10,2,76.31
18,207,340,114,10,2,77.28
18,207,340,115,10,2,76.7666
18,207,340,116,10,2,77.0682
18,207,340,117,10,2,77.4642
18,207,340,118,10,2,77.9731
18,207,340,119,10,2,78.5155
18,207,340,120,10,2,79.0513
18,207,340,121,10,2,79.3855
18,207,340,122,10,2,79.9493
18,207,340,123,10,2,80.3229
18,207,340,124,10,2,80.5247
18,207,340,125,10,2,81.0291
18,207,340,126,10,2,81.4747
18,207,340,127,10,2,81.7852
18,207,340,128,10,2,82.3682
18,207,340,129,10,2,83.1195
18,207,340,130,10,2,83.3411
18,206,340,101,10,2,43.12
18,206,340,102,10,2,46.29
18,206,340,103,10,2,49.79
18,206,340,104,10,2,52.97
18,206,340,105,10,2,56.16
18,206,340,106,10,2,59.86
18,206,340,107,10,2,63.79
18,206,340,108,10,2,67.71
18,206,340,109,10,2,70.06
18,206,340,110,10,2,72.3
18,206,340,111,10,2,73.65
18,206,340,112,10,2,75.01
18,206,340,113,10,2,76.31
18,206,340,114,10,2,77.28
18,206,340,115,10,2,79.7337
18,206,340,116,10,2,81.3022
18,206,340,117,10,2,82.4675
18,206,340,118,10,2,83.5204
18,206,340,119,10,2,84.5038
18,206,340,120,10,2,85.4922
18,206,340,121,10,2,86.3296
18,206,340,122,10,2,87.1679
18,206,340,123,10,2,88.0582
18,206,340,124,10,2,88.8264
18,206,340,125,10,2,89.6943
18,206,340,126,10,2,90.554
18,206,340,127,10,2,91.217
18,206,340,128,10,2,91.9244
18,206,340,129,10,2,92.7889
18,206,340,130,10,2,93.4553
18,8,340,101,10,2,43.12
18,8,340,102,10,2,46.29
18,8,340,103,10,2,49.79
18,8,340,104,10,2,52.97
18,8,340,105,10,2,56.16
18,8,340,106,10,2,59.86
18,8,340,107,10,2,63.79
18,8,340,108,10,2,67.71
18,8,340,109,10,2,70.06
18,8,340,110,10,2,72.3
18,8,340,111,10,2,73.65
18,8,340,112,10,2,75.01
18,8,340,113,10,2,76.31
18,8,340,114,10,2,77.28
18,8,340,115,10,2,77.28
18,8,340,116,10,2,77.28
18,8,340,117,10,2,77.28
18,8,340,118,10,2,77.28
18,8,340,119,10,2,77.28
18,8,340,120,10,2,77.28
18,8,340,121,10,2,77.28
18,8,340,122,10,2,77.28
18,8,340,123,10,2,77.28
18,8,340,124,10,2,77.28
18,8,340,125,10,2,77.28
18,8,340,126,10,2,77.28
18,8,340,127,10,2,77.28
18,8,340,128,10,2,77.28
18,8,340,129,10,2,77.28
18,8,340,130,10,2,77.28
18,202,484,101,10,2,52.54
18,202,484,102,10,2,57.26
18,202,484,103,10,2,60.58
18,202,484,104,10,2,62.49
18,202,484,105,10,2,65.15
18,202,484,106,10,2,68.55
18,202,484,107,10,2,71.16
18,202,484,108,10,2,72.98
18,202,484,109,10,2,74.62
18,202,484,110,10,2,76.07
18,202,484,111,10,2,77.74
18,202,484,112,10,2,77.99
18,202,484,113,10,2,77.91
18,202,484,114,10,2,77.83
18,202,484,115,10,2,78.6845
18,202,484,116,10,2,79.4438
18,202,484,117,10,2,80.176
18,202,484,118,10,2,80.8808
18,202,484,119,10,2,81.4704
18,202,484,120,10,2,82.155
18,202,484,121,10,2,82.8242
18,202,484,122,10,2,83.3692
18,202,484,123,10,2,83.9476
18,202,484,124,10,2,84.4981
18,202,484,125,10,2,85.041
18,202,484,126,10,2,85.6077
18,202,484,127,10,2,86.2195
18,202,484,128,10,2,86.8063
18,202,484,129,10,2,87.4519
18,202,484,130,10,2,87.9052
18,204,484,101,10,2,52.54
18,204,484,102,10,2,57.26
18,204,484,103,10,2,60.58
18,204,484,104,10,2,62.49
18,204,484,105,10,2,65.15
18,204,484,106,10,2,68.55
18,204,484,107,10,2,71.16
18,204,484,108,10,2,72.98
18,204,484,109,10,2,74.62
18,204,484,110,10,2,76.07
18,204,484,111,10,2,77.74
18,204,484,112,10,2,77.99
18,204,484,113,10,2,77.91
18,204,484,114,10,2,77.83
18,204,484,115,10,2,77.7344
18,204,484,116,10,2,78.1502
18,204,484,117,10,2,78.6121
18,204,484,118,10,2,79.0878
18,204,484,119,10,2,79.5336
18,204,484,120,10,2,79.9838
18,204,484,121,10,2,80.4584
18,204,484,122,10,2,80.9165
18,204,484,123,10,2,81.356
18,204,484,124,10,2,81.791
18,204,484,125,10,2,82.3693
18,204,484,126,10,2,82.7695
18,204,484,127,10,2,83.2224
18,204,484,128,10,2,83.7832
18,204,484,129,10,2,84.239
18,204,484,130,10,2,84.5315
18,203,484,101,10,2,52.54
18,203,484,102,10,2,57.26
18,203,484,103,10,2,60.58
18,203,484,104,10,2,62.49
18,203,484,105,10,2,65.15
18,203,484,106,10,2,68.55
18,203,484,107,10,2,71.16
18,203,484,108,10,2,72.98
18,203,484,109,10,2,74.62
18,203,484,110,10,2,76.07
18,203,484,111,10,2,77.74
18,203,484,112,10,2,77.99
18,203,484,113,10,2,77.91
18,203,484,114,10,2,77.83
18,203,484,115,10,2,79.6023
18,203,484,116,10,2,80.6871
18,203,484,117,10,2,81.639
18,203,484,118,10,2,82.5743
18,203,484,119,10,2,83.3053
18,203,484,120,10,2,84.2637
18,203,484,121,10,2,85.0401
18,203,484,122,10,2,85.7013
18,203,484,123,10,2,86.4557
18,203,484,124,10,2,87.0731
18,203,484,125,10,2,87.789
18,203,484,126,10,2,88.4645
18,203,484,127,10,2,89.2241
18,203,484,128,10,2,89.962
18,203,484,129,10,2,90.4703
18,203,484,130,10,2,91.1239
18,207,484,101,10,2,52.54
18,207,484,102,10,2,57.26
18,207,484,103,10,2,60.58
18,207,484,104,10,2,62.49
18,207,484,105,10,2,65.15
18,207,484,106,10,2,68.55
18,207,484,107,10,2,71.16
18,207,484,108,10,2,72.98
18,207,484,109,10,2,74.62
18,207,484,110,10,2,76.07
18,207,484,111,10,2,77.74
18,207,484,112,10,2,77.99
18,207,484,113,10,2,77.91
18,207,484,114,10,2,77.83
18,207,484,115,10,2,77.2469
18,207,484,116,10,2,77.4848
18,207,484,117,10,2,77.75
18,207,484,118,10,2,77.9879
18,207,484,119,10,2,78.5827
18,207,484,120,10,2,78.7311
18,207,484,121,10,2,79.2971
18,207,484,122,10,2,79.5398
18,207,484,123,10,2,80.2393
18,207,484,124,10,2,80.5717
18,207,484,125,10,2,80.7916
18,207,484,126,10,2,81.017
18,207,484,127,10,2,81.3817
18,207,484,128,10,2,82.1037
18,207,484,129,10,2,82.0717
18,207,484,130,10,2,82.3858
18,206,484,101,10,2,52.54
18,206,484,102,10,2,57.26
18,206,484,103,10,2,60.58
18,206,484,104,10,2,62.49
18,206,484,105,10,2,65.15
18,206,484,106,10,2,68.55
18,206,484,107,10,2,71.16
18,206,484,108,10,2,72.98
18,206,484,109,10,2,74.62
18,206,484,110,10,2,76.07
18,206,484,111,10,2,77.74
18,206,484,112,10,2,77.99
18,206,484,113,10,2,77.91
18,206,484,114,10,2,77.83
18,206,484,115,10,2,80.0346
18,206,484,116,10,2,81.3928
18,206,484,117,10,2,82.3768
18,206,484,118,10,2,83.3701
18,206,484,119,10,2,84.4559
18,206,484,120,10,2,85.2811
18,206,484,121,10,2,86.2548
18,206,484,122,10,2,86.8714
18,206,484,123,10,2,87.6502
18,206,484,124,10,2,88.3746
18,206,484,125,10,2,89.3485
18,206,484,126,10,2,90.0969
18,206,484,127,10,2,90.6581
18,206,484,128,10,2,91.3245
18,206,484,129,10,2,92.0116
18,206,484,130,10,2,92.7949
18,8,484,101,10,2,52.54
18,8,484,102,10,2,57.26
18,8,484,103,10,2,60.58
18,8,484,104,10,2,62.49
18,8,484,105,10,2,65.15
18,8,484,106,10,2,68.55
18,8,484,107,10,2,71.16
18,8,484,108,10,2,72.98
18,8,484,109,10,2,74.62
18,8,484,110,10,2,76.07
18,8,484,111,10,2,77.74
18,8,484,112,10,2,77.99
18,8,484,113,10,2,77.91
18,8,484,114,10,2,77.83
18,8,484,115,10,2,77.83
18,8,484,116,10,2,77.83
18,8,484,117,10,2,77.83
18,8,484,118,10,2,77.83
18,8,484,119,10,2,77.83
18,8,484,120,10,2,77.83
18,8,484,121,10,2,77.83
18,8,484,122,10,2,77.83
18,8,484,123,10,2,77.83
18,8,484,124,10,2,77.83
18,8,484,125,10,2,77.83
18,8,484,126,10,2,77.83
18,8,484,127,10,2,77.83
18,8,484,128,10,2,77.83
18,8,484,129,10,2,77.83
18,8,484,130,10,2,77.83
18,202,558,101,10,2,43.76
18,202,558,102,10,2,46.75
18,202,558,103,10,2,49.93
18,202,558,104,10,2,53.24
18,202,558,105,10,2,56.54
18,202,558,106,10,2,59.6
18,202,558,107,10,2,62.49
18,202,558,108,10,2,65.69
18,202,558,109,10,2,68.88
18,202,558,110,10,2,71.16
18,202,558,111,10,2,73.54
18,202,558,112,10,2,74.87
18,202,558,113,10,2,76.38
18,202,558,114,10,2,77.66
18,202,558,115,10,2,78.7037
18,202,558,116,10,2,79.6865
18,202,558,117,10,2,80.5968
18,202,558,118,10,2,81.4218
18,202,558,119,10,2,82.1553
18,202,558,120,10,2,82.9455
18,202,558,121,10,2,83.6338
18,202,558,122,10,2,84.3236
18,202,558,123,10,2,84.9699
18,202,558,124,10,2,85.5641
18,202,558,125,10,2,86.1875
18,202,558,126,10,2,86.8468
18,202,558,127,10,2,87.4805
18,202,558,128,10,2,88.0339
18,202,558,129,10,2,88.6338
18,202,558,130,10,2,89.2639
18,204,558,101,10,2,43.76
18,204,558,102,10,2,46.75
18,204,558,103,10,2,49.93
18,204,558,104,10,2,53.24
18,204,558,105,10,2,56.54
18,204,558,106,10,2,59.6
18,204,558,107,10,2,62.49
18,204,558,108,10,2,65.69
18,204,558,109,10,2,68.88
18,204,558,110,10,2,71.16
18,204,558,111,10,2,73.54
18,204,558,112,10,2,74.87
18,204,558,113,10,2,76.38
18,204,558,114,10,2,77.66
18,204,558,115,10,2,77.758
18,204,558,116,10,2,78.3314
18,204,558,117,10,2,78.9235
18,204,558,118,10,2,79.5539
18,204,558,119,10,2,80.0878
18,204,558,120,10,2,80.7314
18,204,558,121,10,2,81.2221
18,204,558,122,10,2,81.962
18,204,558,123,10,2,82.5371
18,204,558,124,10,2,83.0155
18,204,558,125,10,2,83.5374
18,204,558,126,10,2,84.0388
18,204,558,127,10,2,84.6054
18,204,558,128,10,2,85.015
18,204,558,129,10,2,85.4995
18,204,558,130,10,2,85.7952
18,203,558,101,10,2,43.76
18,203,558,102,10,2,46.75
18,203,558,103,10,2,49.93
18,203,558,104,10,2,53.24
18,203,558,105,10,2,56.54
18,203,558,106,10,2,59.6
18,203,558,107,10,2,62.49
18,203,558,108,10,2,65.69
18,203,558,109,10,2,68.88
18,203,558,110,10,2,71.16
18,203,558,111,10,2,73.54
18,203,558,112,10,2,74.87
18,203,558,113,10,2,76.38
18,203,558,114,10,2,77.66
18,203,558,115,10,2,79.6559
18,203,558,116,10,2,81.0035
18,203,558,117,10,2,82.106
18,203,558,118,10,2,83.1563
18,203,558,119,10,2,84.0834
18,203,558,120,10,2,84.9088
18,203,558,121,10,2,85.848
18,203,558,122,10,2,86.696
18,203,558,123,10,2,87.3912
18,203,558,124,10,2,88.1868
18,203,558,125,10,2,88.9789
18,203,558,126,10,2,89.7048
18,203,558,127,10,2,90.3454
18,203,558,128,10,2,91.0753
18,203,558,129,10,2,91.7183
18,203,558,130,10,2,92.4303
18,207,558,101,10,2,43.76
18,207,558,102,10,2,46.75
18,207,558,103,10,2,49.93
18,207,558,104,10,2,53.24
18,207,558,105,10,2,56.54
18,207,558,106,10,2,59.6
18,207,558,107,10,2,62.49
18,207,558,108,10,2,65.69
18,207,558,109,10,2,68.88
18,207,558,110,10,2,71.16
18,207,558,111,10,2,73.54
18,207,558,112,10,2,74.87
18,207,558,113,10,2,76.38
18,207,558,114,10,2,77.66
18,207,558,115,10,2,77.3531
18,207,558,116,10,2,77.6594
18,207,558,117,10,2,78.2487
18,207,558,118,10,2,78.6739
18,207,558,119,10,2,79.1329
18,207,558,120,10,2,79.4485
18,207,558,121,10,2,80.0818
18,207,558,122,10,2,80.5708
18,207,558,123,10,2,81.0206
18,207,558,124,10,2,81.5036
18,207,558,125,10,2,81.9221
18,207,558,126,10,2,82.5165
18,207,558,127,10,2,82.88
18,207,558,128,10,2,83.2979
18,207,558,129,10,2,83.8216
18,207,558,130,10,2,84.1336
18,206,558,101,10,2,43.76
18,206,558,102,10,2,46.75
18,206,558,103,10,2,49.93
18,206,558,104,10,2,53.24
18,206,558,105,10,2,56.54
18,206,558,106,10,2,59.6
18,206,558,107,10,2,62.49
18,206,558,108,10,2,65.69
18,206,558,109,10,2,68.88
18,206,558,110,10,2,71.16
18,206,558,111,10,2,73.54
18,206,558,112,10,2,74.87
18,206,558,113,10,2,76.38
18,206,558,114,10,2,77.66
18,206,558,115,10,2,80.0493
18,206,558,116,10,2,81.551
18,206,558,117,10,2,82.8987
18,206,558,118,10,2,83.9372
18,206,558,119,10,2,85.1511
18,206,558,120,10,2,85.9842
18,206,558,121,10,2,86.7575
18,206,558,122,10,2,87.761
18,206,558,123,10,2,88.6194
18,206,558,124,10,2,89.3872
18,206,558,125,10,2,90.3532
18,206,558,126,10,2,91.1398
18,206,558,127,10,2,91.8232
18,206,558,128,10,2,92.7911
18,206,558,129,10,2,93.5303
18,206,558,130,10,2,94.4497
18,8,558,101,10,2,43.76
18,8,558,102,10,2,46.75
18,8,558,103,10,2,49.93
18,8,558,104,10,2,53.24
18,8,558,105,10,2,56.54
18,8,558,106,10,2,59.6
18,8,558,107,10,2,62.49
18,8,558,108,10,2,65.69
18,8,558,109,10,2,68.88
18,8,558,110,10,2,71.16
18,8,558,111,10,2,73.54
18,8,558,112,10,2,74.87
18,8,558,113,10,2,76.38
18,8,558,114,10,2,77.66
18,8,558,115,10,2,77.66
18,8,558,116,10,2,77.66
18,8,558,117,10,2,77.66
18,8,558,118,10,2,77.66
18,8,558,119,10,2,77.66
18,8,558,120,10,2,77.66
18,8,558,121,10,2,77.66
18,8,558,122,10,2,77.66
18,8,558,123,10,2,77.66
18,8,558,124,10,2,77.66
18,8,558,125,10,2,77.66
18,8,558,126,10,2,77.66
18,8,558,127,10,2,77.66
18,8,558,128,10,2,77.66
18,8,558,129,10,2,77.66
18,8,558,130,10,2,77.66
18,202,591,101,10,2,57.79
18,202,591,102,10,2,60.53
18,202,591,103,10,2,63.32
18,202,591,104,10,2,65.66
18,202,591,105,10,2,68.5
18,202,591,106,10,2,71.51
18,202,591,107,10,2,73.68
18,202,591,108,10,2,75.4
18,202,591,109,10,2,76.48
18,202,591,110,10,2,77.2
18,202,591,111,10,2,78.11
18,202,591,112,10,2,79.28
18,202,591,113,10,2,80.39
18,202,591,114,10,2,81.53
18,202,591,115,10,2,82.3172
18,202,591,116,10,2,83.0804
18,202,591,117,10,2,83.8102
18,202,591,118,10,2,84.5196
18,202,591,119,10,2,85.1843
18,202,591,120,10,2,85.8253
18,202,591,121,10,2,86.403
18,202,591,122,10,2,87.109
18,202,591,123,10,2,87.6546
18,202,591,124,10,2,88.2976
18,202,591,125,10,2,88.9616
18,202,591,126,10,2,89.4344
18,202,591,127,10,2,90.0378
18,202,591,128,10,2,90.6655
18,202,591,129,10,2,91.2771
18,202,591,130,10,2,91.718
18,204,591,101,10,2,57.79
18,204,591,102,10,2,60.53
18,204,591,103,10,2,63.32
18,204,591,104,10,2,65.66
18,204,591,105,10,2,68.5
18,204,591,106,10,2,71.51
18,204,591,107,10,2,73.68
18,204,591,108,10,2,75.4
18,204,591,109,10,2,76.48
18,204,591,110,10,2,77.2
18,204,591,111,10,2,78.11
18,204,591,112,10,2,79.28
18,204,591,113,10,2,80.39
18,204,591,114,10,2,81.53
18,204,591,115,10,2,81.5244
18,204,591,116,10,2,81.9535
18,204,591,117,10,2,82.389
18,204,591,118,10,2,82.9811
18,204,591,119,10,2,83.4165
18,204,591,120,10,2,83.9909
18,204,591,121,10,2,84.4883
18,204,591,122,10,2,84.8755
18,204,591,123,10,2,85.3807
18,204,591,124,10,2,85.789
18,204,591,125,10,2,86.2944
18,204,591,126,10,2,86.7707
18,204,591,127,10,2,87.153
18,204,591,128,10,2,87.7939
18,204,591,129,10,2,88.2905
18,204,591,130,10,2,88.8168
18,203,591,101,10,2,57.79
18,203,591,102,10,2,60.53
18,203,591,103,10,2,63.32
18,203,591,104,10,2,65.66
18,203,591,105,10,2,68.5
18,203,591,106,10,2,71.51
18,203,591,107,10,2,73.68
18,203,591,108,10,2,75.4
18,203,591,109,10,2,76.48
18,203,591,110,10,2,77.2
18,203,591,111,10,2,78.11
18,203,591,112,10,2,79.28
18,203,591,113,10,2,80.39
18,203,591,114,10,2,81.53
18,203,591,115,10,2,83.1578
18,203,591,116,10,2,84.1654
18,203,591,117,10,2,85.0785
18,203,591,118,10,2,85.8855
18,203,591,119,10,2,86.6822
18,203,591,120,10,2,87.4864
18,203,591,121,10,2,88.3089
18,203,591,122,10,2,89.0569
18,203,591,123,10,2,89.825
18,203,591,124,10,2,90.5817
18,203,591,125,10,2,91.3214
18,203,591,126,10,2,92.042
18,203,591,127,10,2,92.7935
18,203,591,128,10,2,93.4206
18,203,591,129,10,2,94.1436
18,203,591,130,10,2,94.8414
18,207,591,101,10,2,57.79
18,207,591,102,10,2,60.53
18,207,591,103,10,2,63.32
18,207,591,104,10,2,65.66
18,207,591,105,10,2,68.5
18,207,591,106,10,2,71.51
18,207,591,107,10,2,73.68
18,207,591,108,10,2,75.4
18,207,591,109,10,2,76.48
18,207,591,110,10,2,77.2
18,207,591,111,10,2,78.11
18,207,591,112,10,2,79.28
18,207,591,113,10,2,80.39
18,207,591,114,10,2,81.53
18,207,591,115,10,2,81.0945
18,207,591,116,10,2,81.3733
18,207,591,117,10,2,81.7149
18,207,591,118,10,2,82.0847
18,207,591,119,10,2,82.6801
18,207,591,120,10,2,83.1256
18,207,591,121,10,2,83.4586
18,207,591,122,10,2,83.7844
18,207,591,123,10,2,84.287
18,207,591,124,10,2,84.5134
18,207,591,125,10,2,84.8658
18,207,591,126,10,2,85.3808
18,207,591,127,10,2,85.8233
18,207,591,128,10,2,86.2327
18,207,591,129,10,2,86.7017
18,207,591,130,10,2,87.1843
18,206,591,101,10,2,57.79
18,206,591,102,10,2,60.53
18,206,591,103,10,2,63.32
18,206,591,104,10,2,65.66
18,206,591,105,10,2,68.5
18,206,591,106,10,2,71.51
18,206,591,107,10,2,73.68
18,206,591,108,10,2,75.4
18,206,591,109,10,2,76.48
18,206,591,110,10,2,77.2
18,206,591,111,10,2,78.11
18,206,591,112,10,2,79.28
18,206,591,113,10,2,80.39
18,206,591,114,10,2,81.53
18,206,591,115,10,2,83.5813
18,206,591,116,10,2,84.731
18,206,591,117,10,2,85.6982
18,206,591,118,10,2,86.4703
18,206,591,119,10,2,87.4123
18,206,591,120,10,2,88.304
18,206,591,121,10,2,89.1086
18,206,591,122,10,2,90.0536
18,206,591,123,10,2,90.938
18,206,591,124,10,2,91.7809
18,206,591,125,10,2,92.4607
18,206,591,126,10,2,93.3731
18,206,591,127,10,2,94.1757
18,206,591,128,10,2,94.8407
18,206,591,129,10,2,95.6798
18,206,591,130,10,2,96.5401
18,8,591,101,10,2,57.79
18,8,591,102,10,2,60.53
18,8,591,103,10,2,63.32
18,8,591,104,10,2,65.66
18,8,591,105,10,2,68.5
18,8,591,106,10,2,71.51
18,8,591,107,10,2,73.68
18,8,591,108,10,2,75.4
18,8,591,109,10,2,76.48
18,8,591,110,10,2,77.2
18,8,591,111,10,2,78.11
18,8,591,112,10,2,79.28
18,8,591,113,10,2,80.39
18,8,591,114,10,2,81.53
18,8,591,115,10,2,81.53
18,8,591,116,10,2,81.53
18,8,591,117,10,2,81.53
18,8,591,118,10,2,81.53
18,8,591,119,10,2,81.53
18,8,591,120,10,2,81.53
18,8,591,121,10,2,81.53
18,8,591,122,10,2,81.53
18,8,591,123,10,2,81.53
18,8,591,124,10,2,81.53
18,8,591,125,10,2,81.53
18,8,591,126,10,2,81.53
18,8,591,127,10,2,81.53
18,8,591,128,10,2,81.53
18,8,591,129,10,2,81.53
18,8,591,130,10,2,81.53
18,202,32,101,10,2,65.14
18,202,32,102,10,2,67.44
18,202,32,103,10,2,68.62
18,202,32,104,10,2,69.33
18,202,32,105,10,2,70.78
18,202,32,106,10,2,72.22
18,202,32,107,10,2,73.74
18,202,32,108,10,2,74.62
18,202,32,109,10,2,75.62
18,202,32,110,10,2,76.54
18,202,32,111,10,2,77.41
18,202,32,112,10,2,78.24
18,202,32,113,10,2,79.04
18,202,32,114,10,2,79.8
18,202,32,115,10,2,80.4122
18,202,32,116,10,2,81.0559
18,202,32,117,10,2,81.685
18,202,32,118,10,2,82.2694
18,202,32,119,10,2,82.8868
18,202,32,120,10,2,83.5236
18,202,32,121,10,2,84.0814
18,202,32,122,10,2,84.6305
18,202,32,123,10,2,85.2644
18,202,32,124,10,2,85.861
18,202,32,125,10,2,86.3975
18,202,32,126,10,2,87.0061
18,202,32,127,10,2,87.557
18,202,32,128,10,2,88.1431
18,202,32,129,10,2,88.7152
18,202,32,130,10,2,89.274
18,204,32,101,10,2,65.14
18,204,32,102,10,2,67.44
18,204,32,103,10,2,68.62
18,204,32,104,10,2,69.33
18,204,32,105,10,2,70.78
18,204,32,106,10,2,72.22
18,204,32,107,10,2,73.74
18,204,32,108,10,2,74.62
18,204,32,109,10,2,75.62
18,204,32,110,10,2,76.54
18,204,32,111,10,2,77.41
18,204,32,112,10,2,78.24
18,204,32,113,10,2,79.04
18,204,32,114,10,2,79.8
18,204,32,115,10,2,79.6053
18,204,32,116,10,2,79.8465
18,204,32,117,10,2,80.2559
18,204,32,118,10,2,80.6607
18,204,32,119,10,2,80.9591
18,204,32,120,10,2,81.3931
18,204,32,121,10,2,81.795
18,204,32,122,10,2,82.3028
18,204,32,123,10,2,82.8852
18,204,32,124,10,2,83.3238
18,204,32,125,10,2,83.8283
18,204,32,126,10,2,84.2468
18,204,32,127,10,2,84.55
18,204,32,128,10,2,85.1416
18,204,32,129,10,2,85.5386
18,204,32,130,10,2,86.0741
18,203,32,101,10,2,65.14
18,203,32,102,10,2,67.44
18,203,32,103,10,2,68.62
18,203,32,104,10,2,69.33
18,203,32,105,10,2,70.78
18,203,32,106,10,2,72.22
18,203,32,107,10,2,73.74
18,203,32,108,10,2,74.62
18,203,32,109,10,2,75.62
18,203,32,110,10,2,76.54
18,203,32,111,10,2,77.41
18,203,32,112,10,2,78.24
18,203,32,113,10,2,79.04
18,203,32,114,10,2,79.8
18,203,32,115,10,2,81.2905
18,203,32,116,10,2,82.2483
18,203,32,117,10,2,82.9998
18,203,32,118,10,2,83.8409
18,203,32,119,10,2,84.7113
18,203,32,120,10,2,85.4145
18,203,32,121,10,2,86.1334
18,203,32,122,10,2,86.852
18,203,32,123,10,2,87.5801
18,203,32,124,10,2,88.2351
18,203,32,125,10,2,89.0421
18,203,32,126,10,2,89.6387
18,203,32,127,10,2,90.3896
18,203,32,128,10,2,90.9899
18,203,32,129,10,2,91.719
18,203,32,130,10,2,92.3228
18,207,32,101,10,2,65.14
18,207,32,102,10,2,67.44
18,207,32,103,10,2,68.62
18,207,32,104,10,2,69.33
18,207,32,105,10,2,70.78
18,207,32,106,10,2,72.22
18,207,32,107,10,2,73.74
18,207,32,108,10,2,74.62
18,207,32,109,10,2,75.62
18,207,32,110,10,2,76.54
18,207,32,111,10,2,77.41
18,207,32,112,10,2,78.24
18,207,32,113,10,2,79.04
18,207,32,114,10,2,79.8
18,207,32,115,10,2,79.0788
18,207,32,116,10,2,79.3577
18,207,32,117,10,2,79.5187
18,207,32,118,10,2,79.6769
18,207,32,119,10,2,79.9495
18,207,32,120,10,2,80.3561
18,207,32,121,10,2,80.7388
18,207,32,122,10,2,80.9977
18,207,32,123,10,2,81.2461
18,207,32,124,10,2,81.644
18,207,32,125,10,2,82.019
18,207,32,126,10,2,82.4044
18,207,32,127,10,2,82.8314
18,207,32,128,10,2,83.2573
18,207,32,129,10,2,83.6546
18,207,32,130,10,2,84.297
18,206,32,101,10,2,65.14
18,206,32,102,10,2,67.44
18,206,32,103,10,2,68.62
18,206,32,104,10,2,69.33
18,206,32,105,10,2,70.78
18,206,32,106,10,2,72.22
18,206,32,107,10,2,73.74
18,206,32,108,10,2,74.62
18,206,32,109,10,2,75.62
18,206,32,110,10,2,76.54
18,206,32,111,10,2,77.41
18,206,32,112,10,2,78.24
18,206,32,113,10,2,79.04
18,206,32,114,10,2,79.8
18,206,32,115,10,2,81.7219
18,206,32,116,10,2,82.8423
18,206,32,117,10,2,83.8175
18,206,32,118,10,2,84.7335
18,206,32,119,10,2,85.4597
18,206,32,120,10,2,86.3438
18,206,32,121,10,2,87.1958
18,206,32,122,10,2,88.0594
18,206,32,123,10,2,88.8353
18,206,32,124,10,2,89.6116
18,206,32,125,10,2,90.2278
18,206,32,126,10,2,90.9893
18,206,32,127,10,2,91.6484
18,206,32,128,10,2,92.4287
18,206,32,129,10,2,93.0608
18,206,32,130,10,2,93.841
18,8,32,101,10,2,65.14
18,8,32,102,10,2,67.44
18,8,32,103,10,2,68.62
18,8,32,104,10,2,69.33
18,8,32,105,10,2,70.78
18,8,32,106,10,2,72.22
18,8,32,107,10,2,73.74
18,8,32,108,10,2,74.62
18,8,32,109,10,2,75.62
18,8,32,110,10,2,76.54
18,8,32,111,10,2,77.41
18,8,32,112,10,2,78.24
18,8,32,113,10,2,79.04
18,8,32,114,10,2,79.8
18,8,32,115,10,2,79.8
18,8,32,116,10,2,79.8
18,8,32,117,10,2,79.8
18,8,32,118,10,2,79.8
18,8,32,119,10,2,79.8
18,8,32,120,10,2,79.8
18,8,32,121,10,2,79.8
18,8,32,122,10,2,79.8
18,8,32,123,10,2,79.8
18,8,32,124,10,2,79.8
18,8,32,125,10,2,79.8
18,8,32,126,10,2,79.8
18,8,32,127,10,2,79.8
18,8,32,128,10,2,79.8
18,8,32,129,10,2,79.8
18,8,32,130,10,2,79.8
18,202,68,101,10,2,41.07
18,202,68,102,10,2,42.39
18,202,68,103,10,2,43.95
18,202,68,104,10,2,45.79
18,202,68,105,10,2,47.91
18,202,68,106,10,2,50.33
18,202,68,107,10,2,53.05
18,202,68,108,10,2,56.05
18,202,68,109,10,2,59.29
18,202,68,110,10,2,62.71
18,202,68,111,10,2,66.02
18,202,68,112,10,2,68.99
18,202,68,113,10,2,71.91
18,202,68,114,10,2,74.05
18,202,68,115,10,2,75.8187
18,202,68,116,10,2,77.2545
18,202,68,117,10,2,78.4937
18,202,68,118,10,2,79.5775
18,202,68,119,10,2,80.6551
18,202,68,120,10,2,81.4378
18,202,68,121,10,2,82.3257
18,202,68,122,10,2,83.0468
18,202,68,123,10,2,83.8231
18,202,68,124,10,2,84.5553
18,202,68,125,10,2,85.1784
18,202,68,126,10,2,85.8441
18,202,68,127,10,2,86.5068
18,202,68,128,10,2,87.1417
18,202,68,129,10,2,87.7042
18,202,68,130,10,2,88.2397
18,204,68,101,10,2,41.07
18,204,68,102,10,2,42.39
18,204,68,103,10,2,43.95
18,204,68,104,10,2,45.79
18,204,68,105,10,2,47.91
18,204,68,106,10,2,50.33
18,204,68,107,10,2,53.05
18,204,68,108,10,2,56.05
18,204,68,109,10,2,59.29
18,204,68,110,10,2,62.71
18,204,68,111,10,2,66.02
18,204,68,112,10,2,68.99
18,204,68,113,10,2,71.91
18,204,68,114,10,2,74.05
18,204,68,115,10,2,74.6665
18,204,68,116,10,2,75.7046
18,204,68,117,10,2,76.5249
18,204,68,118,10,2,77.4381
18,204,68,119,10,2,78.109
18,204,68,120,10,2,78.8395
18,204,68,121,10,2,79.4993
18,204,68,122,10,2,80.1964
18,204,68,123,10,2,80.8673
18,204,68,124,10,2,81.5023
18,204,68,125,10,2,82.0597
18,204,68,126,10,2,82.581
18,204,68,127,10,2,83.1656
18,204,68,128,10,2,83.5646
18,204,68,129,10,2,84.0451
18,204,68,130,10,2,84.5205
18,203,68,101,10,2,41.07
18,203,68,102,10,2,42.39
18,203,68,103,10,2,43.95
18,203,68,104,10,2,45.79
18,203,68,105,10,2,47.91
18,203,68,106,10,2,50.33
18,203,68,107,10,2,53.05
18,203,68,108,10,2,56.05
18,203,68,109,10,2,59.29
18,203,68,110,10,2,62.71
18,203,68,111,10,2,66.02
18,203,68,112,10,2,68.99
18,203,68,113,10,2,71.91
18,203,68,114,10,2,74.05
18,203,68,115,10,2,77.0117
18,203,68,116,10,2,78.8285
18,203,68,117,10,2,80.2854
18,203,68,118,10,2,81.6061
18,203,68,119,10,2,82.8079
18,203,68,120,10,2,83.8095
18,203,68,121,10,2,84.7451
18,203,68,122,10,2,85.6024
18,203,68,123,10,2,86.3521
18,203,68,124,10,2,87.2089
18,203,68,125,10,2,87.937
18,203,68,126,10,2,88.6599
18,203,68,127,10,2,89.4223
18,203,68,128,10,2,90.1135
18,203,68,129,10,2,90.7513
18,203,68,130,10,2,91.5623
18,207,68,101,10,2,41.07
18,207,68,102,10,2,42.39
18,207,68,103,10,2,43.95
18,207,68,104,10,2,45.79
18,207,68,105,10,2,47.91
18,207,68,106,10,2,50.33
18,207,68,107,10,2,53.05
18,207,68,108,10,2,56.05
18,207,68,109,10,2,59.29
18,207,68,110,10,2,62.71
18,207,68,111,10,2,66.02
18,207,68,112,10,2,68.99
18,207,68,113,10,2,71.91
18,207,68,114,10,2,74.05
18,207,68,115,10,2,74.1635
18,207,68,116,10,2,74.6909
18,207,68,117,10,2,75.4381
18,207,68,118,10,2,76.1515
18,207,68,119,10,2,76.6798
18,207,68,120,10,2,77.4997
18,207,68,121,10,2,78.1115
18,207,68,122,10,2,78.8399
18,207,68,123,10,2,79.3556
18,207,68,124,10,2,79.8141
18,207,68,125,10,2,80.575
18,207,68,126,10,2,80.8421
18,207,68,127,10,2,81.1207
18,207,68,128,10,2,81.6099
18,207,68,129,10,2,82.2758
18,207,68,130,10,2,82.5961
18,206,68,101,10,2,41.07
18,206,68,102,10,2,42.39
18,206,68,103,10,2,43.95
18,206,68,104,10,2,45.79
18,206,68,105,10,2,47.91
18,206,68,106,10,2,50.33
18,206,68,107,10,2,53.05
18,206,68,108,10,2,56.05
18,206,68,109,10,2,59.29
18,206,68,110,10,2,62.71
18,206,68,111,10,2,66.02
18,206,68,112,10,2,68.99
18,206,68,113,10,2,71.91
18,206,68,114,10,2,74.05
18,206,68,115,10,2,77.7462
18,206,68,116,10,2,79.8571
18,206,68,117,10,2,81.375
18,206,68,118,10,2,82.6075
18,206,68,119,10,2,83.8406
18,206,68,120,10,2,84.8044
18,206,68,121,10,2,85.7147
18,206,68,122,10,2,86.7382
18,206,68,123,10,2,87.8108
18,206,68,124,10,2,88.7584
18,206,68,125,10,2,89.287
18,206,68,126,10,2,90.2067
18,206,68,127,10,2,90.9328
18,206,68,128,10,2,91.547
18,206,68,129,10,2,92.3934
18,206,68,130,10,2,93.2485
18,8,68,101,10,2,41.07
18,8,68,102,10,2,42.39
18,8,68,103,10,2,43.95
18,8,68,104,10,2,45.79
18,8,68,105,10,2,47.91
18,8,68,106,10,2,50.33
18,8,68,107,10,2,53.05
18,8,68,108,10,2,56.05
18,8,68,109,10,2,59.29
18,8,68,110,10,2,62.71
18,8,68,111,10,2,66.02
18,8,68,112,10,2,68.99
18,8,68,113,10,2,71.91
18,8,68,114,10,2,74.05
18,8,68,115,10,2,74.05
18,8,68,116,10,2,74.05
18,8,68,117,10,2,74.05
18,8,68,118,10,2,74.05
18,8,68,119,10,2,74.05
18,8,68,120,10,2,74.05
18,8,68,121,10,2,74.05
18,8,68,122,10,2,74.05
18,8,68,123,10,2,74.05
18,8,68,124,10,2,74.05
18,8,68,125,10,2,74.05
18,8,68,126,10,2,74.05
18,8,68,127,10,2,74.05
18,8,68,128,10,2,74.05
18,8,68,129,10,2,74.05
18,8,68,130,10,2,74.05
18,202,76,101,10,2,52.57
18,202,76,102,10,2,54.71
18,202,76,103,10,2,57.52
18,202,76,104,10,2,60.29
18,202,76,105,10,2,62.61
18,202,76,106,10,2,64.49
18,202,76,107,10,2,66.53
18,202,76,108,10,2,68.74
18,202,76,109,10,2,70.9
18,202,76,110,10,2,73.08
18,202,76,111,10,2,74.86
18,202,76,112,10,2,76.63
18,202,76,113,10,2,78.04
18,202,76,114,10,2,79.27
18,202,76,115,10,2,80.1812
18,202,76,116,10,2,81.0428
18,202,76,117,10,2,81.9753
18,202,76,118,10,2,82.7672
18,202,76,119,10,2,83.5614
18,202,76,120,10,2,84.2925
18,202,76,121,10,2,84.9437
18,202,76,122,10,2,85.6481
18,202,76,123,10,2,86.3025
18,202,76,124,10,2,86.9598
18,202,76,125,10,2,87.6487
18,202,76,126,10,2,88.2289
18,202,76,127,10,2,88.842
18,202,76,128,10,2,89.4071
18,202,76,129,10,2,90.0201
18,202,76,130,10,2,90.6068
18,204,76,101,10,2,52.57
18,204,76,102,10,2,54.71
18,204,76,103,10,2,57.52
18,204,76,104,10,2,60.29
18,204,76,105,10,2,62.61
18,204,76,106,10,2,64.49
18,204,76,107,10,2,66.53
18,204,76,108,10,2,68.74
18,204,76,109,10,2,70.9
18,204,76,110,10,2,73.08
18,204,76,111,10,2,74.86
18,204,76,112,10,2,76.63
18,204,76,113,10,2,78.04
18,204,76,114,10,2,79.27
18,204,76,115,10,2,79.3138
18,204,76,116,10,2,79.8483
18,204,76,117,10,2,80.4277
18,204,76,118,10,2,81.0332
18,204,76,119,10,2,81.7115
18,204,76,120,10,2,82.4031
18,204,76,121,10,2,82.9358
18,204,76,122,10,2,83.5028
18,204,76,123,10,2,84.0389
18,204,76,124,10,2,84.5258
18,204,76,125,10,2,84.984
18,204,76,126,10,2,85.5061
18,204,76,127,10,2,86.0201
18,204,76,128,10,2,86.5017
18,204,76,129,10,2,86.9377
18,204,76,130,10,2,87.4508
18,203,76,101,10,2,52.57
18,203,76,102,10,2,54.71
18,203,76,103,10,2,57.52
18,203,76,104,10,2,60.29
18,203,76,105,10,2,62.61
18,203,76,106,10,2,64.49
18,203,76,107,10,2,66.53
18,203,76,108,10,2,68.74
18,203,76,109,10,2,70.9
18,203,76,110,10,2,73.08
18,203,76,111,10,2,74.86
18,203,76,112,10,2,76.63
18,203,76,113,10,2,78.04
18,203,76,114,10,2,79.27
18,203,76,115,10,2,81.1174
18,203,76,116,10,2,82.23
18,203,76,117,10,2,83.2979
18,203,76,118,10,2,84.2895
18,203,76,119,10,2,85.2341
18,203,76,120,10,2,86.0332
18,203,76,121,10,2,86.8553
18,203,76,122,10,2,87.6674
18,203,76,123,10,2,88.5722
18,203,76,124,10,2,89.2357
18,203,76,125,10,2,89.9596
18,203,76,126,10,2,90.7153
18,203,76,127,10,2,91.5661
18,203,76,128,10,2,92.3514
18,203,76,129,10,2,93.0041
18,203,76,130,10,2,93.7146
18,207,76,101,10,2,52.57
18,207,76,102,10,2,54.71
18,207,76,103,10,2,57.52
18,207,76,104,10,2,60.29
18,207,76,105,10,2,62.61
18,207,76,106,10,2,64.49
18,207,76,107,10,2,66.53
18,207,76,108,10,2,68.74
18,207,76,109,10,2,70.9
18,207,76,110,10,2,73.08
18,207,76,111,10,2,74.86
18,207,76,112,10,2,76.63
18,207,76,113,10,2,78.04
18,207,76,114,10,2,79.27
18,207,76,115,10,2,78.9033
18,207,76,116,10,2,79.1441
18,207,76,117,10,2,79.6418
18,207,76,118,10,2,80.0364
18,207,76,119,10,2,80.6361
18,207,76,120,10,2,81.2431
18,207,76,121,10,2,81.5095
18,207,76,122,10,2,81.9401
18,207,76,123,10,2,82.3276
18,207,76,124,10,2,83.0574
18,207,76,125,10,2,83.5943
18,207,76,126,10,2,84.1135
18,207,76,127,10,2,84.3882
18,207,76,128,10,2,84.8968
18,207,76,129,10,2,85.263
18,207,76,130,10,2,85.6536
18,206,76,101,10,2,52.57
18,206,76,102,10,2,54.71
18,206,76,103,10,2,57.52
18,206,76,104,10,2,60.29
18,206,76,105,10,2,62.61
18,206,76,106,10,2,64.49
18,206,76,107,10,2,66.53
18,206,76,108,10,2,68.74
18,206,76,109,10,2,70.9
18,206,76,110,10,2,73.08
18,206,76,111,10,2,74.86
18,206,76,112,10,2,76.63
18,206,76,113,10,2,78.04
18,206,76,114,10,2,79.27
18,206,76,115,10,2,81.5187
18,206,76,116,10,2,82.7813
18,206,76,117,10,2,83.9236
18,206,76,118,10,2,85.09
18,206,76,119,10,2,85.9285
18,206,76,120,10,2,86.9433
18,206,76,121,10,2,87.7703
18,206,76,122,10,2,88.685
18,206,76,123,10,2,89.3943
18,206,76,124,10,2,90.251
18,206,76,125,10,2,91.2796
18,206,76,126,10,2,92.135
18,206,76,127,10,2,92.8515
18,206,76,128,10,2,93.4892
18,206,76,129,10,2,94.1352
18,206,76,130,10,2,94.8464
18,8,76,101,10,2,52.57
18,8,76,102,10,2,54.71
18,8,76,103,10,2,57.52
18,8,76,104,10,2,60.29
18,8,76,105,10,2,62.61
18,8,76,106,10,2,64.49
18,8,76,107,10,2,66.53
18,8,76,108,10,2,68.74
18,8,76,109,10,2,70.9
18,8,76,110,10,2,73.08
18,8,76,111,10,2,74.86
18,8,76,112,10,2,76.63
18,8,76,113,10,2,78.04
18,8,76,114,10,2,79.27
18,8,76,115,10,2,79.27
18,8,76,116,10,2,79.27
18,8,76,117,10,2,79.27
18,8,76,118,10,2,79.27
18,8,76,119,10,2,79.27
18,8,76,120,10,2,79.27
18,8,76,121,10,2,79.27
18,8,76,122,10,2,79.27
18,8,76,123,10,2,79.27
18,8,76,124,10,2,79.27
18,8,76,125,10,2,79.27
18,8,76,126,10,2,79.27
18,8,76,127,10,2,79.27
18,8,76,128,10,2,79.27
18,8,76,129,10,2,79.27
18,8,76,130,10,2,79.27
18,202,152,101,10,2,56.69
18,202,152,102,10,2,58.94
18,202,152,103,10,2,61.24
18,202,152,104,10,2,63.91
18,202,152,105,10,2,67.15
18,202,152,106,10,2,70.69
18,202,152,107,10,2,73.9
18,202,152,108,10,2,75.79
18,202,152,109,10,2,77.21
18,202,152,110,10,2,78.66
18,202,152,111,10,2,80.01
18,202,152,112,10,2,81.09
18,202,152,113,10,2,82.1
18,202,152,114,10,2,82.32
18,202,152,115,10,2,83.1264
18,202,152,116,10,2,83.8529
18,202,152,117,10,2,84.6104
18,202,152,118,10,2,85.3167
18,202,152,119,10,2,85.965
18,202,152,120,10,2,86.6176
18,202,152,121,10,2,87.242
18,202,152,122,10,2,87.7919
18,202,152,123,10,2,88.3931
18,202,152,124,10,2,88.9589
18,202,152,125,10,2,89.5139
18,202,152,126,10,2,90.1414
18,202,152,127,10,2,90.6966
18,202,152,128,10,2,91.2621
18,202,152,129,10,2,91.8287
18,202,152,130,10,2,92.4127
18,204,152,101,10,2,56.69
18,204,152,102,10,2,58.94
18,204,152,103,10,2,61.24
18,204,152,104,10,2,63.91
18,204,152,105,10,2,67.15
18,204,152,106,10,2,70.69
18,204,152,107,10,2,73.9
18,204,152,108,10,2,75.79
18,204,152,109,10,2,77.21
18,204,152,110,10,2,78.66
18,204,152,111,10,2,80.01
18,204,152,112,10,2,81.09
18,204,152,113,10,2,82.1
18,204,152,114,10,2,82.32
18,204,152,115,10,2,82.3162
18,204,152,116,10,2,82.8567
18,204,152,117,10,2,83.371
18,204,152,118,10,2,83.8732
18,204,152,119,10,2,84.3322
18,204,152,120,10,2,84.8418
18,204,152,121,10,2,85.3141
18,204,152,122,10,2,85.8283
18,204,152,123,10,2,86.1614
18,204,152,124,10,2,86.4395
18,204,152,125,10,2,87.0293
18,204,152,126,10,2,87.4249
18,204,152,127,10,2,87.8565
18,204,152,128,10,2,88.323
18,204,152,129,10,2,88.7004
18,204,152,130,10,2,89.0363
18,203,152,101,10,2,56.69
18,203,152,102,10,2,58.94
18,203,152,103,10,2,61.24
18,203,152,104,10,2,63.91
18,203,152,105,10,2,67.15
18,203,152,106,10,2,70.69
18,203,152,107,10,2,73.9
18,203,152,108,10,2,75.79
18,203,152,109,10,2,77.21
18,203,152,110,10,2,78.66
18,203,152,111,10,2,80.01
18,203,152,112,10,2,81.09
18,203,152,113,10,2,82.1
18,203,152,114,10,2,82.32
18,203,152,115,10,2,83.8481
18,203,152,116,10,2,84.9588
18,203,152,117,10,2,85.8189
18,203,152,118,10,2,86.6483
18,203,152,119,10,2,87.5191
18,203,152,120,10,2,88.3234
18,203,152,121,10,2,89.1356
18,203,152,122,10,2,89.867
18,203,152,123,10,2,90.6157
18,203,152,124,10,2,91.4125
18,203,152,125,10,2,92.0403
18,203,152,126,10,2,92.716
18,203,152,127,10,2,93.3647
18,203,152,128,10,2,94.1187
18,203,152,129,10,2,94.8281
18,203,152,130,10,2,95.5409
18,207,152,101,10,2,56.69
18,207,152,102,10,2,58.94
18,207,152,103,10,2,61.24
18,207,152,104,10,2,63.91
18,207,152,105,10,2,67.15
18,207,152,106,10,2,70.69
18,207,152,107,10,2,73.9
18,207,152,108,10,2,75.79
18,207,152,109,10,2,77.21
18,207,152,110,10,2,78.66
18,207,152,111,10,2,80.01
18,207,152,112,10,2,81.09
18,207,152,113,10,2,82.1
18,207,152,114,10,2,82.32
18,207,152,115,10,2,81.9382
18,207,152,116,10,2,82.4169
18,207,152,117,10,2,82.6299
18,207,152,118,10,2,83.0733
18,207,152,119,10,2,83.6175
18,207,152,120,10,2,83.9912
18,207,152,121,10,2,84.4173
18,207,152,122,10,2,84.7464
18,207,152,123,10,2,85.2098
18,207,152,124,10,2,85.4853
18,207,152,125,10,2,85.6868
18,207,152,126,10,2,86.0497
18,207,152,127,10,2,86.4424
18,207,152,128,10,2,86.9702
18,207,152,129,10,2,87.1082
18,207,152,130,10,2,87.4358
18,206,152,101,10,2,56.69
18,206,152,102,10,2,58.94
18,206,152,103,10,2,61.24
18,206,152,104,10,2,63.91
18,206,152,105,10,2,67.15
18,206,152,106,10,2,70.69
18,206,152,107,10,2,73.9
18,206,152,108,10,2,75.79
18,206,152,109,10,2,77.21
18,206,152,110,10,2,78.66
18,206,152,111,10,2,80.01
18,206,152,112,10,2,81.09
18,206,152,113,10,2,82.1
18,206,152,114,10,2,82.32
18,206,152,115,10,2,84.2852
18,206,152,116,10,2,85.4418
18,206,152,117,10,2,86.5088
18,206,152,118,10,2,87.4752
18,206,152,119,10,2,88.3137
18,206,152,120,10,2,89.3381
18,206,152,121,10,2,90.3659
18,206,152,122,10,2,91.0775
18,206,152,123,10,2,91.7924
18,206,152,124,10,2,92.6096
18,206,152,125,10,2,93.2771
18,206,152,126,10,2,94.0603
18,206,152,127,10,2,94.8302
18,206,152,128,10,2,95.4873
18,206,152,129,10,2,96.0194
18,206,152,130,10,2,96.9123
18,8,152,101,10,2,56.69
18,8,152,102,10,2,58.94
18,8,152,103,10,2,61.24
18,8,152,104,10,2,63.91
18,8,152,105,10,2,67.15
18,8,152,106,10,2,70.69
18,8,152,107,10,2,73.9
18,8,152,108,10,2,75.79
18,8,152,109,10,2,77.21
18,8,152,110,10,2,78.66
18,8,152,111,10,2,80.01
18,8,152,112,10,2,81.09
18,8,152,113,10,2,82.1
18,8,152,114,10,2,82.32
18,8,152,115,10,2,82.32
18,8,152,116,10,2,82.32
18,8,152,117,10,2,82.32
18,8,152,118,10,2,82.32
18,8,152,119,10,2,82.32
18,8,152,120,10,2,82.32
18,8,152,121,10,2,82.32
18,8,152,122,10,2,82.32
18,8,152,123,10,2,82.32
18,8,152,124,10,2,82.32
18,8,152,125,10,2,82.32
18,8,152,126,10,2,82.32
18,8,152,127,10,2,82.32
18,8,152,128,10,2,82.32
18,8,152,129,10,2,82.32
18,8,152,130,10,2,82.32
18,202,170,101,10,2,53.98
18,202,170,102,10,2,57.87
18,202,170,103,10,2,60.64
18,202,170,104,10,2,63.01
18,202,170,105,10,2,65.59
18,202,170,106,10,2,68.17
18,202,170,107,10,2,71
18,202,170,108,10,2,72.92
18,202,170,109,10,2,74.16
18,202,170,110,10,2,75.62
18,202,170,111,10,2,76.9
18,202,170,112,10,2,77.91
18,202,170,113,10,2,78.88
18,202,170,114,10,2,79.78
18,202,170,115,10,2,80.6237
18,202,170,116,10,2,81.3803
18,202,170,117,10,2,82.169
18,202,170,118,10,2,82.876
18,202,170,119,10,2,83.539
18,202,170,120,10,2,84.2493
18,202,170,121,10,2,84.8425
18,202,170,122,10,2,85.4749
18,202,170,123,10,2,86.0811
18,202,170,124,10,2,86.701
18,202,170,125,10,2,87.3412
18,202,170,126,10,2,87.9701
18,202,170,127,10,2,88.5934
18,202,170,128,10,2,89.103
18,202,170,129,10,2,89.6516
18,202,170,130,10,2,90.1515
18,204,170,101,10,2,53.98
18,204,170,102,10,2,57.87
18,204,170,103,10,2,60.64
18,204,170,104,10,2,63.01
18,204,170,105,10,2,65.59
18,204,170,106,10,2,68.17
18,204,170,107,10,2,71
18,204,170,108,10,2,72.92
18,204,170,109,10,2,74.16
18,204,170,110,10,2,75.62
18,204,170,111,10,2,76.9
18,204,170,112,10,2,77.91
18,204,170,113,10,2,78.88
18,204,170,114,10,2,79.78
18,204,170,115,10,2,79.7772
18,204,170,116,10,2,80.2122
18,204,170,117,10,2,80.7251
18,204,170,118,10,2,81.2621
18,204,170,119,10,2,81.8339
18,204,170,120,10,2,82.2612
18,204,170,121,10,2,82.7536
18,204,170,122,10,2,83.2669
18,204,170,123,10,2,83.6414
18,204,170,124,10,2,84.2964
18,204,170,125,10,2,84.6154
18,204,170,126,10,2,85.2282
18,204,170,127,10,2,85.6395
18,204,170,128,10,2,86.0986
18,204,170,129,10,2,86.5043
18,204,170,130,10,2,86.9369
18,203,170,101,10,2,53.98
18,203,170,102,10,2,57.87
18,203,170,103,10,2,60.64
18,203,170,104,10,2,63.01
18,203,170,105,10,2,65.59
18,203,170,106,10,2,68.17
18,203,170,107,10,2,71
18,203,170,108,10,2,72.92
18,203,170,109,10,2,74.16
18,203,170,110,10,2,75.62
18,203,170,111,10,2,76.9
18,203,170,112,10,2,77.91
18,203,170,113,10,2,78.88
18,203,170,114,10,2,79.78
18,203,170,115,10,2,81.461
18,203,170,116,10,2,82.5449
18,203,170,117,10,2,83.5119
18,203,170,118,10,2,84.4805
18,203,170,119,10,2,85.3621
18,203,170,120,10,2,86.1425
18,203,170,121,10,2,87.081
18,203,170,122,10,2,87.768
18,203,170,123,10,2,88.4763
18,203,170,124,10,2,89.0728
18,203,170,125,10,2,89.8101
18,203,170,126,10,2,90.5248
18,203,170,127,10,2,91.2222
18,203,170,128,10,2,91.8458
18,203,170,129,10,2,92.5798
18,203,170,130,10,2,93.2184
18,207,170,101,10,2,53.98
18,207,170,102,10,2,57.87
18,207,170,103,10,2,60.64
18,207,170,104,10,2,63.01
18,207,170,105,10,2,65.59
18,207,170,106,10,2,68.17
18,207,170,107,10,2,71
18,207,170,108,10,2,72.92
18,207,170,109,10,2,74.16
18,207,170,110,10,2,75.62
18,207,170,111,10,2,76.9
18,207,170,112,10,2,77.91
18,207,170,113,10,2,78.88
18,207,170,114,10,2,79.78
18,207,170,115,10,2,79.3538
18,207,170,116,10,2,79.6242
18,207,170,117,10,2,79.8596
18,207,170,118,10,2,80.2985
18,207,170,119,10,2,80.8485
18,207,170,120,10,2,81.1747
18,207,170,121,10,2,81.7232
18,207,170,122,10,2,82.0181
18,207,170,123,10,2,82.5082
18,207,170,124,10,2,82.8863
18,207,170,125,10,2,83.3048
18,207,170,126,10,2,83.6074
18,207,170,127,10,2,84.2184
18,207,170,128,10,2,84.4303
18,207,170,129,10,2,84.8809
18,207,170,130,10,2,85.4203
18,206,170,101,10,2,53.98
18,206,170,102,10,2,57.87
18,206,170,103,10,2,60.64
18,206,170,104,10,2,63.01
18,206,170,105,10,2,65.59
18,206,170,106,10,2,68.17
18,206,170,107,10,2,71
18,206,170,108,10,2,72.92
18,206,170,109,10,2,74.16
18,206,170,110,10,2,75.62
18,206,170,111,10,2,76.9
18,206,170,112,10,2,77.91
18,206,170,113,10,2,78.88
18,206,170,114,10,2,79.78
18,206,170,115,10,2,81.8434
18,206,170,116,10,2,83.1051
18,206,170,117,10,2,84.2919
18,206,170,118,10,2,85.4222
18,206,170,119,10,2,86.3419
18,206,170,120,10,2,87.2452
18,206,170,121,10,2,88.0635
18,206,170,122,10,2,88.8865
18,206,170,123,10,2,89.7136
18,206,170,124,10,2,90.6389
18,206,170,125,10,2,91.3884
18,206,170,126,10,2,92.1003
18,206,170,127,10,2,92.8071
18,206,170,128,10,2,93.584
18,206,170,129,10,2,94.3551
18,206,170,130,10,2,94.7399
18,8,170,101,10,2,53.98
18,8,170,102,10,2,57.87
18,8,170,103,10,2,60.64
18,8,170,104,10,2,63.01
18,8,170,105,10,2,65.59
18,8,170,106,10,2,68.17
18,8,170,107,10,2,71
18,8,170,108,10,2,72.92
18,8,170,109,10,2,74.16
18,8,170,110,10,2,75.62
18,8,170,111,10,2,76.9
18,8,170,112,10,2,77.91
18,8,170,113,10,2,78.88
18,8,170,114,10,2,79.78
18,8,170,115,10,2,79.78
18,8,170,116,10,2,79.78
18,8,170,117,10,2,79.78
18,8,170,118,10,2,79.78
18,8,170,119,10,2,79.78
18,8,170,120,10,2,79.78
18,8,170,121,10,2,79.78
18,8,170,122,10,2,79.78
18,8,170,123,10,2,79.78
18,8,170,124,10,2,79.78
18,8,170,125,10,2,79.78
18,8,170,126,10,2,79.78
18,8,170,127,10,2,79.78
18,8,170,128,10,2,79.78
18,8,170,129,10,2,79.78
18,8,170,130,10,2,79.78
18,202,218,101,10,2,49.86
18,202,218,102,10,2,52.81
18,202,218,103,10,2,55.72
18,202,218,104,10,2,58.28
18,202,218,105,10,2,61.2
18,202,218,106,10,2,64.01
18,202,218,107,10,2,66.9
18,202,218,108,10,2,69.93
18,202,218,109,10,2,72.54
18,202,218,110,10,2,74.68
18,202,218,111,10,2,76.54
18,202,218,112,10,2,77.59
18,202,218,113,10,2,78.48
18,202,218,114,10,2,79.56
18,202,218,115,10,2,80.4735
18,202,218,116,10,2,81.3106
18,202,218,117,10,2,82.218
18,202,218,118,10,2,82.9966
18,202,218,119,10,2,83.7052
18,202,218,120,10,2,84.3989
18,202,218,121,10,2,85.0103
18,202,218,122,10,2,85.6954
18,202,218,123,10,2,86.3344
18,202,218,124,10,2,86.9118
18,202,218,125,10,2,87.5263
18,202,218,126,10,2,88.1377
18,202,218,127,10,2,88.7894
18,202,218,128,10,2,89.2859
18,202,218,129,10,2,89.9215
18,202,218,130,10,2,90.5086
18,204,218,101,10,2,49.86
18,204,218,102,10,2,52.81
18,204,218,103,10,2,55.72
18,204,218,104,10,2,58.28
18,204,218,105,10,2,61.2
18,204,218,106,10,2,64.01
18,204,218,107,10,2,66.9
18,204,218,108,10,2,69.93
18,204,218,109,10,2,72.54
18,204,218,110,10,2,74.68
18,204,218,111,10,2,76.54
18,204,218,112,10,2,77.59
18,204,218,113,10,2,78.48
18,204,218,114,10,2,79.56
18,204,218,115,10,2,79.6087
18,204,218,116,10,2,80.1234
18,204,218,117,10,2,80.6596
18,204,218,118,10,2,81.2687
18,204,218,119,10,2,81.7049
18,204,218,120,10,2,82.3133
18,204,218,121,10,2,82.8447
18,204,218,122,10,2,83.4841
18,204,218,123,10,2,84.0411
18,204,218,124,10,2,84.3674
18,204,218,125,10,2,84.8136
18,204,218,126,10,2,85.2852
18,204,218,127,10,2,85.8413
18,204,218,128,10,2,86.2397
18,204,218,129,10,2,86.693
18,204,218,130,10,2,87.0681
18,203,218,101,10,2,49.86
18,203,218,102,10,2,52.81
18,203,218,103,10,2,55.72
18,203,218,104,10,2,58.28
18,203,218,105,10,2,61.2
18,203,218,106,10,2,64.01
18,203,218,107,10,2,66.9
18,203,218,108,10,2,69.93
18,203,218,109,10,2,72.54
18,203,218,110,10,2,74.68
18,203,218,111,10,2,76.54
18,203,218,112,10,2,77.59
18,203,218,113,10,2,78.48
18,203,218,114,10,2,79.56
18,203,218,115,10,2,81.3802
18,203,218,116,10,2,82.5342
18,203,218,117,10,2,83.558
18,203,218,118,10,2,84.5228
18,203,218,119,10,2,85.2774
18,203,218,120,10,2,86.1364
18,203,218,121,10,2,87.005
18,203,218,122,10,2,87.7341
18,203,218,123,10,2,88.51
18,203,218,124,10,2,89.1556
18,203,218,125,10,2,89.9475
18,203,218,126,10,2,90.6707
18,203,218,127,10,2,91.4781
18,203,218,128,10,2,92.1544
18,203,218,129,10,2,92.9319
18,203,218,130,10,2,93.4586
18,207,218,101,10,2,49.86
18,207,218,102,10,2,52.81
18,207,218,103,10,2,55.72
18,207,218,104,10,2,58.28
18,207,218,105,10,2,61.2
18,207,218,106,10,2,64.01
18,207,218,107,10,2,66.9
18,207,218,108,10,2,69.93
18,207,218,109,10,2,72.54
18,207,218,110,10,2,74.68
18,207,218,111,10,2,76.54
18,207,218,112,10,2,77.59
18,207,218,113,10,2,78.48
18,207,218,114,10,2,79.56
18,207,218,115,10,2,79.1922
18,207,218,116,10,2,79.4342
18,207,218,117,10,2,79.9635
18,207,218,118,10,2,80.3629
18,207,218,119,10,2,80.8232
18,207,218,120,10,2,81.2673
18,207,218,121,10,2,81.7981
18,207,218,122,10,2,82.3301
18,207,218,123,10,2,82.7368
18,207,218,124,10,2,83.3814
18,207,218,125,10,2,83.7043
18,207,218,126,10,2,84.0093
18,207,218,127,10,2,84.3721
18,207,218,128,10,2,84.6678
18,207,218,129,10,2,85.2742
18,207,218,130,10,2,85.4476
18,206,218,101,10,2,49.86
18,206,218,102,10,2,52.81
18,206,218,103,10,2,55.72
18,206,218,104,10,2,58.28
18,206,218,105,10,2,61.2
18,206,218,106,10,2,64.01
18,206,218,107,10,2,66.9
18,206,218,108,10,2,69.93
18,206,218,109,10,2,72.54
18,206,218,110,10,2,74.68
18,206,218,111,10,2,76.54
18,206,218,112,10,2,77.59
18,206,218,113,10,2,78.48
18,206,218,114,10,2,79.56
18,206,218,115,10,2,81.8354
18,206,218,116,10,2,83.1704
18,206,218,117,10,2,84.3484
18,206,218,118,10,2,85.244
18,206,218,119,10,2,86.3485
18,206,218,120,10,2,87.2725
18,206,218,121,10,2,88.0223
18,206,218,122,10,2,88.7223
18,206,218,123,10,2,89.5521
18,206,218,124,10,2,90.6092
18,206,218,125,10,2,91.4874
18,206,218,126,10,2,92.2439
18,206,218,127,10,2,92.8952
18,206,218,128,10,2,93.7478
18,206,218,129,10,2,94.3968
18,206,218,130,10,2,95.4231
18,8,218,101,10,2,49.86
18,8,218,102,10,2,52.81
18,8,218,103,10,2,55.72
18,8,218,104,10,2,58.28
18,8,218,105,10,2,61.2
18,8,218,106,10,2,64.01
18,8,218,107,10,2,66.9
18,8,218,108,10,2,69.93
18,8,218,109,10,2,72.54
18,8,218,110,10,2,74.68
18,8,218,111,10,2,76.54
18,8,218,112,10,2,77.59
18,8,218,113,10,2,78.48
18,8,218,114,10,2,79.56
18,8,218,115,10,2,79.56
18,8,218,116,10,2,79.56
18,8,218,117,10,2,79.56
18,8,218,118,10,2,79.56
18,8,218,119,10,2,79.56
18,8,218,120,10,2,79.56
18,8,218,121,10,2,79.56
18,8,218,122,10,2,79.56
18,8,218,123,10,2,79.56
18,8,218,124,10,2,79.56
18,8,218,125,10,2,79.56
18,8,218,126,10,2,79.56
18,8,218,127,10,2,79.56
18,8,218,128,10,2,79.56
18,8,218,129,10,2,79.56
18,8,218,130,10,2,79.56
18,202,254,101,10,2,56.9
18,202,254,102,10,2,59.85
18,202,254,103,10,2,63.2
18,202,254,104,10,2,67.95
18,202,254,105,10,2,69.5
18,202,254,106,10,2,70.46
18,202,254,107,10,2,73
18,202,254,108,10,2,74.5
18,202,254,109,10,2,76
18,202,254,110,10,2,77.5
18,202,254,111,10,2,80.19
18,202,254,112,10,2,81.52
18,202,254,113,10,2,82.75
18,202,254,114,10,2,82.95
18,202,254,115,10,2,83.7104
18,202,254,116,10,2,84.4733
18,202,254,117,10,2,85.223
18,202,254,118,10,2,85.9164
18,202,254,119,10,2,86.5546
18,202,254,120,10,2,87.2451
18,202,254,121,10,2,87.86
18,202,254,122,10,2,88.4851
18,202,254,123,10,2,89.1085
18,202,254,124,10,2,89.7293
18,202,254,125,10,2,90.3018
18,202,254,126,10,2,90.9876
18,202,254,127,10,2,91.6057
18,202,254,128,10,2,92.1874
18,202,254,129,10,2,92.7602
18,202,254,130,10,2,93.3257
18,204,254,101,10,2,56.9
18,204,254,102,10,2,59.85
18,204,254,103,10,2,63.2
18,204,254,104,10,2,67.95
18,204,254,105,10,2,69.5
18,204,254,106,10,2,70.46
18,204,254,107,10,2,73
18,204,254,108,10,2,74.5
18,204,254,109,10,2,76
18,204,254,110,10,2,77.5
18,204,254,111,10,2,80.19
18,204,254,112,10,2,81.52
18,204,254,113,10,2,82.75
18,204,254,114,10,2,82.95
18,204,254,115,10,2,82.9957
18,204,254,116,10,2,83.4816
18,204,254,117,10,2,83.9758
18,204,254,118,10,2,84.5184
18,204,254,119,10,2,84.9436
18,204,254,120,10,2,85.5129
18,204,254,121,10,2,85.9098
18,204,254,122,10,2,86.4172
18,204,254,123,10,2,86.9246
18,204,254,124,10,2,87.4228
18,204,254,125,10,2,87.8824
18,204,254,126,10,2,88.4299
18,204,254,127,10,2,88.8701
18,204,254,128,10,2,89.4406
18,204,254,129,10,2,89.8852
18,204,254,130,10,2,90.3216
18,203,254,101,10,2,56.9
18,203,254,102,10,2,59.85
18,203,254,103,10,2,63.2
18,203,254,104,10,2,67.95
18,203,254,105,10,2,69.5
18,203,254,106,10,2,70.46
18,203,254,107,10,2,73
18,203,254,108,10,2,74.5
18,203,254,109,10,2,76
18,203,254,110,10,2,77.5
18,203,254,111,10,2,80.19
18,203,254,112,10,2,81.52
18,203,254,113,10,2,82.75
18,203,254,114,10,2,82.95
18,203,254,115,10,2,84.4956
18,203,254,116,10,2,85.576
18,203,254,117,10,2,86.5058
18,203,254,118,10,2,87.3557
18,203,254,119,10,2,88.1826
18,203,254,120,10,2,89.0401
18,203,254,121,10,2,89.8056
18,203,254,122,10,2,90.4812
18,203,254,123,10,2,91.2071
18,203,254,124,10,2,91.9552
18,203,254,125,10,2,92.794
18,203,254,126,10,2,93.4807
18,203,254,127,10,2,94.2495
18,203,254,128,10,2,94.8312
18,203,254,129,10,2,95.4332
18,203,254,130,10,2,96.2038
18,207,254,101,10,2,56.9
18,207,254,102,10,2,59.85
18,207,254,103,10,2,63.2
18,207,254,104,10,2,67.95
18,207,254,105,10,2,69.5
18,207,254,106,10,2,70.46
18,207,254,107,10,2,73
18,207,254,108,10,2,74.5
18,207,254,109,10,2,76
18,207,254,110,10,2,77.5
18,207,254,111,10,2,80.19
18,207,254,112,10,2,81.52
18,207,254,113,10,2,82.75
18,207,254,114,10,2,82.95
18,207,254,115,10,2,82.672
18,207,254,116,10,2,82.8887
18,207,254,117,10,2,83.2989
18,207,254,118,10,2,83.5806
18,207,254,119,10,2,84.1562
18,207,254,120,10,2,84.586
18,207,254,121,10,2,85.0369
18,207,254,122,10,2,85.1941
18,207,254,123,10,2,85.6787
18,207,254,124,10,2,86.062
18,207,254,125,10,2,86.754
18,207,254,126,10,2,87.2859
18,207,254,127,10,2,87.3341
18,207,254,128,10,2,87.9114
18,207,254,129,10,2,88.0584
18,207,254,130,10,2,88.5928
18,206,254,101,10,2,56.9
18,206,254,102,10,2,59.85
18,206,254,103,10,2,63.2
18,206,254,104,10,2,67.95
18,206,254,105,10,2,69.5
18,206,254,106,10,2,70.46
18,206,254,107,10,2,73
18,206,254,108,10,2,74.5
18,206,254,109,10,2,76
18,206,254,110,10,2,77.5
18,206,254,111,10,2,80.19
18,206,254,112,10,2,81.52
18,206,254,113,10,2,82.75
18,206,254,114,10,2,82.95
18,206,254,115,10,2,84.8992
18,206,254,116,10,2,86.1193
18,206,254,117,10,2,87.1492
18,206,254,118,10,2,88.2416
18,206,254,119,10,2,89.1239
18,206,254,120,10,2,89.8489
18,206,254,121,10,2,90.6839
18,206,254,122,10,2,91.7154
18,206,254,123,10,2,92.3676
18,206,254,124,10,2,93.3405
18,206,254,125,10,2,93.8953
18,206,254,126,10,2,94.7717
18,206,254,127,10,2,95.4145
18,206,254,128,10,2,96.1143
18,206,254,129,10,2,96.921
18,206,254,130,10,2,97.5876
18,8,254,101,10,2,56.9
18,8,254,102,10,2,59.85
18,8,254,103,10,2,63.2
18,8,254,104,10,2,67.95
18,8,254,105,10,2,69.5
18,8,254,106,10,2,70.46
18,8,254,107,10,2,73
18,8,254,108,10,2,74.5
18,8,254,109,10,2,76
18,8,254,110,10,2,77.5
18,8,254,111,10,2,80.19
18,8,254,112,10,2,81.52
18,8,254,113,10,2,82.75
18,8,254,114,10,2,82.95
18,8,254,115,10,2,82.95
18,8,254,116,10,2,82.95
18,8,254,117,10,2,82.95
18,8,254,118,10,2,82.95
18,8,254,119,10,2,82.95
18,8,254,120,10,2,82.95
18,8,254,121,10,2,82.95
18,8,254,122,10,2,82.95
18,8,254,123,10,2,82.95
18,8,254,124,10,2,82.95
18,8,254,125,10,2,82.95
18,8,254,126,10,2,82.95
18,8,254,127,10,2,82.95
18,8,254,128,10,2,82.95
18,8,254,129,10,2,82.95
18,8,254,130,10,2,82.95
18,202,328,101,10,2,61.59
18,202,328,102,10,2,62.51
18,202,328,103,10,2,63.34
18,202,328,104,10,2,64.13
18,202,328,105,10,2,64.59
18,202,328,106,10,2,65.24
18,202,328,107,10,2,65.9
18,202,328,108,10,2,66.61
18,202,328,109,10,2,67.15
18,202,328,110,10,2,67.69
18,202,328,111,10,2,69.34
18,202,328,112,10,2,70.81
18,202,328,113,10,2,72.15
18,202,328,114,10,2,72.89
18,202,328,115,10,2,73.4887
18,202,328,116,10,2,74.0836
18,202,328,117,10,2,74.6607
18,202,328,118,10,2,75.3471
18,202,328,119,10,2,75.9231
18,202,328,120,10,2,76.5342
18,202,328,121,10,2,77.0739
18,202,328,122,10,2,77.7316
18,202,328,123,10,2,78.1398
18,202,328,124,10,2,78.7012
18,202,328,125,10,2,79.3226
18,202,328,126,10,2,79.8602
18,202,328,127,10,2,80.4221
18,202,328,128,10,2,80.9315
18,202,328,129,10,2,81.4312
18,202,328,130,10,2,81.9258
18,204,328,101,10,2,61.59
18,204,328,102,10,2,62.51
18,204,328,103,10,2,63.34
18,204,328,104,10,2,64.13
18,204,328,105,10,2,64.59
18,204,328,106,10,2,65.24
18,204,328,107,10,2,65.9
18,204,328,108,10,2,66.61
18,204,328,109,10,2,67.15
18,204,328,110,10,2,67.69
18,204,328,111,10,2,69.34
18,204,328,112,10,2,70.81
18,204,328,113,10,2,72.15
18,204,328,114,10,2,72.89
18,204,328,115,10,2,72.4169
18,204,328,116,10,2,72.6428
18,204,328,117,10,2,72.875
18,204,328,118,10,2,73.1647
18,204,328,119,10,2,73.5365
18,204,328,120,10,2,74.0164
18,204,328,121,10,2,74.3566
18,204,328,122,10,2,74.7113
18,204,328,123,10,2,75.1981
18,204,328,124,10,2,75.5936
18,204,328,125,10,2,75.7704
18,204,328,126,10,2,76.2317
18,204,328,127,10,2,76.52
18,204,328,128,10,2,76.8468
18,204,328,129,10,2,77.1579
18,204,328,130,10,2,77.8679
18,203,328,101,10,2,61.59
18,203,328,102,10,2,62.51
18,203,328,103,10,2,63.34
18,203,328,104,10,2,64.13
18,203,328,105,10,2,64.59
18,203,328,106,10,2,65.24
18,203,328,107,10,2,65.9
18,203,328,108,10,2,66.61
18,203,328,109,10,2,67.15
18,203,328,110,10,2,67.69
18,203,328,111,10,2,69.34
18,203,328,112,10,2,70.81
18,203,328,113,10,2,72.15
18,203,328,114,10,2,72.89
18,203,328,115,10,2,74.6004
18,203,328,116,10,2,75.5944
18,203,328,117,10,2,76.5572
18,203,328,118,10,2,77.3174
18,203,328,119,10,2,78.0834
18,203,328,120,10,2,78.9189
18,203,328,121,10,2,79.644
18,203,328,122,10,2,80.3529
18,203,328,123,10,2,81.1457
18,203,328,124,10,2,81.9465
18,203,328,125,10,2,82.5993
18,203,328,126,10,2,83.2955
18,203,328,127,10,2,84.0094
18,203,328,128,10,2,84.7057
18,203,328,129,10,2,85.4121
18,203,328,130,10,2,86.1414
18,207,328,101,10,2,61.59
18,207,328,102,10,2,62.51
18,207,328,103,10,2,63.34
18,207,328,104,10,2,64.13
18,207,328,105,10,2,64.59
18,207,328,106,10,2,65.24
18,207,328,107,10,2,65.9
18,207,328,108,10,2,66.61
18,207,328,109,10,2,67.15
18,207,328,110,10,2,67.69
18,207,328,111,10,2,69.34
18,207,328,112,10,2,70.81
18,207,328,113,10,2,72.15
18,207,328,114,10,2,72.89
18,207,328,115,10,2,71.8196
18,207,328,116,10,2,71.7247
18,207,328,117,10,2,71.8096
18,207,328,118,10,2,71.8624
18,207,328,119,10,2,72.2585
18,207,328,120,10,2,72.3829
18,207,328,121,10,2,72.5234
18,207,328,122,10,2,73.0146
18,207,328,123,10,2,73.0967
18,207,328,124,10,2,73.7304
18,207,328,125,10,2,73.8969
18,207,328,126,10,2,73.8951
18,207,328,127,10,2,74.4486
18,207,328,128,10,2,74.7603
18,207,328,129,10,2,75.0805
18,207,328,130,10,2,75.0667
18,206,328,101,10,2,61.59
18,206,328,102,10,2,62.51
18,206,328,103,10,2,63.34
18,206,328,104,10,2,64.13
18,206,328,105,10,2,64.59
18,206,328,106,10,2,65.24
18,206,328,107,10,2,65.9
18,206,328,108,10,2,66.61
18,206,328,109,10,2,67.15
18,206,328,110,10,2,67.69
18,206,328,111,10,2,69.34
18,206,328,112,10,2,70.81
18,206,328,113,10,2,72.15
18,206,328,114,10,2,72.89
18,206,328,115,10,2,75.0781
18,206,328,116,10,2,76.3925
18,206,328,117,10,2,77.3822
18,206,328,118,10,2,78.2701
18,206,328,119,10,2,79.1617
18,206,328,120,10,2,80.0912
18,206,328,121,10,2,80.9615
18,206,328,122,10,2,81.5603
18,206,328,123,10,2,82.4986
18,206,328,124,10,2,83.2802
18,206,328,125,10,2,83.8699
18,206,328,126,10,2,84.5165
18,206,328,127,10,2,85.4896
18,206,328,128,10,2,86.1098
18,206,328,129,10,2,86.9802
18,206,328,130,10,2,87.7338
18,8,328,101,10,2,61.59
18,8,328,102,10,2,62.51
18,8,328,103,10,2,63.34
18,8,328,104,10,2,64.13
18,8,328,105,10,2,64.59
18,8,328,106,10,2,65.24
18,8,328,107,10,2,65.9
18,8,328,108,10,2,66.61
18,8,328,109,10,2,67.15
18,8,328,110,10,2,67.69
18,8,328,111,10,2,69.34
18,8,328,112,10,2,70.81
18,8,328,113,10,2,72.15
18,8,328,114,10,2,72.89
18,8,328,115,10,2,72.89
18,8,328,116,10,2,72.89
18,8,328,117,10,2,72.89
18,8,328,118,10,2,72.89
18,8,328,119,10,2,72.89
18,8,328,120,10,2,72.89
18,8,328,121,10,2,72.89
18,8,328,122,10,2,72.89
18,8,328,123,10,2,72.89
18,8,328,124,10,2,72.89
18,8,328,125,10,2,72.89
18,8,328,126,10,2,72.89
18,8,328,127,10,2,72.89
18,8,328,128,10,2,72.89
18,8,328,129,10,2,72.89
18,8,328,130,10,2,72.89
18,202,600,101,10,2,64.66
18,202,600,102,10,2,65.23
18,202,600,103,10,2,66.42
18,202,600,104,10,2,66.99
18,202,600,105,10,2,67.62
18,202,600,106,10,2,68.44
18,202,600,107,10,2,69.45
18,202,600,108,10,2,70.02
18,202,600,109,10,2,71.18
18,202,600,110,10,2,72.07
18,202,600,111,10,2,73.2
18,202,600,112,10,2,74.23
18,202,600,113,10,2,75.15
18,202,600,114,10,2,76.2
18,202,600,115,10,2,76.8162
18,202,600,116,10,2,77.407
18,202,600,117,10,2,77.926
18,202,600,118,10,2,78.5162
18,202,600,119,10,2,79.103
18,202,600,120,10,2,79.6245
18,202,600,121,10,2,80.1295
18,202,600,122,10,2,80.7251
18,202,600,123,10,2,81.3049
18,202,600,124,10,2,81.8367
18,202,600,125,10,2,82.3957
18,202,600,126,10,2,83.0145
18,202,600,127,10,2,83.5945
18,202,600,128,10,2,84.0745
18,202,600,129,10,2,84.6794
18,202,600,130,10,2,85.2626
18,204,600,101,10,2,64.66
18,204,600,102,10,2,65.23
18,204,600,103,10,2,66.42
18,204,600,104,10,2,66.99
18,204,600,105,10,2,67.62
18,204,600,106,10,2,68.44
18,204,600,107,10,2,69.45
18,204,600,108,10,2,70.02
18,204,600,109,10,2,71.18
18,204,600,110,10,2,72.07
18,204,600,111,10,2,73.2
18,204,600,112,10,2,74.23
18,204,600,113,10,2,75.15
18,204,600,114,10,2,76.2
18,204,600,115,10,2,75.9085
18,204,600,116,10,2,76.1418
18,204,600,117,10,2,76.3946
18,204,600,118,10,2,76.7643
18,204,600,119,10,2,77.0932
18,204,600,120,10,2,77.4092
18,204,600,121,10,2,77.9606
18,204,600,122,10,2,78.3607
18,204,600,123,10,2,78.7543
18,204,600,124,10,2,79.2209
18,204,600,125,10,2,79.5645
18,204,600,126,10,2,79.9336
18,204,600,127,10,2,80.2109
18,204,600,128,10,2,80.7147
18,204,600,129,10,2,81.1392
18,204,600,130,10,2,81.4724
18,203,600,101,10,2,64.66
18,203,600,102,10,2,65.23
18,203,600,103,10,2,66.42
18,203,600,104,10,2,66.99
18,203,600,105,10,2,67.62
18,203,600,106,10,2,68.44
18,203,600,107,10,2,69.45
18,203,600,108,10,2,70.02
18,203,600,109,10,2,71.18
18,203,600,110,10,2,72.07
18,203,600,111,10,2,73.2
18,203,600,112,10,2,74.23
18,203,600,113,10,2,75.15
18,203,600,114,10,2,76.2
18,203,600,115,10,2,77.7384
18,203,600,116,10,2,78.6783
18,203,600,117,10,2,79.6345
18,203,600,118,10,2,80.3824
18,203,600,119,10,2,81.1897
18,203,600,120,10,2,81.9428
18,203,600,121,10,2,82.5307
18,203,600,122,10,2,83.3414
18,203,600,123,10,2,84.0241
18,203,600,124,10,2,84.768
18,203,600,125,10,2,85.4194
18,203,600,126,10,2,86.1572
18,203,600,127,10,2,86.7199
18,203,600,128,10,2,87.4458
18,203,600,129,10,2,88.1271
18,203,600,130,10,2,88.6917
18,207,600,101,10,2,64.66
18,207,600,102,10,2,65.23
18,207,600,103,10,2,66.42
18,207,600,104,10,2,66.99
18,207,600,105,10,2,67.62
18,207,600,106,10,2,68.44
18,207,600,107,10,2,69.45
18,207,600,108,10,2,70.02
18,207,600,109,10,2,71.18
18,207,600,110,10,2,72.07
18,207,600,111,10,2,73.2
18,207,600,112,10,2,74.23
18,207,600,113,10,2,75.15
18,207,600,114,10,2,76.2
18,207,600,115,10,2,75.4928
18,207,600,116,10,2,75.5189
18,207,600,117,10,2,75.4615
18,207,600,118,10,2,75.7182
18,207,600,119,10,2,75.8845
18,207,600,120,10,2,76.0345
18,207,600,121,10,2,76.3916
18,207,600,122,10,2,76.8189
18,207,600,123,10,2,77.1477
18,207,600,124,10,2,77.5098
18,207,600,125,10,2,77.6226
18,207,600,126,10,2,78.016
18,207,600,127,10,2,78.1538
18,207,600,128,10,2,78.6631
18,207,600,129,10,2,78.9976
18,207,600,130,10,2,79.5009
18,206,600,101,10,2,64.66
18,206,600,102,10,2,65.23
18,206,600,103,10,2,66.42
18,206,600,104,10,2,66.99
18,206,600,105,10,2,67.62
18,206,600,106,10,2,68.44
18,206,600,107,10,2,69.45
18,206,600,108,10,2,70.02
18,206,600,109,10,2,71.18
18,206,600,110,10,2,72.07
18,206,600,111,10,2,73.2
18,206,600,112,10,2,74.23
18,206,600,113,10,2,75.15
18,206,600,114,10,2,76.2
18,206,600,115,10,2,78.1473
18,206,600,116,10,2,79.3533
18,206,600,117,10,2,80.4267
18,206,600,118,10,2,81.4234
18,206,600,119,10,2,82.253
18,206,600,120,10,2,83.0294
18,206,600,121,10,2,83.6276
18,206,600,122,10,2,84.5286
18,206,600,123,10,2,85.2592
18,206,600,124,10,2,86.1174
18,206,600,125,10,2,86.7959
18,206,600,126,10,2,87.6328
18,206,600,127,10,2,88.2747
18,206,600,128,10,2,89.0055
18,206,600,129,10,2,89.6649
18,206,600,130,10,2,90.4257
18,8,600,101,10,2,64.66
18,8,600,102,10,2,65.23
18,8,600,103,10,2,66.42
18,8,600,104,10,2,66.99
18,8,600,105,10,2,67.62
18,8,600,106,10,2,68.44
18,8,600,107,10,2,69.45
18,8,600,108,10,2,70.02
18,8,600,109,10,2,71.18
18,8,600,110,10,2,72.07
18,8,600,111,10,2,73.2
18,8,600,112,10,2,74.23
18,8,600,113,10,2,75.15
18,8,600,114,10,2,76.2
18,8,600,115,10,2,76.2
18,8,600,116,10,2,76.2
18,8,600,117,10,2,76.2
18,8,600,118,10,2,76.2
18,8,600,119,10,2,76.2
18,8,600,120,10,2,76.2
18,8,600,121,10,2,76.2
18,8,600,122,10,2,76.2
18,8,600,123,10,2,76.2
18,8,600,124,10,2,76.2
18,8,600,125,10,2,76.2
18,8,600,126,10,2,76.2
18,8,600,127,10,2,76.2
18,8,600,128,10,2,76.2
18,8,600,129,10,2,76.2
18,8,600,130,10,2,76.2
18,202,604,101,10,2,45.51
18,202,604,102,10,2,47.91
18,202,604,103,10,2,51.26
18,202,604,104,10,2,53.91
18,202,604,105,10,2,57.96
18,202,604,106,10,2,60.79
18,202,604,107,10,2,63.74
18,202,604,108,10,2,66.86
18,202,604,109,10,2,69.78
18,202,604,110,10,2,72.23
18,202,604,111,10,2,74.36
18,202,604,112,10,2,76.08
18,202,604,113,10,2,77.66
18,202,604,114,10,2,79.18
18,202,604,115,10,2,80.25
18,202,604,116,10,2,81.2329
18,202,604,117,10,2,82.1118
18,202,604,118,10,2,82.897
18,202,604,119,10,2,83.6847
18,202,604,120,10,2,84.5221
18,202,604,121,10,2,85.175
18,202,604,122,10,2,85.868
18,202,604,123,10,2,86.5851
18,202,604,124,10,2,87.1551
18,202,604,125,10,2,87.8165
18,202,604,126,10,2,88.4473
18,202,604,127,10,2,89.0678
18,202,604,128,10,2,89.6178
18,202,604,129,10,2,90.2419
18,202,604,130,10,2,90.7983
18,204,604,101,10,2,45.51
18,204,604,102,10,2,47.91
18,204,604,103,10,2,51.26
18,204,604,104,10,2,53.91
18,204,604,105,10,2,57.96
18,204,604,106,10,2,60.79
18,204,604,107,10,2,63.74
18,204,604,108,10,2,66.86
18,204,604,109,10,2,69.78
18,204,604,110,10,2,72.23
18,204,604,111,10,2,74.36
18,204,604,112,10,2,76.08
18,204,604,113,10,2,77.66
18,204,604,114,10,2,79.18
18,204,604,115,10,2,79.3373
18,204,604,116,10,2,79.9645
18,204,604,117,10,2,80.5554
18,204,604,118,10,2,81.2102
18,204,604,119,10,2,81.7382
18,204,604,120,10,2,82.4266
18,204,604,121,10,2,82.9238
18,204,604,122,10,2,83.5836
18,204,604,123,10,2,84.0563
18,204,604,124,10,2,84.6247
18,204,604,125,10,2,84.9906
18,204,604,126,10,2,85.4586
18,204,604,127,10,2,85.9879
18,204,604,128,10,2,86.4777
18,204,604,129,10,2,86.9021
18,204,604,130,10,2,87.3105
18,203,604,101,10,2,45.51
18,203,604,102,10,2,47.91
18,203,604,103,10,2,51.26
18,203,604,104,10,2,53.91
18,203,604,105,10,2,57.96
18,203,604,106,10,2,60.79
18,203,604,107,10,2,63.74
18,203,604,108,10,2,66.86
18,203,604,109,10,2,69.78
18,203,604,110,10,2,72.23
18,203,604,111,10,2,74.36
18,203,604,112,10,2,76.08
18,203,604,113,10,2,77.66
18,203,604,114,10,2,79.18
18,203,604,115,10,2,81.0967
18,203,604,116,10,2,82.2219
18,203,604,117,10,2,83.4622
18,203,604,118,10,2,84.5678
18,203,604,119,10,2,85.5168
18,203,604,120,10,2,86.4742
18,203,604,121,10,2,87.2806
18,203,604,122,10,2,88.0976
18,203,604,123,10,2,88.9678
18,203,604,124,10,2,89.6216
18,203,604,125,10,2,90.4275
18,203,604,126,10,2,91.0542
18,203,604,127,10,2,91.7536
18,203,604,128,10,2,92.5511
18,203,604,129,10,2,93.1751
18,203,604,130,10,2,93.9644
18,207,604,101,10,2,45.51
18,207,604,102,10,2,47.91
18,207,604,103,10,2,51.26
18,207,604,104,10,2,53.91
18,207,604,105,10,2,57.96
18,207,604,106,10,2,60.79
18,207,604,107,10,2,63.74
18,207,604,108,10,2,66.86
18,207,604,109,10,2,69.78
18,207,604,110,10,2,72.23
18,207,604,111,10,2,74.36
18,207,604,112,10,2,76.08
18,207,604,113,10,2,77.66
18,207,604,114,10,2,79.18
18,207,604,115,10,2,78.8753
18,207,604,116,10,2,79.2877
18,207,604,117,10,2,79.8101
18,207,604,118,10,2,80.2829
18,207,604,119,10,2,80.7767
18,207,604,120,10,2,81.2828
18,207,604,121,10,2,81.7477
18,207,604,122,10,2,82.1868
18,207,604,123,10,2,82.7139
18,207,604,124,10,2,83.2387
18,207,604,125,10,2,83.7939
18,207,604,126,10,2,84.1034
18,207,604,127,10,2,84.4342
18,207,604,128,10,2,84.928
18,207,604,129,10,2,85.3701
18,207,604,130,10,2,85.5781
18,206,604,101,10,2,45.51
18,206,604,102,10,2,47.91
18,206,604,103,10,2,51.26
18,206,604,104,10,2,53.91
18,206,604,105,10,2,57.96
18,206,604,106,10,2,60.79
18,206,604,107,10,2,63.74
18,206,604,108,10,2,66.86
18,206,604,109,10,2,69.78
18,206,604,110,10,2,72.23
18,206,604,111,10,2,74.36
18,206,604,112,10,2,76.08
18,206,604,113,10,2,77.66
18,206,604,114,10,2,79.18
18,206,604,115,10,2,81.5494
18,206,604,116,10,2,82.9401
18,206,604,117,10,2,84.2114
18,206,604,118,10,2,85.3264
18,206,604,119,10,2,86.3997
18,206,604,120,10,2,87.3879
18,206,604,121,10,2,88.2417
18,206,604,122,10,2,89.2594
18,206,604,123,10,2,90.0982
18,206,604,124,10,2,90.8048
18,206,604,125,10,2,91.5814
18,206,604,126,10,2,92.4356
18,206,604,127,10,2,93.1465
18,206,604,128,10,2,93.8989
18,206,604,129,10,2,94.6231
18,206,604,130,10,2,95.4472
18,8,604,101,10,2,45.51
18,8,604,102,10,2,47.91
18,8,604,103,10,2,51.26
18,8,604,104,10,2,53.91
18,8,604,105,10,2,57.96
18,8,604,106,10,2,60.79
18,8,604,107,10,2,63.74
18,8,604,108,10,2,66.86
18,8,604,109,10,2,69.78
18,8,604,110,10,2,72.23
18,8,604,111,10,2,74.36
18,8,604,112,10,2,76.08
18,8,604,113,10,2,77.66
18,8,604,114,10,2,79.18
18,8,604,115,10,2,79.18
18,8,604,116,10,2,79.18
18,8,604,117,10,2,79.18
18,8,604,118,10,2,79.18
18,8,604,119,10,2,79.18
18,8,604,120,10,2,79.18
18,8,604,121,10,2,79.18
18,8,604,122,10,2,79.18
18,8,604,123,10,2,79.18
18,8,604,124,10,2,79.18
18,8,604,125,10,2,79.18
18,8,604,126,10,2,79.18
18,8,604,127,10,2,79.18
18,8,604,128,10,2,79.18
18,8,604,129,10,2,79.18
18,8,604,130,10,2,79.18
18,202,740,101,10,2,57.69
18,202,740,102,10,2,60.48
18,202,740,103,10,2,62.48
18,202,740,104,10,2,64.18
18,202,740,105,10,2,66.04
18,202,740,106,10,2,67.27
18,202,740,107,10,2,69.39
18,202,740,108,10,2,70.51
18,202,740,109,10,2,70.98
18,202,740,110,10,2,71.27
18,202,740,111,10,2,71.62
18,202,740,112,10,2,73.21
18,202,740,113,10,2,74.26
18,202,740,114,10,2,74.85
18,202,740,115,10,2,75.5649
18,202,740,116,10,2,76.2285
18,202,740,117,10,2,76.923
18,202,740,118,10,2,77.5574
18,202,740,119,10,2,78.2171
18,202,740,120,10,2,78.8488
18,202,740,121,10,2,79.4899
18,202,740,122,10,2,80.044
18,202,740,123,10,2,80.6873
18,202,740,124,10,2,81.1607
18,202,740,125,10,2,81.7376
18,202,740,126,10,2,82.3288
18,202,740,127,10,2,82.9022
18,202,740,128,10,2,83.4571
18,202,740,129,10,2,83.9876
18,202,740,130,10,2,84.5644
18,204,740,101,10,2,57.69
18,204,740,102,10,2,60.48
18,204,740,103,10,2,62.48
18,204,740,104,10,2,64.18
18,204,740,105,10,2,66.04
18,204,740,106,10,2,67.27
18,204,740,107,10,2,69.39
18,204,740,108,10,2,70.51
18,204,740,109,10,2,70.98
18,204,740,110,10,2,71.27
18,204,740,111,10,2,71.62
18,204,740,112,10,2,73.21
18,204,740,113,10,2,74.26
18,204,740,114,10,2,74.85
18,204,740,115,10,2,74.6048
18,204,740,116,10,2,74.8667
18,204,740,117,10,2,75.1944
18,204,740,118,10,2,75.6039
18,204,740,119,10,2,76.0791
18,204,740,120,10,2,76.4151
18,204,740,121,10,2,76.8396
18,204,740,122,10,2,77.3192
18,204,740,123,10,2,77.6391
18,204,740,124,10,2,78.0578
18,204,740,125,10,2,78.5166
18,204,740,126,10,2,79.0438
18,204,740,127,10,2,79.4008
18,204,740,128,10,2,79.8942
18,204,740,129,10,2,80.2187
18,204,740,130,10,2,80.6961
18,203,740,101,10,2,57.69
18,203,740,102,10,2,60.48
18,203,740,103,10,2,62.48
18,203,740,104,10,2,64.18
18,203,740,105,10,2,66.04
18,203,740,106,10,2,67.27
18,203,740,107,10,2,69.39
18,203,740,108,10,2,70.51
18,203,740,109,10,2,70.98
18,203,740,110,10,2,71.27
18,203,740,111,10,2,71.62
18,203,740,112,10,2,73.21
18,203,740,113,10,2,74.26
18,203,740,114,10,2,74.85
18,203,740,115,10,2,76.612
18,203,740,116,10,2,77.631
18,203,740,117,10,2,78.6212
18,203,740,118,10,2,79.5055
18,203,740,119,10,2,80.2841
18,203,740,120,10,2,80.9873
18,203,740,121,10,2,81.7472
18,203,740,122,10,2,82.4248
18,203,740,123,10,2,83.1544
18,203,740,124,10,2,83.9574
18,203,740,125,10,2,84.5937
18,203,740,126,10,2,85.2261
18,203,740,127,10,2,85.9131
18,203,740,128,10,2,86.559
18,203,740,129,10,2,87.2106
18,203,740,130,10,2,87.8815
18,207,740,101,10,2,57.69
18,207,740,102,10,2,60.48
18,207,740,103,10,2,62.48
18,207,740,104,10,2,64.18
18,207,740,105,10,2,66.04
18,207,740,106,10,2,67.27
18,207,740,107,10,2,69.39
18,207,740,108,10,2,70.51
18,207,740,109,10,2,70.98
18,207,740,110,10,2,71.27
18,207,740,111,10,2,71.62
18,207,740,112,10,2,73.21
18,207,740,113,10,2,74.26
18,207,740,114,10,2,74.85
18,207,740,115,10,2,74.0451
18,207,740,116,10,2,74.1436
18,207,740,117,10,2,74.226
18,207,740,118,10,2,74.6195
18,207,740,119,10,2,74.7411
18,207,740,120,10,2,75.0954
18,207,740,121,10,2,75.1609
18,207,740,122,10,2,75.5571
18,207,740,123,10,2,76.3298
18,207,740,124,10,2,76.7284
18,207,740,125,10,2,76.978
18,207,740,126,10,2,77.104
18,207,740,127,10,2,77.385
18,207,740,128,10,2,77.6593
18,207,740,129,10,2,78.0621
18,207,740,130,10,2,78.4813
18,206,740,101,10,2,57.69
18,206,740,102,10,2,60.48
18,206,740,103,10,2,62.48
18,206,740,104,10,2,64.18
18,206,740,105,10,2,66.04
18,206,740,106,10,2,67.27
18,206,740,107,10,2,69.39
18,206,740,108,10,2,70.51
18,206,740,109,10,2,70.98
18,206,740,110,10,2,71.27
18,206,740,111,10,2,71.62
18,206,740,112,10,2,73.21
18,206,740,113,10,2,74.26
18,206,740,114,10,2,74.85
18,206,740,115,10,2,77.1626
18,206,740,116,10,2,78.3609
18,206,740,117,10,2,79.5617
18,206,740,118,10,2,80.4153
18,206,740,119,10,2,81.2353
18,206,740,120,10,2,82.1089
18,206,740,121,10,2,82.8696
18,206,740,122,10,2,83.5762
18,206,740,123,10,2,84.325
18,206,740,124,10,2,85.1306
18,206,740,125,10,2,85.8099
18,206,740,126,10,2,86.5857
18,206,740,127,10,2,87.4077
18,206,740,128,10,2,88.2751
18,206,740,129,10,2,88.759
18,206,740,130,10,2,89.5098
18,8,740,101,10,2,57.69
18,8,740,102,10,2,60.48
18,8,740,103,10,2,62.48
18,8,740,104,10,2,64.18
18,8,740,105,10,2,66.04
18,8,740,106,10,2,67.27
18,8,740,107,10,2,69.39
18,8,740,108,10,2,70.51
18,8,740,109,10,2,70.98
18,8,740,110,10,2,71.27
18,8,740,111,10,2,71.62
18,8,740,112,10,2,73.21
18,8,740,113,10,2,74.26
18,8,740,114,10,2,74.85
18,8,740,115,10,2,74.85
18,8,740,116,10,2,74.85
18,8,740,117,10,2,74.85
18,8,740,118,10,2,74.85
18,8,740,119,10,2,74.85
18,8,740,120,10,2,74.85
18,8,740,121,10,2,74.85
18,8,740,122,10,2,74.85
18,8,740,123,10,2,74.85
18,8,740,124,10,2,74.85
18,8,740,125,10,2,74.85
18,8,740,126,10,2,74.85
18,8,740,127,10,2,74.85
18,8,740,128,10,2,74.85
18,8,740,129,10,2,74.85
18,8,740,130,10,2,74.85
18,202,858,101,10,2,69.4
18,202,858,102,10,2,70.43
18,202,858,103,10,2,71.64
18,202,858,104,10,2,71.92
18,202,858,105,10,2,72.2
18,202,858,106,10,2,73.12
18,202,858,107,10,2,74.54
18,202,858,108,10,2,75.81
18,202,858,109,10,2,76.92
18,202,858,110,10,2,77.99
18,202,858,111,10,2,78.9
18,202,858,112,10,2,80.02
18,202,858,113,10,2,80.67
18,202,858,114,10,2,81.3
18,202,858,115,10,2,81.9236
18,202,858,116,10,2,82.5145
18,202,858,117,10,2,83.1653
18,202,858,118,10,2,83.8181
18,202,858,119,10,2,84.3752
18,202,858,120,10,2,84.9618
18,202,858,121,10,2,85.4274
18,202,858,122,10,2,86.0492
18,202,858,123,10,2,86.6282
18,202,858,124,10,2,87.261
18,202,858,125,10,2,87.8397
18,202,858,126,10,2,88.4018
18,202,858,127,10,2,88.9473
18,202,858,128,10,2,89.5361
18,202,858,129,10,2,90.0717
18,202,858,130,10,2,90.6953
18,204,858,101,10,2,69.4
18,204,858,102,10,2,70.43
18,204,858,103,10,2,71.64
18,204,858,104,10,2,71.92
18,204,858,105,10,2,72.2
18,204,858,106,10,2,73.12
18,204,858,107,10,2,74.54
18,204,858,108,10,2,75.81
18,204,858,109,10,2,76.92
18,204,858,110,10,2,77.99
18,204,858,111,10,2,78.9
18,204,858,112,10,2,80.02
18,204,858,113,10,2,80.67
18,204,858,114,10,2,81.3
18,204,858,115,10,2,81.1392
18,204,858,116,10,2,81.37
18,204,858,117,10,2,81.6917
18,204,858,118,10,2,82.0276
18,204,858,119,10,2,82.515
18,204,858,120,10,2,82.9416
18,204,858,121,10,2,83.3644
18,204,858,122,10,2,83.8372
18,204,858,123,10,2,84.3519
18,204,858,124,10,2,84.7871
18,204,858,125,10,2,85.2638
18,204,858,126,10,2,85.636
18,204,858,127,10,2,86.0601
18,204,858,128,10,2,86.3927
18,204,858,129,10,2,86.9838
18,204,858,130,10,2,87.4015
18,203,858,101,10,2,69.4
18,203,858,102,10,2,70.43
18,203,858,103,10,2,71.64
18,203,858,104,10,2,71.92
18,203,858,105,10,2,72.2
18,203,858,106,10,2,73.12
18,203,858,107,10,2,74.54
18,203,858,108,10,2,75.81
18,203,858,109,10,2,76.92
18,203,858,110,10,2,77.99
18,203,858,111,10,2,78.9
18,203,858,112,10,2,80.02
18,203,858,113,10,2,80.67
18,203,858,114,10,2,81.3
18,203,858,115,10,2,82.6649
18,203,858,116,10,2,83.7083
18,203,858,117,10,2,84.4532
18,203,858,118,10,2,85.2272
18,203,858,119,10,2,86.0543
18,203,858,120,10,2,86.736
18,203,858,121,10,2,87.4428
18,203,858,122,10,2,88.2418
18,203,858,123,10,2,89.0156
18,203,858,124,10,2,89.6792
18,203,858,125,10,2,90.4115
18,203,858,126,10,2,91.0915
18,203,858,127,10,2,91.8015
18,203,858,128,10,2,92.4866
18,203,858,129,10,2,93.1537
18,203,858,130,10,2,93.8087
18,207,858,101,10,2,69.4
18,207,858,102,10,2,70.43
18,207,858,103,10,2,71.64
18,207,858,104,10,2,71.92
18,207,858,105,10,2,72.2
18,207,858,106,10,2,73.12
18,207,858,107,10,2,74.54
18,207,858,108,10,2,75.81
18,207,858,109,10,2,76.92
18,207,858,110,10,2,77.99
18,207,858,111,10,2,78.9
18,207,858,112,10,2,80.02
18,207,858,113,10,2,80.67
18,207,858,114,10,2,81.3
18,207,858,115,10,2,80.7873
18,207,858,116,10,2,80.7125
18,207,858,117,10,2,80.9512
18,207,858,118,10,2,81.2584
18,207,858,119,10,2,81.4902
18,207,858,120,10,2,81.9636
18,207,858,121,10,2,81.9913
18,207,858,122,10,2,82.5902
18,207,858,123,10,2,83.0684
18,207,858,124,10,2,83.3008
18,207,858,125,10,2,83.9668
18,207,858,126,10,2,84.0492
18,207,858,127,10,2,84.6111
18,207,858,128,10,2,84.977
18,207,858,129,10,2,85.583
18,207,858,130,10,2,85.9519
18,206,858,101,10,2,69.4
18,206,858,102,10,2,70.43
18,206,858,103,10,2,71.64
18,206,858,104,10,2,71.92
18,206,858,105,10,2,72.2
18,206,858,106,10,2,73.12
18,206,858,107,10,2,74.54
18,206,858,108,10,2,75.81
18,206,858,109,10,2,76.92
18,206,858,110,10,2,77.99
18,206,858,111,10,2,78.9
18,206,858,112,10,2,80.02
18,206,858,113,10,2,80.67
18,206,858,114,10,2,81.3
18,206,858,115,10,2,83.0884
18,206,858,116,10,2,84.2257
18,206,858,117,10,2,85.2203
18,206,858,118,10,2,86.0039
18,206,858,119,10,2,86.8368
18,206,858,120,10,2,87.679
18,206,858,121,10,2,88.4082
18,206,858,122,10,2,89.3759
18,206,858,123,10,2,89.9766
18,206,858,124,10,2,90.8859
18,206,858,125,10,2,91.6963
18,206,858,126,10,2,92.5642
18,206,858,127,10,2,93.2508
18,206,858,128,10,2,94.0386
18,206,858,129,10,2,94.6138
18,206,858,130,10,2,95.3889
18,8,858,101,10,2,69.4
18,8,858,102,10,2,70.43
18,8,858,103,10,2,71.64
18,8,858,104,10,2,71.92
18,8,858,105,10,2,72.2
18,8,858,106,10,2,73.12
18,8,858,107,10,2,74.54
18,8,858,108,10,2,75.81
18,8,858,109,10,2,76.92
18,8,858,110,10,2,77.99
18,8,858,111,10,2,78.9
18,8,858,112,10,2,80.02
18,8,858,113,10,2,80.67
18,8,858,114,10,2,81.3
18,8,858,115,10,2,81.3
18,8,858,116,10,2,81.3
18,8,858,117,10,2,81.3
18,8,858,118,10,2,81.3
18,8,858,119,10,2,81.3
18,8,858,120,10,2,81.3
18,8,858,121,10,2,81.3
18,8,858,122,10,2,81.3
18,8,858,123,10,2,81.3
18,8,858,124,10,2,81.3
18,8,858,125,10,2,81.3
18,8,858,126,10,2,81.3
18,8,858,127,10,2,81.3
18,8,858,128,10,2,81.3
18,8,858,129,10,2,81.3
18,8,858,130,10,2,81.3
18,202,862,101,10,2,57.02
18,202,862,102,10,2,60.09
18,202,862,103,10,2,63.05
18,202,862,104,10,2,65.93
18,202,862,105,10,2,68.93
18,202,862,106,10,2,70.86
18,202,862,107,10,2,72.26
18,202,862,108,10,2,73.33
18,202,862,109,10,2,74.31
18,202,862,110,10,2,75.28
18,202,862,111,10,2,76.54
18,202,862,112,10,2,76.99
18,202,862,113,10,2,77.01
18,202,862,114,10,2,76.08
18,202,862,115,10,2,76.8151
18,202,862,116,10,2,77.5141
18,202,862,117,10,2,78.1157
18,202,862,118,10,2,78.9172
18,202,862,119,10,2,79.5291
18,202,862,120,10,2,80.1229
18,202,862,121,10,2,80.6988
18,202,862,122,10,2,81.256
18,202,862,123,10,2,81.8244
18,202,862,124,10,2,82.4438
18,202,862,125,10,2,82.9645
18,202,862,126,10,2,83.4612
18,202,862,127,10,2,84.0203
18,202,862,128,10,2,84.5
18,202,862,129,10,2,85.0144
18,202,862,130,10,2,85.5645
18,204,862,101,10,2,57.02
18,204,862,102,10,2,60.09
18,204,862,103,10,2,63.05
18,204,862,104,10,2,65.93
18,204,862,105,10,2,68.93
18,204,862,106,10,2,70.86
18,204,862,107,10,2,72.26
18,204,862,108,10,2,73.33
18,204,862,109,10,2,74.31
18,204,862,110,10,2,75.28
18,204,862,111,10,2,76.54
18,204,862,112,10,2,76.99
18,204,862,113,10,2,77.01
18,204,862,114,10,2,76.08
18,204,862,115,10,2,75.8383
18,204,862,116,10,2,76.0953
18,204,862,117,10,2,76.3825
18,204,862,118,10,2,76.7974
18,204,862,119,10,2,77.2844
18,204,862,120,10,2,77.7212
18,204,862,121,10,2,78.1058
18,204,862,122,10,2,78.5794
18,204,862,123,10,2,78.9642
18,204,862,124,10,2,79.4072
18,204,862,125,10,2,79.7539
18,204,862,126,10,2,80.2953
18,204,862,127,10,2,80.5805
18,204,862,128,10,2,81.0758
18,204,862,129,10,2,81.5173
18,204,862,130,10,2,81.8611
18,203,862,101,10,2,57.02
18,203,862,102,10,2,60.09
18,203,862,103,10,2,63.05
18,203,862,104,10,2,65.93
18,203,862,105,10,2,68.93
18,203,862,106,10,2,70.86
18,203,862,107,10,2,72.26
18,203,862,108,10,2,73.33
18,203,862,109,10,2,74.31
18,203,862,110,10,2,75.28
18,203,862,111,10,2,76.54
18,203,862,112,10,2,76.99
18,203,862,113,10,2,77.01
18,203,862,114,10,2,76.08
18,203,862,115,10,2,77.7654
18,203,862,116,10,2,78.9076
18,203,862,117,10,2,79.869
18,203,862,118,10,2,80.7141
18,203,862,119,10,2,81.4648
18,203,862,120,10,2,82.2447
18,203,862,121,10,2,82.8656
18,203,862,122,10,2,83.5699
18,203,862,123,10,2,84.423
18,203,862,124,10,2,85.0869
18,203,862,125,10,2,85.7751
18,203,862,126,10,2,86.5014
18,203,862,127,10,2,87.044
18,203,862,128,10,2,87.7867
18,203,862,129,10,2,88.4055
18,203,862,130,10,2,88.9837
18,207,862,101,10,2,57.02
18,207,862,102,10,2,60.09
18,207,862,103,10,2,63.05
18,207,862,104,10,2,65.93
18,207,862,105,10,2,68.93
18,207,862,106,10,2,70.86
18,207,862,107,10,2,72.26
18,207,862,108,10,2,73.33
18,207,862,109,10,2,74.31
18,207,862,110,10,2,75.28
18,207,862,111,10,2,76.54
18,207,862,112,10,2,76.99
18,207,862,113,10,2,77.01
18,207,862,114,10,2,76.08
18,207,862,115,10,2,75.3631
18,207,862,116,10,2,75.3294
18,207,862,117,10,2,75.4135
18,207,862,118,10,2,75.8785
18,207,862,119,10,2,75.9237
18,207,862,120,10,2,76.3082
18,207,862,121,10,2,76.8022
18,207,862,122,10,2,77.1015
18,207,862,123,10,2,77.5704
18,207,862,124,10,2,77.7828
18,207,862,125,10,2,78.1348
18,207,862,126,10,2,78.3517
18,207,862,127,10,2,78.5486
18,207,862,128,10,2,78.6729
18,207,862,129,10,2,79.0567
18,207,862,130,10,2,79.4775
18,206,862,101,10,2,57.02
18,206,862,102,10,2,60.09
18,206,862,103,10,2,63.05
18,206,862,104,10,2,65.93
18,206,862,105,10,2,68.93
18,206,862,106,10,2,70.86
18,206,862,107,10,2,72.26
18,206,862,108,10,2,73.33
18,206,862,109,10,2,74.31
18,206,862,110,10,2,75.28
18,206,862,111,10,2,76.54
18,206,862,112,10,2,76.99
18,206,862,113,10,2,77.01
18,206,862,114,10,2,76.08
18,206,862,115,10,2,78.3156
18,206,862,116,10,2,79.4651
18,206,862,117,10,2,80.4987
18,206,862,118,10,2,81.5447
18,206,862,119,10,2,82.4186
18,206,862,120,10,2,83.3085
18,206,862,121,10,2,84.2182
18,206,862,122,10,2,84.9086
18,206,862,123,10,2,85.7519
18,206,862,124,10,2,86.3378
18,206,862,125,10,2,87.0344
18,206,862,126,10,2,87.9772
18,206,862,127,10,2,88.4935
18,206,862,128,10,2,89.2191
18,206,862,129,10,2,89.8688
18,206,862,130,10,2,90.4346
18,8,862,101,10,2,57.02
18,8,862,102,10,2,60.09
18,8,862,103,10,2,63.05
18,8,862,104,10,2,65.93
18,8,862,105,10,2,68.93
18,8,862,106,10,2,70.86
18,8,862,107,10,2,72.26
18,8,862,108,10,2,73.33
18,8,862,109,10,2,74.31
18,8,862,110,10,2,75.28
18,8,862,111,10,2,76.54
18,8,862,112,10,2,76.99
18,8,862,113,10,2,77.01
18,8,862,114,10,2,76.08
18,8,862,115,10,2,76.08
18,8,862,116,10,2,76.08
18,8,862,117,10,2,76.08
18,8,862,118,10,2,76.08
18,8,862,119,10,2,76.08
18,8,862,120,10,2,76.08
18,8,862,121,10,2,76.08
18,8,862,122,10,2,76.08
18,8,862,123,10,2,76.08
18,8,862,124,10,2,76.08
18,8,862,125,10,2,76.08
18,8,862,126,10,2,76.08
18,8,862,127,10,2,76.08
18,8,862,128,10,2,76.08
18,8,862,129,10,2,76.08
18,8,862,130,10,2,76.08
18,202,36,101,10,2,72.29
18,202,36,102,10,2,73.58
18,202,36,103,10,2,74.24
18,202,36,104,10,2,74.35
18,202,36,105,10,2,75.33
18,202,36,106,10,2,77.21
18,202,36,107,10,2,78.56
18,202,36,108,10,2,79.4
18,202,36,109,10,2,80.69
18,202,36,110,10,2,81.66
18,202,36,111,10,2,82.84
18,202,36,112,10,2,83.77
18,202,36,113,10,2,84.45
18,202,36,114,10,2,85.22
18,202,36,115,10,2,85.86
18,202,36,116,10,2,86.4872
18,202,36,117,10,2,87.1157
18,202,36,118,10,2,87.764
18,202,36,119,10,2,88.3134
18,202,36,120,10,2,88.9353
18,202,36,121,10,2,89.5314
18,202,36,122,10,2,90.0426
18,202,36,123,10,2,90.6123
18,202,36,124,10,2,91.2473
18,202,36,125,10,2,91.8154
18,202,36,126,10,2,92.3462
18,202,36,127,10,2,92.9163
18,202,36,128,10,2,93.4209
18,202,36,129,10,2,93.9845
18,202,36,130,10,2,94.5471
18,204,36,101,10,2,72.29
18,204,36,102,10,2,73.58
18,204,36,103,10,2,74.24
18,204,36,104,10,2,74.35
18,204,36,105,10,2,75.33
18,204,36,106,10,2,77.21
18,204,36,107,10,2,78.56
18,204,36,108,10,2,79.4
18,204,36,109,10,2,80.69
18,204,36,110,10,2,81.66
18,204,36,111,10,2,82.84
18,204,36,112,10,2,83.77
18,204,36,113,10,2,84.45
18,204,36,114,10,2,85.22
18,204,36,115,10,2,85.1995
18,204,36,116,10,2,85.4995
18,204,36,117,10,2,85.9149
18,204,36,118,10,2,86.2551
18,204,36,119,10,2,86.6423
18,204,36,120,10,2,87.2266
18,204,36,121,10,2,87.6536
18,204,36,122,10,2,88.0185
18,204,36,123,10,2,88.5384
18,204,36,124,10,2,88.961
18,204,36,125,10,2,89.4597
18,204,36,126,10,2,89.8051
18,204,36,127,10,2,90.2928
18,204,36,128,10,2,90.8018
18,204,36,129,10,2,91.3179
18,204,36,130,10,2,91.6968
18,203,36,101,10,2,72.29
18,203,36,102,10,2,73.58
18,203,36,103,10,2,74.24
18,203,36,104,10,2,74.35
18,203,36,105,10,2,75.33
18,203,36,106,10,2,77.21
18,203,36,107,10,2,78.56
18,203,36,108,10,2,79.4
18,203,36,109,10,2,80.69
18,203,36,110,10,2,81.66
18,203,36,111,10,2,82.84
18,203,36,112,10,2,83.77
18,203,36,113,10,2,84.45
18,203,36,114,10,2,85.22
18,203,36,115,10,2,86.5355
18,203,36,116,10,2,87.4209
18,203,36,117,10,2,88.2867
18,203,36,118,10,2,89.031
18,203,36,119,10,2,89.8175
18,203,36,120,10,2,90.6099
18,203,36,121,10,2,91.3236
18,203,36,122,10,2,92.0131
18,203,36,123,10,2,92.6929
18,203,36,124,10,2,93.3863
18,203,36,125,10,2,94.1005
18,203,36,126,10,2,94.6612
18,203,36,127,10,2,95.3765
18,203,36,128,10,2,96.1089
18,203,36,129,10,2,96.851
18,203,36,130,10,2,97.551
18,207,36,101,10,2,72.29
18,207,36,102,10,2,73.58
18,207,36,103,10,2,74.24
18,207,36,104,10,2,74.35
18,207,36,105,10,2,75.33
18,207,36,106,10,2,77.21
18,207,36,107,10,2,78.56
18,207,36,108,10,2,79.4
18,207,36,109,10,2,80.69
18,207,36,110,10,2,81.66
18,207,36,111,10,2,82.84
18,207,36,112,10,2,83.77
18,207,36,113,10,2,84.45
18,207,36,114,10,2,85.22
18,207,36,115,10,2,84.8498
18,207,36,116,10,2,85.0478
18,207,36,117,10,2,85.2439
18,207,36,118,10,2,85.5216
18,207,36,119,10,2,85.9014
18,207,36,120,10,2,86.1832
18,207,36,121,10,2,86.5822
18,207,36,122,10,2,86.9861
18,207,36,123,10,2,87.4102
18,207,36,124,10,2,87.8216
18,207,36,125,10,2,87.967
18,207,36,126,10,2,88.2749
18,207,36,127,10,2,88.7262
18,207,36,128,10,2,89.1688
18,207,36,129,10,2,89.5584
18,207,36,130,10,2,89.9427
18,206,36,101,10,2,72.29
18,206,36,102,10,2,73.58
18,206,36,103,10,2,74.24
18,206,36,104,10,2,74.35
18,206,36,105,10,2,75.33
18,206,36,106,10,2,77.21
18,206,36,107,10,2,78.56
18,206,36,108,10,2,79.4
18,206,36,109,10,2,80.69
18,206,36,110,10,2,81.66
18,206,36,111,10,2,82.84
18,206,36,112,10,2,83.77
18,206,36,113,10,2,84.45
18,206,36,114,10,2,85.22
18,206,36,115,10,2,86.8127
18,206,36,116,10,2,87.9913
18,206,36,117,10,2,88.8701
18,206,36,118,10,2,89.7802
18,206,36,119,10,2,90.5938
18,206,36,120,10,2,91.2694
18,206,36,121,10,2,92.1329
18,206,36,122,10,2,93.0538
18,206,36,123,10,2,93.7211
18,206,36,124,10,2,94.4216
18,206,36,125,10,2,95.2958
18,206,36,126,10,2,95.9575
18,206,36,127,10,2,96.5813
18,206,36,128,10,2,97.4229
18,206,36,129,10,2,98.1661
18,206,36,130,10,2,99.0106
18,8,36,101,10,2,72.29
18,8,36,102,10,2,73.58
18,8,36,103,10,2,74.24
18,8,36,104,10,2,74.35
18,8,36,105,10,2,75.33
18,8,36,106,10,2,77.21
18,8,36,107,10,2,78.56
18,8,36,108,10,2,79.4
18,8,36,109,10,2,80.69
18,8,36,110,10,2,81.66
18,8,36,111,10,2,82.84
18,8,36,112,10,2,83.77
18,8,36,113,10,2,84.45
18,8,36,114,10,2,85.22
18,8,36,115,10,2,85.22
18,8,36,116,10,2,85.22
18,8,36,117,10,2,85.22
18,8,36,118,10,2,85.22
18,8,36,119,10,2,85.22
18,8,36,120,10,2,85.22
18,8,36,121,10,2,85.22
18,8,36,122,10,2,85.22
18,8,36,123,10,2,85.22
18,8,36,124,10,2,85.22
18,8,36,125,10,2,85.22
18,8,36,126,10,2,85.22
18,8,36,127,10,2,85.22
18,8,36,128,10,2,85.22
18,8,36,129,10,2,85.22
18,8,36,130,10,2,85.22
18,202,554,101,10,2,72.1
18,202,554,102,10,2,73.33
18,202,554,103,10,2,74.09
18,202,554,104,10,2,74.48
18,202,554,105,10,2,75
18,202,554,106,10,2,75.96
18,202,554,107,10,2,76.93
18,202,554,108,10,2,77.53
18,202,554,109,10,2,79.17
18,202,554,110,10,2,80.17
18,202,554,111,10,2,81.29
18,202,554,112,10,2,82.31
18,202,554,113,10,2,83.11
18,202,554,114,10,2,83.8
18,202,554,115,10,2,84.3903
18,202,554,116,10,2,85.0148
18,202,554,117,10,2,85.6044
18,202,554,118,10,2,86.1621
18,202,554,119,10,2,86.8208
18,202,554,120,10,2,87.3802
18,202,554,121,10,2,87.9372
18,202,554,122,10,2,88.5608
18,202,554,123,10,2,89.1243
18,202,554,124,10,2,89.6716
18,202,554,125,10,2,90.22
18,202,554,126,10,2,90.8292
18,202,554,127,10,2,91.3932
18,202,554,128,10,2,91.9423
18,202,554,129,10,2,92.4777
18,202,554,130,10,2,93.1218
18,204,554,101,10,2,72.1
18,204,554,102,10,2,73.33
18,204,554,103,10,2,74.09
18,204,554,104,10,2,74.48
18,204,554,105,10,2,75
18,204,554,106,10,2,75.96
18,204,554,107,10,2,76.93
18,204,554,108,10,2,77.53
18,204,554,109,10,2,79.17
18,204,554,110,10,2,80.17
18,204,554,111,10,2,81.29
18,204,554,112,10,2,82.31
18,204,554,113,10,2,83.11
18,204,554,114,10,2,83.8
18,204,554,115,10,2,83.7135
18,204,554,116,10,2,83.995
18,204,554,117,10,2,84.4032
18,204,554,118,10,2,84.7269
18,204,554,119,10,2,85.1635
18,204,554,120,10,2,85.6353
18,204,554,121,10,2,86.0535
18,204,554,122,10,2,86.4057
18,204,554,123,10,2,86.9153
18,204,554,124,10,2,87.4362
18,204,554,125,10,2,87.8682
18,204,554,126,10,2,88.3599
18,204,554,127,10,2,88.8408
18,204,554,128,10,2,89.2982
18,204,554,129,10,2,89.6978
18,204,554,130,10,2,90.2365
18,203,554,101,10,2,72.1
18,203,554,102,10,2,73.33
18,203,554,103,10,2,74.09
18,203,554,104,10,2,74.48
18,203,554,105,10,2,75
18,203,554,106,10,2,75.96
18,203,554,107,10,2,76.93
18,203,554,108,10,2,77.53
18,203,554,109,10,2,79.17
18,203,554,110,10,2,80.17
18,203,554,111,10,2,81.29
18,203,554,112,10,2,82.31
18,203,554,113,10,2,83.11
18,203,554,114,10,2,83.8
18,203,554,115,10,2,85.0813
18,203,554,116,10,2,85.9651
18,203,554,117,10,2,86.755
18,203,554,118,10,2,87.6167
18,203,554,119,10,2,88.4822
18,203,554,120,10,2,89.1698
18,203,554,121,10,2,89.907
18,203,554,122,10,2,90.531
18,203,554,123,10,2,91.3378
18,203,554,124,10,2,91.973
18,203,554,125,10,2,92.6844
18,203,554,126,10,2,93.4069
18,203,554,127,10,2,94.2684
18,203,554,128,10,2,94.9726
18,203,554,129,10,2,95.6791
18,203,554,130,10,2,96.2819
18,207,554,101,10,2,72.1
18,207,554,102,10,2,73.33
18,207,554,103,10,2,74.09
18,207,554,104,10,2,74.48
18,207,554,105,10,2,75
18,207,554,106,10,2,75.96
18,207,554,107,10,2,76.93
18,207,554,108,10,2,77.53
18,207,554,109,10,2,79.17
18,207,554,110,10,2,80.17
18,207,554,111,10,2,81.29
18,207,554,112,10,2,82.31
18,207,554,113,10,2,83.11
18,207,554,114,10,2,83.8
18,207,554,115,10,2,83.3361
18,207,554,116,10,2,83.4217
18,207,554,117,10,2,83.7569
18,207,554,118,10,2,84.051
18,207,554,119,10,2,84.3413
18,207,554,120,10,2,84.7615
18,207,554,121,10,2,85.1524
18,207,554,122,10,2,85.3353
18,207,554,123,10,2,85.8227
18,207,554,124,10,2,86.1956
18,207,554,125,10,2,86.7641
18,207,554,126,10,2,87.0557
18,207,554,127,10,2,87.5532
18,207,554,128,10,2,87.7638
18,207,554,129,10,2,88.2476
18,207,554,130,10,2,88.6992
18,206,554,101,10,2,72.1
18,206,554,102,10,2,73.33
18,206,554,103,10,2,74.09
18,206,554,104,10,2,74.48
18,206,554,105,10,2,75
18,206,554,106,10,2,75.96
18,206,554,107,10,2,76.93
18,206,554,108,10,2,77.53
18,206,554,109,10,2,79.17
18,206,554,110,10,2,80.17
18,206,554,111,10,2,81.29
18,206,554,112,10,2,82.31
18,206,554,113,10,2,83.11
18,206,554,114,10,2,83.8
18,206,554,115,10,2,85.3885
18,206,554,116,10,2,86.507
18,206,554,117,10,2,87.3703
18,206,554,118,10,2,88.2927
18,206,554,119,10,2,89.1086
18,206,554,120,10,2,89.9436
18,206,554,121,10,2,90.8322
18,206,554,122,10,2,91.6172
18,206,554,123,10,2,92.3681
18,206,554,124,10,2,93.2195
18,206,554,125,10,2,93.9006
18,206,554,126,10,2,94.667
18,206,554,127,10,2,95.3737
18,206,554,128,10,2,96.2078
18,206,554,129,10,2,96.8517
18,206,554,130,10,2,97.5382
18,8,554,101,10,2,72.1
18,8,554,102,10,2,73.33
18,8,554,103,10,2,74.09
18,8,554,104,10,2,74.48
18,8,554,105,10,2,75
18,8,554,106,10,2,75.96
18,8,554,107,10,2,76.93
18,8,554,108,10,2,77.53
18,8,554,109,10,2,79.17
18,8,554,110,10,2,80.17
18,8,554,111,10,2,81.29
18,8,554,112,10,2,82.31
18,8,554,113,10,2,83.11
18,8,554,114,10,2,83.8
18,8,554,115,10,2,83.8
18,8,554,116,10,2,83.8
18,8,554,117,10,2,83.8
18,8,554,118,10,2,83.8
18,8,554,119,10,2,83.8
18,8,554,120,10,2,83.8
18,8,554,121,10,2,83.8
18,8,554,122,10,2,83.8
18,8,554,123,10,2,83.8
18,8,554,124,10,2,83.8
18,8,554,125,10,2,83.8
18,8,554,126,10,2,83.8
18,8,554,127,10,2,83.8
18,8,554,128,10,2,83.8
18,8,554,129,10,2,83.8
18,8,554,130,10,2,83.8
18,202,242,101,10,2,56.31
18,202,242,102,10,2,60.79
18,202,242,103,10,2,63.43
18,202,242,104,10,2,64.65
18,202,242,105,10,2,65.06
18,202,242,106,10,2,65.92
18,202,242,107,10,2,66.88
18,202,242,108,10,2,67.71
18,202,242,109,10,2,67.25
18,202,242,110,10,2,67.12
18,202,242,111,10,2,67.88
18,202,242,112,10,2,67.98
18,202,242,113,10,2,68.6
18,202,242,114,10,2,69.08
18,202,242,115,10,2,69.6514
18,202,242,116,10,2,70.2281
18,202,242,117,10,2,70.8641
18,202,242,118,10,2,71.3383
18,202,242,119,10,2,71.9493
18,202,242,120,10,2,72.4254
18,202,242,121,10,2,72.9729
18,202,242,122,10,2,73.5607
18,202,242,123,10,2,74.1736
18,202,242,124,10,2,74.6294
18,202,242,125,10,2,75.0704
18,202,242,126,10,2,75.5548
18,202,242,127,10,2,76.1365
18,202,242,128,10,2,76.632
18,202,242,129,10,2,77.0901
18,202,242,130,10,2,77.6402
18,204,242,101,10,2,56.31
18,204,242,102,10,2,60.79
18,204,242,103,10,2,63.43
18,204,242,104,10,2,64.65
18,204,242,105,10,2,65.06
18,204,242,106,10,2,65.92
18,204,242,107,10,2,66.88
18,204,242,108,10,2,67.71
18,204,242,109,10,2,67.25
18,204,242,110,10,2,67.12
18,204,242,111,10,2,67.88
18,204,242,112,10,2,67.98
18,204,242,113,10,2,68.6
18,204,242,114,10,2,69.08
18,204,242,115,10,2,68.4806
18,204,242,116,10,2,68.633
18,204,242,117,10,2,68.9222
18,204,242,118,10,2,69.2678
18,204,242,119,10,2,69.4813
18,204,242,120,10,2,69.8411
18,204,242,121,10,2,69.8798
18,204,242,122,10,2,70.2371
18,204,242,123,10,2,70.6474
18,204,242,124,10,2,70.8014
18,204,242,125,10,2,71.1507
18,204,242,126,10,2,71.4666
18,204,242,127,10,2,71.754
18,204,242,128,10,2,72.2568
18,204,242,129,10,2,72.7297
18,204,242,130,10,2,73.1423
18,203,242,101,10,2,56.31
18,203,242,102,10,2,60.79
18,203,242,103,10,2,63.43
18,203,242,104,10,2,64.65
18,203,242,105,10,2,65.06
18,203,242,106,10,2,65.92
18,203,242,107,10,2,66.88
18,203,242,108,10,2,67.71
18,203,242,109,10,2,67.25
18,203,242,110,10,2,67.12
18,203,242,111,10,2,67.88
18,203,242,112,10,2,67.98
18,203,242,113,10,2,68.6
18,203,242,114,10,2,69.08
18,203,242,115,10,2,70.8257
18,203,242,116,10,2,71.8553
18,203,242,117,10,2,72.8533
18,203,242,118,10,2,73.5943
18,203,242,119,10,2,74.4385
18,203,242,120,10,2,75.2099
18,203,242,121,10,2,75.9013
18,203,242,122,10,2,76.6559
18,203,242,123,10,2,77.3086
18,203,242,124,10,2,78.0474
18,203,242,125,10,2,78.6403
18,203,242,126,10,2,79.2931
18,203,242,127,10,2,79.9572
18,203,242,128,10,2,80.7164
18,203,242,129,10,2,81.4384
18,203,242,130,10,2,81.9484
18,207,242,101,10,2,56.31
18,207,242,102,10,2,60.79
18,207,242,103,10,2,63.43
18,207,242,104,10,2,64.65
18,207,242,105,10,2,65.06
18,207,242,106,10,2,65.92
18,207,242,107,10,2,66.88
18,207,242,108,10,2,67.71
18,207,242,109,10,2,67.25
18,207,242,110,10,2,67.12
18,207,242,111,10,2,67.88
18,207,242,112,10,2,67.98
18,207,242,113,10,2,68.6
18,207,242,114,10,2,69.08
18,207,242,115,10,2,67.8946
18,207,242,116,10,2,67.8424
18,207,242,117,10,2,67.9888
18,207,242,118,10,2,68.0452
18,207,242,119,10,2,68.254
18,207,242,120,10,2,68.0131
18,207,242,121,10,2,68.4328
18,207,242,122,10,2,68.4981
18,207,242,123,10,2,68.7647
18,207,242,124,10,2,68.8633
18,207,242,125,10,2,69.2
18,207,242,126,10,2,69.6672
18,207,242,127,10,2,70.0025
18,207,242,128,10,2,70.5165
18,207,242,129,10,2,70.6735
18,207,242,130,10,2,70.5498
18,206,242,101,10,2,56.31
18,206,242,102,10,2,60.79
18,206,242,103,10,2,63.43
18,206,242,104,10,2,64.65
18,206,242,105,10,2,65.06
18,206,242,106,10,2,65.92
18,206,242,107,10,2,66.88
18,206,242,108,10,2,67.71
18,206,242,109,10,2,67.25
18,206,242,110,10,2,67.12
18,206,242,111,10,2,67.88
18,206,242,112,10,2,67.98
18,206,242,113,10,2,68.6
18,206,242,114,10,2,69.08
18,206,242,115,10,2,71.4092
18,206,242,116,10,2,72.733
18,206,242,117,10,2,73.9241
18,206,242,118,10,2,74.7695
18,206,242,119,10,2,75.708
18,206,242,120,10,2,76.5143
18,206,242,121,10,2,77.219
18,206,242,122,10,2,78.0165
18,206,242,123,10,2,78.7267
18,206,242,124,10,2,79.5102
18,206,242,125,10,2,80.3352
18,206,242,126,10,2,80.7964
18,206,242,127,10,2,81.6067
18,206,242,128,10,2,82.3382
18,206,242,129,10,2,83.0798
18,206,242,130,10,2,83.8035
18,8,242,101,10,2,56.31
18,8,242,102,10,2,60.79
18,8,242,103,10,2,63.43
18,8,242,104,10,2,64.65
18,8,242,105,10,2,65.06
18,8,242,106,10,2,65.92
18,8,242,107,10,2,66.88
18,8,242,108,10,2,67.71
18,8,242,109,10,2,67.25
18,8,242,110,10,2,67.12
18,8,242,111,10,2,67.88
18,8,242,112,10,2,67.98
18,8,242,113,10,2,68.6
18,8,242,114,10,2,69.08
18,8,242,115,10,2,69.08
18,8,242,116,10,2,69.08
18,8,242,117,10,2,69.08
18,8,242,118,10,2,69.08
18,8,242,119,10,2,69.08
18,8,242,120,10,2,69.08
18,8,242,121,10,2,69.08
18,8,242,122,10,2,69.08
18,8,242,123,10,2,69.08
18,8,242,124,10,2,69.08
18,8,242,125,10,2,69.08
18,8,242,126,10,2,69.08
18,8,242,127,10,2,69.08
18,8,242,128,10,2,69.08
18,8,242,129,10,2,69.08
18,8,242,130,10,2,69.08
18,202,540,101,10,2,52.09
18,202,540,102,10,2,55.99
18,202,540,103,10,2,59.9
18,202,540,104,10,2,63.31
18,202,540,105,10,2,66.26
18,202,540,106,10,2,68.82
18,202,540,107,10,2,71.03
18,202,540,108,10,2,72.93
18,202,540,109,10,2,74.58
18,202,540,110,10,2,76
18,202,540,111,10,2,77.24
18,202,540,112,10,2,78.32
18,202,540,113,10,2,79.31
18,202,540,114,10,2,80.16
18,202,540,115,10,2,80.9531
18,202,540,116,10,2,81.7775
18,202,540,117,10,2,82.5423
18,202,540,118,10,2,83.2658
18,202,540,119,10,2,83.9823
18,202,540,120,10,2,84.6568
18,202,540,121,10,2,85.2918
18,202,540,122,10,2,85.9461
18,202,540,123,10,2,86.5722
18,202,540,124,10,2,87.2093
18,202,540,125,10,2,87.7522
18,202,540,126,10,2,88.3797
18,202,540,127,10,2,88.9839
18,202,540,128,10,2,89.5502
18,202,540,129,10,2,90.1591
18,202,540,130,10,2,90.663
18,204,540,101,10,2,52.09
18,204,540,102,10,2,55.99
18,204,540,103,10,2,59.9
18,204,540,104,10,2,63.31
18,204,540,105,10,2,66.26
18,204,540,106,10,2,68.82
18,204,540,107,10,2,71.03
18,204,540,108,10,2,72.93
18,204,540,109,10,2,74.58
18,204,540,110,10,2,76
18,204,540,111,10,2,77.24
18,204,540,112,10,2,78.32
18,204,540,113,10,2,79.31
18,204,540,114,10,2,80.16
18,204,540,115,10,2,80.1512
18,204,540,116,10,2,80.5874
18,204,540,117,10,2,81.0895
18,204,540,118,10,2,81.5787
18,204,540,119,10,2,82.2195
18,204,540,120,10,2,82.7184
18,204,540,121,10,2,83.1958
18,204,540,122,10,2,83.6908
18,204,540,123,10,2,84.2564
18,204,540,124,10,2,84.699
18,204,540,125,10,2,85.1254
18,204,540,126,10,2,85.6895
18,204,540,127,10,2,86.0363
18,204,540,128,10,2,86.5158
18,204,540,129,10,2,87.0757
18,204,540,130,10,2,87.4187
18,203,540,101,10,2,52.09
18,203,540,102,10,2,55.99
18,203,540,103,10,2,59.9
18,203,540,104,10,2,63.31
18,203,540,105,10,2,66.26
18,203,540,106,10,2,68.82
18,203,540,107,10,2,71.03
18,203,540,108,10,2,72.93
18,203,540,109,10,2,74.58
18,203,540,110,10,2,76
18,203,540,111,10,2,77.24
18,203,540,112,10,2,78.32
18,203,540,113,10,2,79.31
18,203,540,114,10,2,80.16
18,203,540,115,10,2,81.8158
18,203,540,116,10,2,82.9154
18,203,540,117,10,2,83.8906
18,203,540,118,10,2,84.861
18,203,540,119,10,2,85.7306
18,203,540,120,10,2,86.4936
18,203,540,121,10,2,87.3586
18,203,540,122,10,2,88.0502
18,203,540,123,10,2,88.8111
18,203,540,124,10,2,89.5968
18,203,540,125,10,2,90.2891
18,203,540,126,10,2,90.8906
18,203,540,127,10,2,91.6276
18,203,540,128,10,2,92.267
18,203,540,129,10,2,92.9757
18,203,540,130,10,2,93.6623
18,207,540,101,10,2,52.09
18,207,540,102,10,2,55.99
18,207,540,103,10,2,59.9
18,207,540,104,10,2,63.31
18,207,540,105,10,2,66.26
18,207,540,106,10,2,68.82
18,207,540,107,10,2,71.03
18,207,540,108,10,2,72.93
18,207,540,109,10,2,74.58
18,207,540,110,10,2,76
18,207,540,111,10,2,77.24
18,207,540,112,10,2,78.32
18,207,540,113,10,2,79.31
18,207,540,114,10,2,80.16
18,207,540,115,10,2,79.7012
18,207,540,116,10,2,79.9331
18,207,540,117,10,2,80.145
18,207,540,118,10,2,80.6094
18,207,540,119,10,2,80.9149
18,207,540,120,10,2,81.3052
18,207,540,121,10,2,82.0132
18,207,540,122,10,2,82.3702
18,207,540,123,10,2,82.8358
18,207,540,124,10,2,83.2523
18,207,540,125,10,2,83.7019
18,207,540,126,10,2,84.164
18,207,540,127,10,2,84.734
18,207,540,128,10,2,85.2224
18,207,540,129,10,2,85.5939
18,207,540,130,10,2,85.8285
18,206,540,101,10,2,52.09
18,206,540,102,10,2,55.99
18,206,540,103,10,2,59.9
18,206,540,104,10,2,63.31
18,206,540,105,10,2,66.26
18,206,540,106,10,2,68.82
18,206,540,107,10,2,71.03
18,206,540,108,10,2,72.93
18,206,540,109,10,2,74.58
18,206,540,110,10,2,76
18,206,540,111,10,2,77.24
18,206,540,112,10,2,78.32
18,206,540,113,10,2,79.31
18,206,540,114,10,2,80.16
18,206,540,115,10,2,82.2719
18,206,540,116,10,2,83.4844
18,206,540,117,10,2,84.5811
18,206,540,118,10,2,85.6219
18,206,540,119,10,2,86.5807
18,206,540,120,10,2,87.5723
18,206,540,121,10,2,88.4704
18,206,540,122,10,2,89.2192
18,206,540,123,10,2,90.1881
18,206,540,124,10,2,90.9873
18,206,540,125,10,2,91.6671
18,206,540,126,10,2,92.4695
18,206,540,127,10,2,93.1782
18,206,540,128,10,2,93.7728
18,206,540,129,10,2,94.4259
18,206,540,130,10,2,95.2625
18,8,540,101,10,2,52.09
18,8,540,102,10,2,55.99
18,8,540,103,10,2,59.9
18,8,540,104,10,2,63.31
18,8,540,105,10,2,66.26
18,8,540,106,10,2,68.82
18,8,540,107,10,2,71.03
18,8,540,108,10,2,72.93
18,8,540,109,10,2,74.58
18,8,540,110,10,2,76
18,8,540,111,10,2,77.24
18,8,540,112,10,2,78.32
18,8,540,113,10,2,79.31
18,8,540,114,10,2,80.16
18,8,540,115,10,2,80.16
18,8,540,116,10,2,80.16
18,8,540,117,10,2,80.16
18,8,540,118,10,2,80.16
18,8,540,119,10,2,80.16
18,8,540,120,10,2,80.16
18,8,540,121,10,2,80.16
18,8,540,122,10,2,80.16
18,8,540,123,10,2,80.16
18,8,540,124,10,2,80.16
18,8,540,125,10,2,80.16
18,8,540,126,10,2,80.16
18,8,540,127,10,2,80.16
18,8,540,128,10,2,80.16
18,8,540,129,10,2,80.16
18,8,540,130,10,2,80.16
18,202,598,101,10,2,34.8
18,202,598,102,10,2,37.92
18,202,598,103,10,2,41.2
18,202,598,104,10,2,44.89
18,202,598,105,10,2,48.72
18,202,598,106,10,2,52.12
18,202,598,107,10,2,55.51
18,202,598,108,10,2,57.17
18,202,598,109,10,2,58.87
18,202,598,110,10,2,60.27
18,202,598,111,10,2,61.18
18,202,598,112,10,2,62.73
18,202,598,113,10,2,64.13
18,202,598,114,10,2,65.45
18,202,598,115,10,2,66.3466
18,202,598,116,10,2,67.2939
18,202,598,117,10,2,67.9843
18,202,598,118,10,2,68.7742
18,202,598,119,10,2,69.4739
18,202,598,120,10,2,70.1771
18,202,598,121,10,2,70.7987
18,202,598,122,10,2,71.3649
18,202,598,123,10,2,71.987
18,202,598,124,10,2,72.6173
18,202,598,125,10,2,73.284
18,202,598,126,10,2,73.8508
18,202,598,127,10,2,74.4399
18,202,598,128,10,2,74.9582
18,202,598,129,10,2,75.5396
18,202,598,130,10,2,76.012
18,204,598,101,10,2,34.8
18,204,598,102,10,2,37.92
18,204,598,103,10,2,41.2
18,204,598,104,10,2,44.89
18,204,598,105,10,2,48.72
18,204,598,106,10,2,52.12
18,204,598,107,10,2,55.51
18,204,598,108,10,2,57.17
18,204,598,109,10,2,58.87
18,204,598,110,10,2,60.27
18,204,598,111,10,2,61.18
18,204,598,112,10,2,62.73
18,204,598,113,10,2,64.13
18,204,598,114,10,2,65.45
18,204,598,115,10,2,65.1464
18,204,598,116,10,2,65.4715
18,204,598,117,10,2,65.8341
18,204,598,118,10,2,66.3368
18,204,598,119,10,2,66.659
18,204,598,120,10,2,67.0317
18,204,598,121,10,2,67.4631
18,204,598,122,10,2,67.933
18,204,598,123,10,2,68.4829
18,204,598,124,10,2,68.9124
18,204,598,125,10,2,69.216
18,204,598,126,10,2,69.6652
18,204,598,127,10,2,70.1111
18,204,598,128,10,2,70.6874
18,204,598,129,10,2,71.1712
18,204,598,130,10,2,71.5601
18,203,598,101,10,2,34.8
18,203,598,102,10,2,37.92
18,203,598,103,10,2,41.2
18,203,598,104,10,2,44.89
18,203,598,105,10,2,48.72
18,203,598,106,10,2,52.12
18,203,598,107,10,2,55.51
18,203,598,108,10,2,57.17
18,203,598,109,10,2,58.87
18,203,598,110,10,2,60.27
18,203,598,111,10,2,61.18
18,203,598,112,10,2,62.73
18,203,598,113,10,2,64.13
18,203,598,114,10,2,65.45
18,203,598,115,10,2,67.5812
18,203,598,116,10,2,68.955
18,203,598,117,10,2,70.0195
18,203,598,118,10,2,71.1598
18,203,598,119,10,2,72.0476
18,203,598,120,10,2,72.9455
18,203,598,121,10,2,73.9925
18,203,598,122,10,2,74.7929
18,203,598,123,10,2,75.3806
18,203,598,124,10,2,76.2525
18,203,598,125,10,2,77.004
18,203,598,126,10,2,77.8639
18,203,598,127,10,2,78.6512
18,203,598,128,10,2,79.2745
18,203,598,129,10,2,79.9253
18,203,598,130,10,2,80.6298
18,207,598,101,10,2,34.8
18,207,598,102,10,2,37.92
18,207,598,103,10,2,41.2
18,207,598,104,10,2,44.89
18,207,598,105,10,2,48.72
18,207,598,106,10,2,52.12
18,207,598,107,10,2,55.51
18,207,598,108,10,2,57.17
18,207,598,109,10,2,58.87
18,207,598,110,10,2,60.27
18,207,598,111,10,2,61.18
18,207,598,112,10,2,62.73
18,207,598,113,10,2,64.13
18,207,598,114,10,2,65.45
18,207,598,115,10,2,64.4984
18,207,598,116,10,2,64.6041
18,207,598,117,10,2,64.7023
18,207,598,118,10,2,65.1015
18,207,598,119,10,2,65.305
18,207,598,120,10,2,65.284
18,207,598,121,10,2,65.7083
18,207,598,122,10,2,66.1532
18,207,598,123,10,2,66.5062
18,207,598,124,10,2,66.7707
18,207,598,125,10,2,67.0684
18,207,598,126,10,2,67.3105
18,207,598,127,10,2,67.7111
18,207,598,128,10,2,68.4747
18,207,598,129,10,2,69.0218
18,207,598,130,10,2,69.2059
18,206,598,101,10,2,34.8
18,206,598,102,10,2,37.92
18,206,598,103,10,2,41.2
18,206,598,104,10,2,44.89
18,206,598,105,10,2,48.72
18,206,598,106,10,2,52.12
18,206,598,107,10,2,55.51
18,206,598,108,10,2,57.17
18,206,598,109,10,2,58.87
18,206,598,110,10,2,60.27
18,206,598,111,10,2,61.18
18,206,598,112,10,2,62.73
18,206,598,113,10,2,64.13
18,206,598,114,10,2,65.45
18,206,598,115,10,2,68.2259
18,206,598,116,10,2,69.7806
18,206,598,117,10,2,70.909
18,206,598,118,10,2,72.2615
18,206,598,119,10,2,73.3893
18,206,598,120,10,2,74.4541
18,206,598,121,10,2,75.3492
18,206,598,122,10,2,76.4977
18,206,598,123,10,2,77.6637
18,206,598,124,10,2,78.2327
18,206,598,125,10,2,79.0539
18,206,598,126,10,2,80.0386
18,206,598,127,10,2,80.6079
18,206,598,128,10,2,81.4338
18,206,598,129,10,2,82.0742
18,206,598,130,10,2,82.6614
18,8,598,101,10,2,34.8
18,8,598,102,10,2,37.92
18,8,598,103,10,2,41.2
18,8,598,104,10,2,44.89
18,8,598,105,10,2,48.72
18,8,598,106,10,2,52.12
18,8,598,107,10,2,55.51
18,8,598,108,10,2,57.17
18,8,598,109,10,2,58.87
18,8,598,110,10,2,60.27
18,8,598,111,10,2,61.18
18,8,598,112,10,2,62.73
18,8,598,113,10,2,64.13
18,8,598,114,10,2,65.45
18,8,598,115,10,2,65.45
18,8,598,116,10,2,65.45
18,8,598,117,10,2,65.45
18,8,598,118,10,2,65.45
18,8,598,119,10,2,65.45
18,8,598,120,10,2,65.45
18,8,598,121,10,2,65.45
18,8,598,122,10,2,65.45
18,8,598,123,10,2,65.45
18,8,598,124,10,2,65.45
18,8,598,125,10,2,65.45
18,8,598,126,10,2,65.45
18,8,598,127,10,2,65.45
18,8,598,128,10,2,65.45
18,8,598,129,10,2,65.45
18,8,598,130,10,2,65.45
18,202,90,101,10,2,43.76
18,202,90,102,10,2,47.71
18,202,90,103,10,2,51.72
18,202,90,104,10,2,55.57
18,202,90,105,10,2,59.31
18,202,90,106,10,2,62.52
18,202,90,107,10,2,64.45
18,202,90,108,10,2,65.3
18,202,90,109,10,2,65.93
18,202,90,110,10,2,67.73
18,202,90,111,10,2,69.89
18,202,90,112,10,2,71.69
18,202,90,113,10,2,73.32
18,202,90,114,10,2,74.62
18,202,90,115,10,2,75.3904
18,202,90,116,10,2,76.134
18,202,90,117,10,2,76.8364
18,202,90,118,10,2,77.5361
18,202,90,119,10,2,78.183
18,202,90,120,10,2,78.8045
18,202,90,121,10,2,79.4298
18,202,90,122,10,2,80.122
18,202,90,123,10,2,80.7116
18,202,90,124,10,2,81.3911
18,202,90,125,10,2,81.9657
18,202,90,126,10,2,82.5516
18,202,90,127,10,2,83.1338
18,202,90,128,10,2,83.8099
18,202,90,129,10,2,84.4113
18,202,90,130,10,2,84.9453
18,204,90,101,10,2,43.76
18,204,90,102,10,2,47.71
18,204,90,103,10,2,51.72
18,204,90,104,10,2,55.57
18,204,90,105,10,2,59.31
18,204,90,106,10,2,62.52
18,204,90,107,10,2,64.45
18,204,90,108,10,2,65.3
18,204,90,109,10,2,65.93
18,204,90,110,10,2,67.73
18,204,90,111,10,2,69.89
18,204,90,112,10,2,71.69
18,204,90,113,10,2,73.32
18,204,90,114,10,2,74.62
18,204,90,115,10,2,74.3645
18,204,90,116,10,2,74.6746
18,204,90,117,10,2,75.1191
18,204,90,118,10,2,75.5943
18,204,90,119,10,2,76.0889
18,204,90,120,10,2,76.4851
18,204,90,121,10,2,77.061
18,204,90,122,10,2,77.4779
18,204,90,123,10,2,78.0396
18,204,90,124,10,2,78.6117
18,204,90,125,10,2,79.0173
18,204,90,126,10,2,79.4569
18,204,90,127,10,2,79.776
18,204,90,128,10,2,80.2412
18,204,90,129,10,2,80.7269
18,204,90,130,10,2,81.1748
18,203,90,101,10,2,43.76
18,203,90,102,10,2,47.71
18,203,90,103,10,2,51.72
18,203,90,104,10,2,55.57
18,203,90,105,10,2,59.31
18,203,90,106,10,2,62.52
18,203,90,107,10,2,64.45
18,203,90,108,10,2,65.3
18,203,90,109,10,2,65.93
18,203,90,110,10,2,67.73
18,203,90,111,10,2,69.89
18,203,90,112,10,2,71.69
18,203,90,113,10,2,73.32
18,203,90,114,10,2,74.62
18,203,90,115,10,2,76.3824
18,203,90,116,10,2,77.4603
18,203,90,117,10,2,78.5237
18,203,90,118,10,2,79.4059
18,203,90,119,10,2,80.2857
18,203,90,120,10,2,81.1147
18,203,90,121,10,2,81.9023
18,203,90,122,10,2,82.6586
18,203,90,123,10,2,83.3202
18,203,90,124,10,2,84.1452
18,203,90,125,10,2,84.8802
18,203,90,126,10,2,85.5566
18,203,90,127,10,2,86.107
18,203,90,128,10,2,86.829
18,203,90,129,10,2,87.4397
18,203,90,130,10,2,88.0198
18,207,90,101,10,2,43.76
18,207,90,102,10,2,47.71
18,207,90,103,10,2,51.72
18,207,90,104,10,2,55.57
18,207,90,105,10,2,59.31
18,207,90,106,10,2,62.52
18,207,90,107,10,2,64.45
18,207,90,108,10,2,65.3
18,207,90,109,10,2,65.93
18,207,90,110,10,2,67.73
18,207,90,111,10,2,69.89
18,207,90,112,10,2,71.69
18,207,90,113,10,2,73.32
18,207,90,114,10,2,74.62
18,207,90,115,10,2,73.8819
18,207,90,116,10,2,74.1425
18,207,90,117,10,2,74.2737
18,207,90,118,10,2,74.4841
18,207,90,119,10,2,74.8296
18,207,90,120,10,2,75.2851
18,207,90,121,10,2,75.7372
18,207,90,122,10,2,75.7434
18,207,90,123,10,2,76.2589
18,207,90,124,10,2,76.8879
18,207,90,125,10,2,77.1435
18,207,90,126,10,2,77.5163
18,207,90,127,10,2,77.7558
18,207,90,128,10,2,78.1674
18,207,90,129,10,2,78.7374
18,207,90,130,10,2,79.079
18,206,90,101,10,2,43.76
18,206,90,102,10,2,47.71
18,206,90,103,10,2,51.72
18,206,90,104,10,2,55.57
18,206,90,105,10,2,59.31
18,206,90,106,10,2,62.52
18,206,90,107,10,2,64.45
18,206,90,108,10,2,65.3
18,206,90,109,10,2,65.93
18,206,90,110,10,2,67.73
18,206,90,111,10,2,69.89
18,206,90,112,10,2,71.69
18,206,90,113,10,2,73.32
18,206,90,114,10,2,74.62
18,206,90,115,10,2,76.8904
18,206,90,116,10,2,78.1746
18,206,90,117,10,2,79.414
18,206,90,118,10,2,80.3148
18,206,90,119,10,2,81.31
18,206,90,120,10,2,82.157
18,206,90,121,10,2,83.0015
18,206,90,122,10,2,83.8263
18,206,90,123,10,2,84.5959
18,206,90,124,10,2,85.3774
18,206,90,125,10,2,86.0938
18,206,90,126,10,2,86.6455
18,206,90,127,10,2,87.395
18,206,90,128,10,2,88.2303
18,206,90,129,10,2,89.0024
18,206,90,130,10,2,89.5953
18,8,90,101,10,2,43.76
18,8,90,102,10,2,47.71
18,8,90,103,10,2,51.72
18,8,90,104,10,2,55.57
18,8,90,105,10,2,59.31
18,8,90,106,10,2,62.52
18,8,90,107,10,2,64.45
18,8,90,108,10,2,65.3
18,8,90,109,10,2,65.93
18,8,90,110,10,2,67.73
18,8,90,111,10,2,69.89
18,8,90,112,10,2,71.69
18,8,90,113,10,2,73.32
18,8,90,114,10,2,74.62
18,8,90,115,10,2,74.62
18,8,90,116,10,2,74.62
18,8,90,117,10,2,74.62
18,8,90,118,10,2,74.62
18,8,90,119,10,2,74.62
18,8,90,120,10,2,74.62
18,8,90,121,10,2,74.62
18,8,90,122,10,2,74.62
18,8,90,123,10,2,74.62
18,8,90,124,10,2,74.62
18,8,90,125,10,2,74.62
18,8,90,126,10,2,74.62
18,8,90,127,10,2,74.62
18,8,90,128,10,2,74.62
18,8,90,129,10,2,74.62
18,8,90,130,10,2,74.62
18,202,548,101,10,2,45.99
18,202,548,102,10,2,48.73
18,202,548,103,10,2,51.25
18,202,548,104,10,2,54.37
18,202,548,105,10,2,57.08
18,202,548,106,10,2,59.94
18,202,548,107,10,2,62.78
18,202,548,108,10,2,65.03
18,202,548,109,10,2,66.6
18,202,548,110,10,2,68.05
18,202,548,111,10,2,69.34
18,202,548,112,10,2,70.35
18,202,548,113,10,2,71.15
18,202,548,114,10,2,71.9
18,202,548,115,10,2,72.8161
18,202,548,116,10,2,73.6379
18,202,548,117,10,2,74.4153
18,202,548,118,10,2,75.14
18,202,548,119,10,2,75.9385
18,202,548,120,10,2,76.6046
18,202,548,121,10,2,77.2623
18,202,548,122,10,2,77.9139
18,202,548,123,10,2,78.4514
18,202,548,124,10,2,79.0993
18,202,548,125,10,2,79.7521
18,202,548,126,10,2,80.377
18,202,548,127,10,2,80.9474
18,202,548,128,10,2,81.5
18,202,548,129,10,2,82.1149
18,202,548,130,10,2,82.6494
18,204,548,101,10,2,45.99
18,204,548,102,10,2,48.73
18,204,548,103,10,2,51.25
18,204,548,104,10,2,54.37
18,204,548,105,10,2,57.08
18,204,548,106,10,2,59.94
18,204,548,107,10,2,62.78
18,204,548,108,10,2,65.03
18,204,548,109,10,2,66.6
18,204,548,110,10,2,68.05
18,204,548,111,10,2,69.34
18,204,548,112,10,2,70.35
18,204,548,113,10,2,71.15
18,204,548,114,10,2,71.9
18,204,548,115,10,2,71.6771
18,204,548,116,10,2,72.0429
18,204,548,117,10,2,72.4941
18,204,548,118,10,2,72.9469
18,204,548,119,10,2,73.4739
18,204,548,120,10,2,74.0229
18,204,548,121,10,2,74.5261
18,204,548,122,10,2,74.9091
18,204,548,123,10,2,75.3859
18,204,548,124,10,2,75.8462
18,204,548,125,10,2,76.2874
18,204,548,126,10,2,76.6652
18,204,548,127,10,2,77.1346
18,204,548,128,10,2,77.6209
18,204,548,129,10,2,78.0411
18,204,548,130,10,2,78.547
18,203,548,101,10,2,45.99
18,203,548,102,10,2,48.73
18,203,548,103,10,2,51.25
18,203,548,104,10,2,54.37
18,203,548,105,10,2,57.08
18,203,548,106,10,2,59.94
18,203,548,107,10,2,62.78
18,203,548,108,10,2,65.03
18,203,548,109,10,2,66.6
18,203,548,110,10,2,68.05
18,203,548,111,10,2,69.34
18,203,548,112,10,2,70.35
18,203,548,113,10,2,71.15
18,203,548,114,10,2,71.9
18,203,548,115,10,2,73.8817
18,203,548,116,10,2,75.1988
18,203,548,117,10,2,76.1948
18,203,548,118,10,2,77.3101
18,203,548,119,10,2,78.1101
18,203,548,120,10,2,78.9816
18,203,548,121,10,2,79.869
18,203,548,122,10,2,80.6403
18,203,548,123,10,2,81.4923
18,203,548,124,10,2,82.1503
18,203,548,125,10,2,82.8024
18,203,548,126,10,2,83.5224
18,203,548,127,10,2,84.2472
18,203,548,128,10,2,84.945
18,203,548,129,10,2,85.5754
18,203,548,130,10,2,86.2535
18,207,548,101,10,2,45.99
18,207,548,102,10,2,48.73
18,207,548,103,10,2,51.25
18,207,548,104,10,2,54.37
18,207,548,105,10,2,57.08
18,207,548,106,10,2,59.94
18,207,548,107,10,2,62.78
18,207,548,108,10,2,65.03
18,207,548,109,10,2,66.6
18,207,548,110,10,2,68.05
18,207,548,111,10,2,69.34
18,207,548,112,10,2,70.35
18,207,548,113,10,2,71.15
18,207,548,114,10,2,71.9
18,207,548,115,10,2,71.1468
18,207,548,116,10,2,71.2035
18,207,548,117,10,2,71.4765
18,207,548,118,10,2,71.7041
18,207,548,119,10,2,72.142
18,207,548,120,10,2,72.4887
18,207,548,121,10,2,72.8563
18,207,548,122,10,2,73.1992
18,207,548,123,10,2,73.3051
18,207,548,124,10,2,73.9012
18,207,548,125,10,2,74.2489
18,207,548,126,10,2,74.6986
18,207,548,127,10,2,75.03
18,207,548,128,10,2,75.3702
18,207,548,129,10,2,75.811
18,207,548,130,10,2,76.0736
18,206,548,101,10,2,45.99
18,206,548,102,10,2,48.73
18,206,548,103,10,2,51.25
18,206,548,104,10,2,54.37
18,206,548,105,10,2,57.08
18,206,548,106,10,2,59.94
18,206,548,107,10,2,62.78
18,206,548,108,10,2,65.03
18,206,548,109,10,2,66.6
18,206,548,110,10,2,68.05
18,206,548,111,10,2,69.34
18,206,548,112,10,2,70.35
18,206,548,113,10,2,71.15
18,206,548,114,10,2,71.9
18,206,548,115,10,2,74.5033
18,206,548,116,10,2,75.7729
18,206,548,117,10,2,77.1997
18,206,548,118,10,2,78.3082
18,206,548,119,10,2,79.345
18,206,548,120,10,2,80.3613
18,206,548,121,10,2,81.2239
18,206,548,122,10,2,81.9628
18,206,548,123,10,2,82.8172
18,206,548,124,10,2,83.6648
18,206,548,125,10,2,84.6862
18,206,548,126,10,2,85.3138
18,206,548,127,10,2,85.965
18,206,548,128,10,2,86.6045
18,206,548,129,10,2,87.383
18,206,548,130,10,2,88.0715
18,8,548,101,10,2,45.99
18,8,548,102,10,2,48.73
18,8,548,103,10,2,51.25
18,8,548,104,10,2,54.37
18,8,548,105,10,2,57.08
18,8,548,106,10,2,59.94
18,8,548,107,10,2,62.78
18,8,548,108,10,2,65.03
18,8,548,109,10,2,66.6
18,8,548,110,10,2,68.05
18,8,548,111,10,2,69.34
18,8,548,112,10,2,70.35
18,8,548,113,10,2,71.15
18,8,548,114,10,2,71.9
18,8,548,115,10,2,71.9
18,8,548,116,10,2,71.9
18,8,548,117,10,2,71.9
18,8,548,118,10,2,71.9
18,8,548,119,10,2,71.9
18,8,548,120,10,2,71.9
18,8,548,121,10,2,71.9
18,8,548,122,10,2,71.9
18,8,548,123,10,2,71.9
18,8,548,124,10,2,71.9
18,8,548,125,10,2,71.9
18,8,548,126,10,2,71.9
18,8,548,127,10,2,71.9
18,8,548,128,10,2,71.9
18,8,548,129,10,2,71.9
18,8,548,130,10,2,71.9
18,202,316,101,10,2,59.68
18,202,316,102,10,2,62.18
18,202,316,103,10,2,64.68
18,202,316,104,10,2,67.08
18,202,316,105,10,2,69.23
18,202,316,106,10,2,70.98
18,202,316,107,10,2,72.48
18,202,316,108,10,2,73.83
18,202,316,109,10,2,75.03
18,202,316,110,10,2,76.6
18,202,316,111,10,2,78.5
18,202,316,112,10,2,80.3
18,202,316,113,10,2,81.8
18,202,316,114,10,2,83.3
18,202,316,115,10,2,84.0842
18,202,316,116,10,2,84.8185
18,202,316,117,10,2,85.5187
18,202,316,118,10,2,86.2602
18,202,316,119,10,2,86.9526
18,202,316,120,10,2,87.6162
18,202,316,121,10,2,88.2796
18,202,316,122,10,2,88.9149
18,202,316,123,10,2,89.5057
18,202,316,124,10,2,90.1358
18,202,316,125,10,2,90.7688
18,202,316,126,10,2,91.4005
18,202,316,127,10,2,92.0116
18,202,316,128,10,2,92.5816
18,202,316,129,10,2,93.1584
18,202,316,130,10,2,93.7038
18,204,316,101,10,2,59.68
18,204,316,102,10,2,62.18
18,204,316,103,10,2,64.68
18,204,316,104,10,2,67.08
18,204,316,105,10,2,69.23
18,204,316,106,10,2,70.98
18,204,316,107,10,2,72.48
18,204,316,108,10,2,73.83
18,204,316,109,10,2,75.03
18,204,316,110,10,2,76.6
18,204,316,111,10,2,78.5
18,204,316,112,10,2,80.3
18,204,316,113,10,2,81.8
18,204,316,114,10,2,83.3
18,204,316,115,10,2,83.3756
18,204,316,116,10,2,83.8263
18,204,316,117,10,2,84.402
18,204,316,118,10,2,84.832
18,204,316,119,10,2,85.4526
18,204,316,120,10,2,85.9781
18,204,316,121,10,2,86.4488
18,204,316,122,10,2,86.9906
18,204,316,123,10,2,87.5724
18,204,316,124,10,2,88.0716
18,204,316,125,10,2,88.5088
18,204,316,126,10,2,89.0477
18,204,316,127,10,2,89.5122
18,204,316,128,10,2,90.0799
18,204,316,129,10,2,90.4675
18,204,316,130,10,2,90.9551
18,203,316,101,10,2,59.68
18,203,316,102,10,2,62.18
18,203,316,103,10,2,64.68
18,203,316,104,10,2,67.08
18,203,316,105,10,2,69.23
18,203,316,106,10,2,70.98
18,203,316,107,10,2,72.48
18,203,316,108,10,2,73.83
18,203,316,109,10,2,75.03
18,203,316,110,10,2,76.6
18,203,316,111,10,2,78.5
18,203,316,112,10,2,80.3
18,203,316,113,10,2,81.8
18,203,316,114,10,2,83.3
18,203,316,115,10,2,84.7599
18,203,316,116,10,2,85.7706
18,203,316,117,10,2,86.7233
18,203,316,118,10,2,87.5492
18,203,316,119,10,2,88.4258
18,203,316,120,10,2,89.2447
18,203,316,121,10,2,89.9043
18,203,316,122,10,2,90.6882
18,203,316,123,10,2,91.4979
18,203,316,124,10,2,92.2911
18,203,316,125,10,2,92.9662
18,203,316,126,10,2,93.6596
18,203,316,127,10,2,94.4091
18,203,316,128,10,2,95.1651
18,203,316,129,10,2,95.895
18,203,316,130,10,2,96.4502
18,207,316,101,10,2,59.68
18,207,316,102,10,2,62.18
18,207,316,103,10,2,64.68
18,207,316,104,10,2,67.08
18,207,316,105,10,2,69.23
18,207,316,106,10,2,70.98
18,207,316,107,10,2,72.48
18,207,316,108,10,2,73.83
18,207,316,109,10,2,75.03
18,207,316,110,10,2,76.6
18,207,316,111,10,2,78.5
18,207,316,112,10,2,80.3
18,207,316,113,10,2,81.8
18,207,316,114,10,2,83.3
18,207,316,115,10,2,82.9874
18,207,316,116,10,2,83.3034
18,207,316,117,10,2,83.8009
18,207,316,118,10,2,84.0757
18,207,316,119,10,2,84.6858
18,207,316,120,10,2,85.0512
18,207,316,121,10,2,85.5765
18,207,316,122,10,2,86.0544
18,207,316,123,10,2,86.4028
18,207,316,124,10,2,86.923
18,207,316,125,10,2,87.2135
18,207,316,126,10,2,87.8424
18,207,316,127,10,2,88.1207
18,207,316,128,10,2,88.6144
18,207,316,129,10,2,88.974
18,207,316,130,10,2,89.6204
18,206,316,101,10,2,59.68
18,206,316,102,10,2,62.18
18,206,316,103,10,2,64.68
18,206,316,104,10,2,67.08
18,206,316,105,10,2,69.23
18,206,316,106,10,2,70.98
18,206,316,107,10,2,72.48
18,206,316,108,10,2,73.83
18,206,316,109,10,2,75.03
18,206,316,110,10,2,76.6
18,206,316,111,10,2,78.5
18,206,316,112,10,2,80.3
18,206,316,113,10,2,81.8
18,206,316,114,10,2,83.3
18,206,316,115,10,2,85.1182
18,206,316,116,10,2,86.2129
18,206,316,117,10,2,87.3267
18,206,316,118,10,2,88.2
18,206,316,119,10,2,89.2223
18,206,316,120,10,2,90.0978
18,206,316,121,10,2,91.0236
18,206,316,122,10,2,91.7667
18,206,316,123,10,2,92.5506
18,206,316,124,10,2,93.3842
18,206,316,125,10,2,94.0624
18,206,316,126,10,2,94.8956
18,206,316,127,10,2,95.8082
18,206,316,128,10,2,96.4541
18,206,316,129,10,2,97.1717
18,206,316,130,10,2,98.0145
18,8,316,101,10,2,59.68
18,8,316,102,10,2,62.18
18,8,316,103,10,2,64.68
18,8,316,104,10,2,67.08
18,8,316,105,10,2,69.23
18,8,316,106,10,2,70.98
18,8,316,107,10,2,72.48
18,8,316,108,10,2,73.83
18,8,316,109,10,2,75.03
18,8,316,110,10,2,76.6
18,8,316,111,10,2,78.5
18,8,316,112,10,2,80.3
18,8,316,113,10,2,81.8
18,8,316,114,10,2,83.3
18,8,316,115,10,2,83.3
18,8,316,116,10,2,83.3
18,8,316,117,10,2,83.3
18,8,316,118,10,2,83.3
18,8,316,119,10,2,83.3
18,8,316,120,10,2,83.3
18,8,316,121,10,2,83.3
18,8,316,122,10,2,83.3
18,8,316,123,10,2,83.3
18,8,316,124,10,2,83.3
18,8,316,125,10,2,83.3
18,8,316,126,10,2,83.3
18,8,316,127,10,2,83.3
18,8,316,128,10,2,83.3
18,8,316,129,10,2,83.3
18,8,316,130,10,2,83.3
18,202,296,101,10,2,45.27
18,202,296,102,10,2,47.5
18,202,296,103,10,2,49.86
18,202,296,104,10,2,52.58
18,202,296,105,10,2,54.92
18,202,296,106,10,2,56.99
18,202,296,107,10,2,58.77
18,202,296,108,10,2,60.98
18,202,296,109,10,2,63.2
18,202,296,110,10,2,65.06
18,202,296,111,10,2,66.84
18,202,296,112,10,2,68.59
18,202,296,113,10,2,70.65
18,202,296,114,10,2,71.97
18,202,296,115,10,2,73.1679
18,202,296,116,10,2,74.1471
18,202,296,117,10,2,75.0202
18,202,296,118,10,2,76.0181
18,202,296,119,10,2,76.8928
18,202,296,120,10,2,77.6898
18,202,296,121,10,2,78.3669
18,202,296,122,10,2,79.0876
18,202,296,123,10,2,79.8964
18,202,296,124,10,2,80.5392
18,202,296,125,10,2,81.2324
18,202,296,126,10,2,81.8615
18,202,296,127,10,2,82.4794
18,202,296,128,10,2,83.0274
18,202,296,129,10,2,83.6936
18,202,296,130,10,2,84.3955
18,204,296,101,10,2,45.27
18,204,296,102,10,2,47.5
18,204,296,103,10,2,49.86
18,204,296,104,10,2,52.58
18,204,296,105,10,2,54.92
18,204,296,106,10,2,56.99
18,204,296,107,10,2,58.77
18,204,296,108,10,2,60.98
18,204,296,109,10,2,63.2
18,204,296,110,10,2,65.06
18,204,296,111,10,2,66.84
18,204,296,112,10,2,68.59
18,204,296,113,10,2,70.65
18,204,296,114,10,2,71.97
18,204,296,115,10,2,71.8682
18,204,296,116,10,2,72.5492
18,204,296,117,10,2,73.0483
18,204,296,118,10,2,73.6259
18,204,296,119,10,2,74.2108
18,204,296,120,10,2,74.8237
18,204,296,121,10,2,75.4015
18,204,296,122,10,2,75.8326
18,204,296,123,10,2,76.389
18,204,296,124,10,2,76.8967
18,204,296,125,10,2,77.432
18,204,296,126,10,2,77.8917
18,204,296,127,10,2,78.4886
18,204,296,128,10,2,78.9661
18,204,296,129,10,2,79.3642
18,204,296,130,10,2,80.0501
18,203,296,101,10,2,45.27
18,203,296,102,10,2,47.5
18,203,296,103,10,2,49.86
18,203,296,104,10,2,52.58
18,203,296,105,10,2,54.92
18,203,296,106,10,2,56.99
18,203,296,107,10,2,58.77
18,203,296,108,10,2,60.98
18,203,296,109,10,2,63.2
18,203,296,110,10,2,65.06
18,203,296,111,10,2,66.84
18,203,296,112,10,2,68.59
18,203,296,113,10,2,70.65
18,203,296,114,10,2,71.97
18,203,296,115,10,2,74.2681
18,203,296,116,10,2,75.7956
18,203,296,117,10,2,77.1977
18,203,296,118,10,2,78.3009
18,203,296,119,10,2,79.3704
18,203,296,120,10,2,80.4195
18,203,296,121,10,2,81.3761
18,203,296,122,10,2,82.2063
18,203,296,123,10,2,82.9972
18,203,296,124,10,2,83.795
18,203,296,125,10,2,84.6063
18,203,296,126,10,2,85.3158
18,203,296,127,10,2,86.1196
18,203,296,128,10,2,86.8349
18,203,296,129,10,2,87.4702
18,203,296,130,10,2,88.2038
18,207,296,101,10,2,45.27
18,207,296,102,10,2,47.5
18,207,296,103,10,2,49.86
18,207,296,104,10,2,52.58
18,207,296,105,10,2,54.92
18,207,296,106,10,2,56.99
18,207,296,107,10,2,58.77
18,207,296,108,10,2,60.98
18,207,296,109,10,2,63.2
18,207,296,110,10,2,65.06
18,207,296,111,10,2,66.84
18,207,296,112,10,2,68.59
18,207,296,113,10,2,70.65
18,207,296,114,10,2,71.97
18,207,296,115,10,2,71.2971
18,207,296,116,10,2,71.6358
18,207,296,117,10,2,72.0809
18,207,296,118,10,2,72.5147
18,207,296,119,10,2,72.9525
18,207,296,120,10,2,73.1251
18,207,296,121,10,2,73.574
18,207,296,122,10,2,74.1797
18,207,296,123,10,2,74.4602
18,207,296,124,10,2,74.5813
18,207,296,125,10,2,75.4581
18,207,296,126,10,2,75.6679
18,207,296,127,10,2,76.1329
18,207,296,128,10,2,76.6589
18,207,296,129,10,2,77.2112
18,207,296,130,10,2,77.7341
18,206,296,101,10,2,45.27
18,206,296,102,10,2,47.5
18,206,296,103,10,2,49.86
18,206,296,104,10,2,52.58
18,206,296,105,10,2,54.92
18,206,296,106,10,2,56.99
18,206,296,107,10,2,58.77
18,206,296,108,10,2,60.98
18,206,296,109,10,2,63.2
18,206,296,110,10,2,65.06
18,206,296,111,10,2,66.84
18,206,296,112,10,2,68.59
18,206,296,113,10,2,70.65
18,206,296,114,10,2,71.97
18,206,296,115,10,2,74.8978
18,206,296,116,10,2,76.5757
18,206,296,117,10,2,78.0794
18,206,296,118,10,2,79.3003
18,206,296,119,10,2,80.5467
18,206,296,120,10,2,81.57
18,206,296,121,10,2,82.3908
18,206,296,122,10,2,83.3848
18,206,296,123,10,2,84.393
18,206,296,124,10,2,85.2759
18,206,296,125,10,2,86.0271
18,206,296,126,10,2,87.0611
18,206,296,127,10,2,87.6129
18,206,296,128,10,2,88.3971
18,206,296,129,10,2,89.1015
18,206,296,130,10,2,89.9261
18,8,296,101,10,2,45.27
18,8,296,102,10,2,47.5
18,8,296,103,10,2,49.86
18,8,296,104,10,2,52.58
18,8,296,105,10,2,54.92
18,8,296,106,10,2,56.99
18,8,296,107,10,2,58.77
18,8,296,108,10,2,60.98
18,8,296,109,10,2,63.2
18,8,296,110,10,2,65.06
18,8,296,111,10,2,66.84
18,8,296,112,10,2,68.59
18,8,296,113,10,2,70.65
18,8,296,114,10,2,71.97
18,8,296,115,10,2,71.97
18,8,296,116,10,2,71.97
18,8,296,117,10,2,71.97
18,8,296,118,10,2,71.97
18,8,296,119,10,2,71.97
18,8,296,120,10,2,71.97
18,8,296,121,10,2,71.97
18,8,296,122,10,2,71.97
18,8,296,123,10,2,71.97
18,8,296,124,10,2,71.97
18,8,296,125,10,2,71.97
18,8,296,126,10,2,71.97
18,8,296,127,10,2,71.97
18,8,296,128,10,2,71.97
18,8,296,129,10,2,71.97
18,8,296,130,10,2,71.97
18,202,583,101,10,2,53.5
18,202,583,102,10,2,55.53
18,202,583,103,10,2,57.66
18,202,583,104,10,2,59.7
18,202,583,105,10,2,61.71
18,202,583,106,10,2,63.49
18,202,583,107,10,2,64.37
18,202,583,108,10,2,64.8
18,202,583,109,10,2,65.39
18,202,583,110,10,2,65.81
18,202,583,111,10,2,66.62
18,202,583,112,10,2,67.67
18,202,583,113,10,2,68.59
18,202,583,114,10,2,69.38
18,202,583,115,10,2,70.1389
18,202,583,116,10,2,70.7948
18,202,583,117,10,2,71.5131
18,202,583,118,10,2,72.0998
18,202,583,119,10,2,72.8397
18,202,583,120,10,2,73.4214
18,202,583,121,10,2,73.9506
18,202,583,122,10,2,74.5987
18,202,583,123,10,2,75.1454
18,202,583,124,10,2,75.8107
18,202,583,125,10,2,76.4619
18,202,583,126,10,2,76.9946
18,202,583,127,10,2,77.4599
18,202,583,128,10,2,78.0792
18,202,583,129,10,2,78.6508
18,202,583,130,10,2,79.117
18,204,583,101,10,2,53.5
18,204,583,102,10,2,55.53
18,204,583,103,10,2,57.66
18,204,583,104,10,2,59.7
18,204,583,105,10,2,61.71
18,204,583,106,10,2,63.49
18,204,583,107,10,2,64.37
18,204,583,108,10,2,64.8
18,204,583,109,10,2,65.39
18,204,583,110,10,2,65.81
18,204,583,111,10,2,66.62
18,204,583,112,10,2,67.67
18,204,583,113,10,2,68.59
18,204,583,114,10,2,69.38
18,204,583,115,10,2,68.924
18,204,583,116,10,2,69.1164
18,204,583,117,10,2,69.5274
18,204,583,118,10,2,69.8577
18,204,583,119,10,2,70.1329
18,204,583,120,10,2,70.453
18,204,583,121,10,2,70.9046
18,204,583,122,10,2,71.2529
18,204,583,123,10,2,71.6555
18,204,583,124,10,2,71.9898
18,204,583,125,10,2,72.536
18,204,583,126,10,2,72.9127
18,204,583,127,10,2,73.3454
18,204,583,128,10,2,73.8233
18,204,583,129,10,2,74.2534
18,204,583,130,10,2,74.5039
18,203,583,101,10,2,53.5
18,203,583,102,10,2,55.53
18,203,583,103,10,2,57.66
18,203,583,104,10,2,59.7
18,203,583,105,10,2,61.71
18,203,583,106,10,2,63.49
18,203,583,107,10,2,64.37
18,203,583,108,10,2,64.8
18,203,583,109,10,2,65.39
18,203,583,110,10,2,65.81
18,203,583,111,10,2,66.62
18,203,583,112,10,2,67.67
18,203,583,113,10,2,68.59
18,203,583,114,10,2,69.38
18,203,583,115,10,2,71.215
18,203,583,116,10,2,72.3175
18,203,583,117,10,2,73.3719
18,203,583,118,10,2,74.2765
18,203,583,119,10,2,75.152
18,203,583,120,10,2,76.0166
18,203,583,121,10,2,76.9775
18,203,583,122,10,2,77.675
18,203,583,123,10,2,78.4416
18,203,583,124,10,2,79.1667
18,203,583,125,10,2,79.9323
18,203,583,126,10,2,80.5792
18,203,583,127,10,2,81.1853
18,203,583,128,10,2,81.8755
18,203,583,129,10,2,82.3644
18,203,583,130,10,2,83.183
18,207,583,101,10,2,53.5
18,207,583,102,10,2,55.53
18,207,583,103,10,2,57.66
18,207,583,104,10,2,59.7
18,207,583,105,10,2,61.71
18,207,583,106,10,2,63.49
18,207,583,107,10,2,64.37
18,207,583,108,10,2,64.8
18,207,583,109,10,2,65.39
18,207,583,110,10,2,65.81
18,207,583,111,10,2,66.62
18,207,583,112,10,2,67.67
18,207,583,113,10,2,68.59
18,207,583,114,10,2,69.38
18,207,583,115,10,2,68.3596
18,207,583,116,10,2,68.3683
18,207,583,117,10,2,68.4523
18,207,583,118,10,2,68.7261
18,207,583,119,10,2,69.0042
18,207,583,120,10,2,69.1481
18,207,583,121,10,2,69.3771
18,207,583,122,10,2,69.8629
18,207,583,123,10,2,70.0221
18,207,583,124,10,2,70.0417
18,207,583,125,10,2,70.5431
18,207,583,126,10,2,70.6402
18,207,583,127,10,2,70.7545
18,207,583,128,10,2,71.096
18,207,583,129,10,2,71.37
18,207,583,130,10,2,71.5584
18,206,583,101,10,2,53.5
18,206,583,102,10,2,55.53
18,206,583,103,10,2,57.66
18,206,583,104,10,2,59.7
18,206,583,105,10,2,61.71
18,206,583,106,10,2,63.49
18,206,583,107,10,2,64.37
18,206,583,108,10,2,64.8
18,206,583,109,10,2,65.39
18,206,583,110,10,2,65.81
18,206,583,111,10,2,66.62
18,206,583,112,10,2,67.67
18,206,583,113,10,2,68.59
18,206,583,114,10,2,69.38
18,206,583,115,10,2,71.7862
18,206,583,116,10,2,73.1145
18,206,583,117,10,2,74.3765
18,206,583,118,10,2,75.4262
18,206,583,119,10,2,76.1613
18,206,583,120,10,2,77.2006
18,206,583,121,10,2,78.1256
18,206,583,122,10,2,78.8731
18,206,583,123,10,2,79.6888
18,206,583,124,10,2,80.4753
18,206,583,125,10,2,81.35
18,206,583,126,10,2,82
18,206,583,127,10,2,82.7922
18,206,583,128,10,2,83.5984
18,206,583,129,10,2,84.2121
18,206,583,130,10,2,84.8153
18,8,583,101,10,2,53.5
18,8,583,102,10,2,55.53
18,8,583,103,10,2,57.66
18,8,583,104,10,2,59.7
18,8,583,105,10,2,61.71
18,8,583,106,10,2,63.49
18,8,583,107,10,2,64.37
18,8,583,108,10,2,64.8
18,8,583,109,10,2,65.39
18,8,583,110,10,2,65.81
18,8,583,111,10,2,66.62
18,8,583,112,10,2,67.67
18,8,583,113,10,2,68.59
18,8,583,114,10,2,69.38
18,8,583,115,10,2,69.38
18,8,583,116,10,2,69.38
18,8,583,117,10,2,69.38
18,8,583,118,10,2,69.38
18,8,583,119,10,2,69.38
18,8,583,120,10,2,69.38
18,8,583,121,10,2,69.38
18,8,583,122,10,2,69.38
18,8,583,123,10,2,69.38
18,8,583,124,10,2,69.38
18,8,583,125,10,2,69.38
18,8,583,126,10,2,69.38
18,8,583,127,10,2,69.38
18,8,583,128,10,2,69.38
18,8,583,129,10,2,69.38
18,8,583,130,10,2,69.38
18,202,258,101,10,2,50
18,202,258,102,10,2,56.36
18,202,258,103,10,2,58.79
18,202,258,104,10,2,61.25
18,202,258,105,10,2,62.96
18,202,258,106,10,2,64.88
18,202,258,107,10,2,69.03
18,202,258,108,10,2,70.77
18,202,258,109,10,2,71.55
18,202,258,110,10,2,74.32
18,202,258,111,10,2,76.05
18,202,258,112,10,2,77.45
18,202,258,113,10,2,78.55
18,202,258,114,10,2,79.65
18,202,258,115,10,2,80.5156
18,202,258,116,10,2,81.3604
18,202,258,117,10,2,82.15
18,202,258,118,10,2,82.8959
18,202,258,119,10,2,83.6528
18,202,258,120,10,2,84.3387
18,202,258,121,10,2,84.9966
18,202,258,122,10,2,85.5389
18,202,258,123,10,2,86.1719
18,202,258,124,10,2,86.7961
18,202,258,125,10,2,87.4813
18,202,258,126,10,2,88.0768
18,202,258,127,10,2,88.7011
18,202,258,128,10,2,89.2789
18,202,258,129,10,2,89.8486
18,202,258,130,10,2,90.4545
18,204,258,101,10,2,50
18,204,258,102,10,2,56.36
18,204,258,103,10,2,58.79
18,204,258,104,10,2,61.25
18,204,258,105,10,2,62.96
18,204,258,106,10,2,64.88
18,204,258,107,10,2,69.03
18,204,258,108,10,2,70.77
18,204,258,109,10,2,71.55
18,204,258,110,10,2,74.32
18,204,258,111,10,2,76.05
18,204,258,112,10,2,77.45
18,204,258,113,10,2,78.55
18,204,258,114,10,2,79.65
18,204,258,115,10,2,79.6667
18,204,258,116,10,2,80.1511
18,204,258,117,10,2,80.6833
18,204,258,118,10,2,81.2247
18,204,258,119,10,2,81.7749
18,204,258,120,10,2,82.271
18,204,258,121,10,2,82.7425
18,204,258,122,10,2,83.3001
18,204,258,123,10,2,83.7644
18,204,258,124,10,2,84.3611
18,204,258,125,10,2,84.7988
18,204,258,126,10,2,85.2914
18,204,258,127,10,2,85.8144
18,204,258,128,10,2,86.4124
18,204,258,129,10,2,86.635
18,204,258,130,10,2,87.0429
18,203,258,101,10,2,50
18,203,258,102,10,2,56.36
18,203,258,103,10,2,58.79
18,203,258,104,10,2,61.25
18,203,258,105,10,2,62.96
18,203,258,106,10,2,64.88
18,203,258,107,10,2,69.03
18,203,258,108,10,2,70.77
18,203,258,109,10,2,71.55
18,203,258,110,10,2,74.32
18,203,258,111,10,2,76.05
18,203,258,112,10,2,77.45
18,203,258,113,10,2,78.55
18,203,258,114,10,2,79.65
18,203,258,115,10,2,81.3987
18,203,258,116,10,2,82.5132
18,203,258,117,10,2,83.5236
18,203,258,118,10,2,84.4433
18,203,258,119,10,2,85.2427
18,203,258,120,10,2,86.1099
18,203,258,121,10,2,86.9787
18,203,258,122,10,2,87.6325
18,203,258,123,10,2,88.3962
18,203,258,124,10,2,89.1356
18,203,258,125,10,2,89.8363
18,203,258,126,10,2,90.6296
18,203,258,127,10,2,91.4068
18,203,258,128,10,2,92.0394
18,203,258,129,10,2,92.7129
18,203,258,130,10,2,93.2763
18,207,258,101,10,2,50
18,207,258,102,10,2,56.36
18,207,258,103,10,2,58.79
18,207,258,104,10,2,61.25
18,207,258,105,10,2,62.96
18,207,258,106,10,2,64.88
18,207,258,107,10,2,69.03
18,207,258,108,10,2,70.77
18,207,258,109,10,2,71.55
18,207,258,110,10,2,74.32
18,207,258,111,10,2,76.05
18,207,258,112,10,2,77.45
18,207,258,113,10,2,78.55
18,207,258,114,10,2,79.65
18,207,258,115,10,2,79.2199
18,207,258,116,10,2,79.5017
18,207,258,117,10,2,79.9737
18,207,258,118,10,2,80.3952
18,207,258,119,10,2,80.8798
18,207,258,120,10,2,81.2399
18,207,258,121,10,2,81.6046
18,207,258,122,10,2,82.2358
18,207,258,123,10,2,82.5433
18,207,258,124,10,2,82.8512
18,207,258,125,10,2,83.2634
18,207,258,126,10,2,83.668
18,207,258,127,10,2,84.2796
18,207,258,128,10,2,84.572
18,207,258,129,10,2,85.0474
18,207,258,130,10,2,85.3562
18,206,258,101,10,2,50
18,206,258,102,10,2,56.36
18,206,258,103,10,2,58.79
18,206,258,104,10,2,61.25
18,206,258,105,10,2,62.96
18,206,258,106,10,2,64.88
18,206,258,107,10,2,69.03
18,206,258,108,10,2,70.77
18,206,258,109,10,2,71.55
18,206,258,110,10,2,74.32
18,206,258,111,10,2,76.05
18,206,258,112,10,2,77.45
18,206,258,113,10,2,78.55
18,206,258,114,10,2,79.65
18,206,258,115,10,2,81.8146
18,206,258,116,10,2,83.1649
18,206,258,117,10,2,84.1788
18,206,258,118,10,2,85.2843
18,206,258,119,10,2,86.3982
18,206,258,120,10,2,87.2274
18,206,258,121,10,2,88.1004
18,206,258,122,10,2,88.9254
18,206,258,123,10,2,89.7567
18,206,258,124,10,2,90.2922
18,206,258,125,10,2,90.9802
18,206,258,126,10,2,91.8389
18,206,258,127,10,2,92.6026
18,206,258,128,10,2,93.4571
18,206,258,129,10,2,94.3335
18,206,258,130,10,2,94.7215
18,8,258,101,10,2,50
18,8,258,102,10,2,56.36
18,8,258,103,10,2,58.79
18,8,258,104,10,2,61.25
18,8,258,105,10,2,62.96
18,8,258,106,10,2,64.88
18,8,258,107,10,2,69.03
18,8,258,108,10,2,70.77
18,8,258,109,10,2,71.55
18,8,258,110,10,2,74.32
18,8,258,111,10,2,76.05
18,8,258,112,10,2,77.45
18,8,258,113,10,2,78.55
18,8,258,114,10,2,79.65
18,8,258,115,10,2,79.65
18,8,258,116,10,2,79.65
18,8,258,117,10,2,79.65
18,8,258,118,10,2,79.65
18,8,258,119,10,2,79.65
18,8,258,120,10,2,79.65
18,8,258,121,10,2,79.65
18,8,258,122,10,2,79.65
18,8,258,123,10,2,79.65
18,8,258,124,10,2,79.65
18,8,258,125,10,2,79.65
18,8,258,126,10,2,79.65
18,8,258,127,10,2,79.65
18,8,258,128,10,2,79.65
18,8,258,129,10,2,79.65
18,8,258,130,10,2,79.65
18,202,882,101,10,2,57.95
18,202,882,102,10,2,59.5
18,202,882,103,10,2,60.97
18,202,882,104,10,2,62.37
18,202,882,105,10,2,64.03
18,202,882,106,10,2,65.75
18,202,882,107,10,2,67.58
18,202,882,108,10,2,69.02
18,202,882,109,10,2,69.88
18,202,882,110,10,2,70.57
18,202,882,111,10,2,72.32
18,202,882,112,10,2,73.46
18,202,882,113,10,2,74.53
18,202,882,114,10,2,75.24
18,202,882,115,10,2,75.9728
18,202,882,116,10,2,76.6753
18,202,882,117,10,2,77.4185
18,202,882,118,10,2,78.064
18,202,882,119,10,2,78.7183
18,202,882,120,10,2,79.4317
18,202,882,121,10,2,80.0345
18,202,882,122,10,2,80.755
18,202,882,123,10,2,81.2648
18,202,882,124,10,2,81.9285
18,202,882,125,10,2,82.5365
18,202,882,126,10,2,83.0266
18,202,882,127,10,2,83.6139
18,202,882,128,10,2,84.2345
18,202,882,129,10,2,84.8186
18,202,882,130,10,2,85.3076
18,204,882,101,10,2,57.95
18,204,882,102,10,2,59.5
18,204,882,103,10,2,60.97
18,204,882,104,10,2,62.37
18,204,882,105,10,2,64.03
18,204,882,106,10,2,65.75
18,204,882,107,10,2,67.58
18,204,882,108,10,2,69.02
18,204,882,109,10,2,69.88
18,204,882,110,10,2,70.57
18,204,882,111,10,2,72.32
18,204,882,112,10,2,73.46
18,204,882,113,10,2,74.53
18,204,882,114,10,2,75.24
18,204,882,115,10,2,74.9766
18,204,882,116,10,2,75.3009
18,204,882,117,10,2,75.6344
18,204,882,118,10,2,76.1325
18,204,882,119,10,2,76.4645
18,204,882,120,10,2,76.9761
18,204,882,121,10,2,77.5869
18,204,882,122,10,2,78.0035
18,204,882,123,10,2,78.4763
18,204,882,124,10,2,78.939
18,204,882,125,10,2,79.4798
18,204,882,126,10,2,79.9738
18,204,882,127,10,2,80.4205
18,204,882,128,10,2,80.8614
18,204,882,129,10,2,81.2742
18,204,882,130,10,2,81.7925
18,203,882,101,10,2,57.95
18,203,882,102,10,2,59.5
18,203,882,103,10,2,60.97
18,203,882,104,10,2,62.37
18,203,882,105,10,2,64.03
18,203,882,106,10,2,65.75
18,203,882,107,10,2,67.58
18,203,882,108,10,2,69.02
18,203,882,109,10,2,69.88
18,203,882,110,10,2,70.57
18,203,882,111,10,2,72.32
18,203,882,112,10,2,73.46
18,203,882,113,10,2,74.53
18,203,882,114,10,2,75.24
18,203,882,115,10,2,76.9725
18,203,882,116,10,2,78.089
18,203,882,117,10,2,79.0393
18,203,882,118,10,2,79.9469
18,203,882,119,10,2,80.7739
18,203,882,120,10,2,81.6908
18,203,882,121,10,2,82.4685
18,203,882,122,10,2,83.1367
18,203,882,123,10,2,83.8854
18,203,882,124,10,2,84.5762
18,203,882,125,10,2,85.3078
18,203,882,126,10,2,86.016
18,203,882,127,10,2,86.7708
18,203,882,128,10,2,87.4325
18,203,882,129,10,2,88.1926
18,203,882,130,10,2,88.9485
18,207,882,101,10,2,57.95
18,207,882,102,10,2,59.5
18,207,882,103,10,2,60.97
18,207,882,104,10,2,62.37
18,207,882,105,10,2,64.03
18,207,882,106,10,2,65.75
18,207,882,107,10,2,67.58
18,207,882,108,10,2,69.02
18,207,882,109,10,2,69.88
18,207,882,110,10,2,70.57
18,207,882,111,10,2,72.32
18,207,882,112,10,2,73.46
18,207,882,113,10,2,74.53
18,207,882,114,10,2,75.24
18,207,882,115,10,2,74.4369
18,207,882,116,10,2,74.4535
18,207,882,117,10,2,74.5798
18,207,882,118,10,2,74.9349
18,207,882,119,10,2,75.305
18,207,882,120,10,2,75.5641
18,207,882,121,10,2,76.286
18,207,882,122,10,2,76.5415
18,207,882,123,10,2,76.7259
18,207,882,124,10,2,77.2093
18,207,882,125,10,2,77.6123
18,207,882,126,10,2,77.9407
18,207,882,127,10,2,78.2609
18,207,882,128,10,2,78.2946
18,207,882,129,10,2,78.7024
18,207,882,130,10,2,78.8651
18,206,882,101,10,2,57.95
18,206,882,102,10,2,59.5
18,206,882,103,10,2,60.97
18,206,882,104,10,2,62.37
18,206,882,105,10,2,64.03
18,206,882,106,10,2,65.75
18,206,882,107,10,2,67.58
18,206,882,108,10,2,69.02
18,206,882,109,10,2,69.88
18,206,882,110,10,2,70.57
18,206,882,111,10,2,72.32
18,206,882,112,10,2,73.46
18,206,882,113,10,2,74.53
18,206,882,114,10,2,75.24
18,206,882,115,10,2,77.4758
18,206,882,116,10,2,78.7096
18,206,882,117,10,2,79.7357
18,206,882,118,10,2,80.9471
18,206,882,119,10,2,81.8827
18,206,882,120,10,2,82.7722
18,206,882,121,10,2,83.6016
18,206,882,122,10,2,84.397
18,206,882,123,10,2,85.2167
18,206,882,124,10,2,85.9488
18,206,882,125,10,2,86.9528
18,206,882,126,10,2,87.5599
18,206,882,127,10,2,88.2266
18,206,882,128,10,2,88.9077
18,206,882,129,10,2,89.5126
18,206,882,130,10,2,90.2587
18,8,882,101,10,2,57.95
18,8,882,102,10,2,59.5
18,8,882,103,10,2,60.97
18,8,882,104,10,2,62.37
18,8,882,105,10,2,64.03
18,8,882,106,10,2,65.75
18,8,882,107,10,2,67.58
18,8,882,108,10,2,69.02
18,8,882,109,10,2,69.88
18,8,882,110,10,2,70.57
18,8,882,111,10,2,72.32
18,8,882,112,10,2,73.46
18,8,882,113,10,2,74.53
18,8,882,114,10,2,75.24
18,8,882,115,10,2,75.24
18,8,882,116,10,2,75.24
18,8,882,117,10,2,75.24
18,8,882,118,10,2,75.24
18,8,882,119,10,2,75.24
18,8,882,120,10,2,75.24
18,8,882,121,10,2,75.24
18,8,882,122,10,2,75.24
18,8,882,123,10,2,75.24
18,8,882,124,10,2,75.24
18,8,882,125,10,2,75.24
18,8,882,126,10,2,75.24
18,8,882,127,10,2,75.24
18,8,882,128,10,2,75.24
18,8,882,129,10,2,75.24
18,8,882,130,10,2,75.24
18,202,776,101,10,2,57.74
18,202,776,102,10,2,59.59
18,202,776,103,10,2,61.08
18,202,776,104,10,2,63.2
18,202,776,105,10,2,65.21
18,202,776,106,10,2,66.95
18,202,776,107,10,2,68.29
18,202,776,108,10,2,69.25
18,202,776,109,10,2,69.73
18,202,776,110,10,2,70.11
18,202,776,111,10,2,70.99
18,202,776,112,10,2,71.77
18,202,776,113,10,2,72.24
18,202,776,114,10,2,72.69
18,202,776,115,10,2,73.386
18,202,776,116,10,2,74.1659
18,202,776,117,10,2,74.7972
18,202,776,118,10,2,75.5195
18,202,776,119,10,2,76.1255
18,202,776,120,10,2,76.7658
18,202,776,121,10,2,77.3682
18,202,776,122,10,2,77.9057
18,202,776,123,10,2,78.4153
18,202,776,124,10,2,79.0458
18,202,776,125,10,2,79.6718
18,202,776,126,10,2,80.1949
18,202,776,127,10,2,80.6779
18,202,776,128,10,2,81.2104
18,202,776,129,10,2,81.7544
18,202,776,130,10,2,82.3373
18,204,776,101,10,2,57.74
18,204,776,102,10,2,59.59
18,204,776,103,10,2,61.08
18,204,776,104,10,2,63.2
18,204,776,105,10,2,65.21
18,204,776,106,10,2,66.95
18,204,776,107,10,2,68.29
18,204,776,108,10,2,69.25
18,204,776,109,10,2,69.73
18,204,776,110,10,2,70.11
18,204,776,111,10,2,70.99
18,204,776,112,10,2,71.77
18,204,776,113,10,2,72.24
18,204,776,114,10,2,72.69
18,204,776,115,10,2,72.4018
18,204,776,116,10,2,72.7055
18,204,776,117,10,2,73.0927
18,204,776,118,10,2,73.4264
18,204,776,119,10,2,73.8575
18,204,776,120,10,2,74.2153
18,204,776,121,10,2,74.6081
18,204,776,122,10,2,75.0752
18,204,776,123,10,2,75.4409
18,204,776,124,10,2,75.874
18,204,776,125,10,2,76.2987
18,204,776,126,10,2,76.6062
18,204,776,127,10,2,77.0296
18,204,776,128,10,2,77.5352
18,204,776,129,10,2,77.8073
18,204,776,130,10,2,78.261
18,203,776,101,10,2,57.74
18,203,776,102,10,2,59.59
18,203,776,103,10,2,61.08
18,203,776,104,10,2,63.2
18,203,776,105,10,2,65.21
18,203,776,106,10,2,66.95
18,203,776,107,10,2,68.29
18,203,776,108,10,2,69.25
18,203,776,109,10,2,69.73
18,203,776,110,10,2,70.11
18,203,776,111,10,2,70.99
18,203,776,112,10,2,71.77
18,203,776,113,10,2,72.24
18,203,776,114,10,2,72.69
18,203,776,115,10,2,74.4893
18,203,776,116,10,2,75.5748
18,203,776,117,10,2,76.5434
18,203,776,118,10,2,77.3708
18,203,776,119,10,2,78.2181
18,203,776,120,10,2,79.0925
18,203,776,121,10,2,79.8497
18,203,776,122,10,2,80.5017
18,203,776,123,10,2,81.2633
18,203,776,124,10,2,81.9698
18,203,776,125,10,2,82.764
18,203,776,126,10,2,83.4418
18,203,776,127,10,2,84.1515
18,203,776,128,10,2,84.8493
18,203,776,129,10,2,85.4669
18,203,776,130,10,2,86.1848
18,207,776,101,10,2,57.74
18,207,776,102,10,2,59.59
18,207,776,103,10,2,61.08
18,207,776,104,10,2,63.2
18,207,776,105,10,2,65.21
18,207,776,106,10,2,66.95
18,207,776,107,10,2,68.29
18,207,776,108,10,2,69.25
18,207,776,109,10,2,69.73
18,207,776,110,10,2,70.11
18,207,776,111,10,2,70.99
18,207,776,112,10,2,71.77
18,207,776,113,10,2,72.24
18,207,776,114,10,2,72.69
18,207,776,115,10,2,71.845
18,207,776,116,10,2,71.9388
18,207,776,117,10,2,72.0934
18,207,776,118,10,2,72.3205
18,207,776,119,10,2,72.5428
18,207,776,120,10,2,72.6323
18,207,776,121,10,2,73.2604
18,207,776,122,10,2,73.6264
18,207,776,123,10,2,73.8385
18,207,776,124,10,2,74.3363
18,207,776,125,10,2,74.6352
18,207,776,126,10,2,74.5274
18,207,776,127,10,2,75.2182
18,207,776,128,10,2,75.3801
18,207,776,129,10,2,75.9831
18,207,776,130,10,2,76.287
18,206,776,101,10,2,57.74
18,206,776,102,10,2,59.59
18,206,776,103,10,2,61.08
18,206,776,104,10,2,63.2
18,206,776,105,10,2,65.21
18,206,776,106,10,2,66.95
18,206,776,107,10,2,68.29
18,206,776,108,10,2,69.25
18,206,776,109,10,2,69.73
18,206,776,110,10,2,70.11
18,206,776,111,10,2,70.99
18,206,776,112,10,2,71.77
18,206,776,113,10,2,72.24
18,206,776,114,10,2,72.69
18,206,776,115,10,2,75.0712
18,206,776,116,10,2,76.3454
18,206,776,117,10,2,77.4536
18,206,776,118,10,2,78.3965
18,206,776,119,10,2,79.4136
18,206,776,120,10,2,80.2377
18,206,776,121,10,2,81.1056
18,206,776,122,10,2,81.9595
18,206,776,123,10,2,82.5674
18,206,776,124,10,2,83.4984
18,206,776,125,10,2,84.1626
18,206,776,126,10,2,84.9603
18,206,776,127,10,2,85.6233
18,206,776,128,10,2,86.2823
18,206,776,129,10,2,86.9896
18,206,776,130,10,2,87.5511
18,8,776,101,10,2,57.74
18,8,776,102,10,2,59.59
18,8,776,103,10,2,61.08
18,8,776,104,10,2,63.2
18,8,776,105,10,2,65.21
18,8,776,106,10,2,66.95
18,8,776,107,10,2,68.29
18,8,776,108,10,2,69.25
18,8,776,109,10,2,69.73
18,8,776,110,10,2,70.11
18,8,776,111,10,2,70.99
18,8,776,112,10,2,71.77
18,8,776,113,10,2,72.24
18,8,776,114,10,2,72.69
18,8,776,115,10,2,72.69
18,8,776,116,10,2,72.69
18,8,776,117,10,2,72.69
18,8,776,118,10,2,72.69
18,8,776,119,10,2,72.69
18,8,776,120,10,2,72.69
18,8,776,121,10,2,72.69
18,8,776,122,10,2,72.69
18,8,776,123,10,2,72.69
18,8,776,124,10,2,72.69
18,8,776,125,10,2,72.69
18,8,776,126,10,2,72.69
18,8,776,127,10,2,72.69
18,8,776,128,10,2,72.69
18,8,776,129,10,2,72.69
18,8,776,130,10,2,72.69
18,202,112,101,10,2,63.38
18,202,112,102,10,2,68.82
18,202,112,103,10,2,71.61
18,202,112,104,10,2,73.25
18,202,112,105,10,2,73.86
18,202,112,106,10,2,74.18
18,202,112,107,10,2,74.42
18,202,112,108,10,2,75.73
18,202,112,109,10,2,74.83
18,202,112,110,10,2,73.11
18,202,112,111,10,2,73.65
18,202,112,112,10,2,75.19
18,202,112,113,10,2,77.95
18,202,112,114,10,2,79.34
18,202,112,115,10,2,79.83
18,202,112,116,10,2,80.3758
18,202,112,117,10,2,80.9603
18,202,112,118,10,2,81.5189
18,202,112,119,10,2,82.1485
18,202,112,120,10,2,82.605
18,202,112,121,10,2,83.0996
18,202,112,122,10,2,83.6043
18,202,112,123,10,2,84.1199
18,202,112,124,10,2,84.6741
18,202,112,125,10,2,85.2213
18,202,112,126,10,2,85.6852
18,202,112,127,10,2,86.2165
18,202,112,128,10,2,86.6839
18,202,112,129,10,2,87.2008
18,202,112,130,10,2,87.7023
18,204,112,101,10,2,63.38
18,204,112,102,10,2,68.82
18,204,112,103,10,2,71.61
18,204,112,104,10,2,73.25
18,204,112,105,10,2,73.86
18,204,112,106,10,2,74.18
18,204,112,107,10,2,74.42
18,204,112,108,10,2,75.73
18,204,112,109,10,2,74.83
18,204,112,110,10,2,73.11
18,204,112,111,10,2,73.65
18,204,112,112,10,2,75.19
18,204,112,113,10,2,77.95
18,204,112,114,10,2,79.34
18,204,112,115,10,2,78.9999
18,204,112,116,10,2,79.2025
18,204,112,117,10,2,79.2938
18,204,112,118,10,2,79.7456
18,204,112,119,10,2,79.9902
18,204,112,120,10,2,80.3258
18,204,112,121,10,2,80.6566
18,204,112,122,10,2,81.0091
18,204,112,123,10,2,81.3668
18,204,112,124,10,2,81.7358
18,204,112,125,10,2,81.9992
18,204,112,126,10,2,82.3995
18,204,112,127,10,2,82.7467
18,204,112,128,10,2,83.0817
18,204,112,129,10,2,83.3774
18,204,112,130,10,2,83.6083
18,203,112,101,10,2,63.38
18,203,112,102,10,2,68.82
18,203,112,103,10,2,71.61
18,203,112,104,10,2,73.25
18,203,112,105,10,2,73.86
18,203,112,106,10,2,74.18
18,203,112,107,10,2,74.42
18,203,112,108,10,2,75.73
18,203,112,109,10,2,74.83
18,203,112,110,10,2,73.11
18,203,112,111,10,2,73.65
18,203,112,112,10,2,75.19
18,203,112,113,10,2,77.95
18,203,112,114,10,2,79.34
18,203,112,115,10,2,80.6836
18,203,112,116,10,2,81.6963
18,203,112,117,10,2,82.4678
18,203,112,118,10,2,83.1823
18,203,112,119,10,2,83.877
18,203,112,120,10,2,84.6654
18,203,112,121,10,2,85.2934
18,203,112,122,10,2,85.9599
18,203,112,123,10,2,86.5667
18,203,112,124,10,2,87.2643
18,203,112,125,10,2,87.8587
18,203,112,126,10,2,88.5319
18,203,112,127,10,2,89.0431
18,203,112,128,10,2,89.6359
18,203,112,129,10,2,90.3653
18,203,112,130,10,2,90.9798
18,207,112,101,10,2,63.38
18,207,112,102,10,2,68.82
18,207,112,103,10,2,71.61
18,207,112,104,10,2,73.25
18,207,112,105,10,2,73.86
18,207,112,106,10,2,74.18
18,207,112,107,10,2,74.42
18,207,112,108,10,2,75.73
18,207,112,109,10,2,74.83
18,207,112,110,10,2,73.11
18,207,112,111,10,2,73.65
18,207,112,112,10,2,75.19
18,207,112,113,10,2,77.95
18,207,112,114,10,2,79.34
18,207,112,115,10,2,78.5418
18,207,112,116,10,2,78.4397
18,207,112,117,10,2,78.5226
18,207,112,118,10,2,78.8748
18,207,112,119,10,2,79.0497
18,207,112,120,10,2,79.274
18,207,112,121,10,2,79.4065
18,207,112,122,10,2,79.5453
18,207,112,123,10,2,79.6966
18,207,112,124,10,2,79.9975
18,207,112,125,10,2,80.0963
18,207,112,126,10,2,80.5508
18,207,112,127,10,2,80.4308
18,207,112,128,10,2,80.8621
18,207,112,129,10,2,81.2257
18,207,112,130,10,2,81.3671
18,206,112,101,10,2,63.38
18,206,112,102,10,2,68.82
18,206,112,103,10,2,71.61
18,206,112,104,10,2,73.25
18,206,112,105,10,2,73.86
18,206,112,106,10,2,74.18
18,206,112,107,10,2,74.42
18,206,112,108,10,2,75.73
18,206,112,109,10,2,74.83
18,206,112,110,10,2,73.11
18,206,112,111,10,2,73.65
18,206,112,112,10,2,75.19
18,206,112,113,10,2,77.95
18,206,112,114,10,2,79.34
18,206,112,115,10,2,81.0998
18,206,112,116,10,2,82.1315
18,206,112,117,10,2,83.1556
18,206,112,118,10,2,84.0107
18,206,112,119,10,2,84.7509
18,206,112,120,10,2,85.5516
18,206,112,121,10,2,86.2474
18,206,112,122,10,2,86.961
18,206,112,123,10,2,87.7985
18,206,112,124,10,2,88.4057
18,206,112,125,10,2,89.1677
18,206,112,126,10,2,90.0094
18,206,112,127,10,2,90.8092
18,206,112,128,10,2,91.5462
18,206,112,129,10,2,92.2006
18,206,112,130,10,2,93.0782
18,8,112,101,10,2,63.38
18,8,112,102,10,2,68.82
18,8,112,103,10,2,71.61
18,8,112,104,10,2,73.25
18,8,112,105,10,2,73.86
18,8,112,106,10,2,74.18
18,8,112,107,10,2,74.42
18,8,112,108,10,2,75.73
18,8,112,109,10,2,74.83
18,8,112,110,10,2,73.11
18,8,112,111,10,2,73.65
18,8,112,112,10,2,75.19
18,8,112,113,10,2,77.95
18,8,112,114,10,2,79.34
18,8,112,115,10,2,79.34
18,8,112,116,10,2,79.34
18,8,112,117,10,2,79.34
18,8,112,118,10,2,79.34
18,8,112,119,10,2,79.34
18,8,112,120,10,2,79.34
18,8,112,121,10,2,79.34
18,8,112,122,10,2,79.34
18,8,112,123,10,2,79.34
18,8,112,124,10,2,79.34
18,8,112,125,10,2,79.34
18,8,112,126,10,2,79.34
18,8,112,127,10,2,79.34
18,8,112,128,10,2,79.34
18,8,112,129,10,2,79.34
18,8,112,130,10,2,79.34
18,202,100,101,10,2,63.99
18,202,100,102,10,2,68.48
18,202,100,103,10,2,72.07
18,202,100,104,10,2,73.02
18,202,100,105,10,2,73.45
18,202,100,106,10,2,73.74
18,202,100,107,10,2,74.22
18,202,100,108,10,2,74.73
18,202,100,109,10,2,74.81
18,202,100,110,10,2,74.64
18,202,100,111,10,2,75.75
18,202,100,112,10,2,76.75
18,202,100,113,10,2,77.78
18,202,100,114,10,2,78.48
18,202,100,115,10,2,79.0001
18,202,100,116,10,2,79.5641
18,202,100,117,10,2,80.1207
18,202,100,118,10,2,80.6545
18,202,100,119,10,2,81.1197
18,202,100,120,10,2,81.6439
18,202,100,121,10,2,82.0924
18,202,100,122,10,2,82.6021
18,202,100,123,10,2,83.1328
18,202,100,124,10,2,83.6411
18,202,100,125,10,2,84.1457
18,202,100,126,10,2,84.6467
18,202,100,127,10,2,85.0566
18,202,100,128,10,2,85.5957
18,202,100,129,10,2,86.0643
18,202,100,130,10,2,86.6126
18,204,100,101,10,2,63.99
18,204,100,102,10,2,68.48
18,204,100,103,10,2,72.07
18,204,100,104,10,2,73.02
18,204,100,105,10,2,73.45
18,204,100,106,10,2,73.74
18,204,100,107,10,2,74.22
18,204,100,108,10,2,74.73
18,204,100,109,10,2,74.81
18,204,100,110,10,2,74.64
18,204,100,111,10,2,75.75
18,204,100,112,10,2,76.75
18,204,100,113,10,2,77.78
18,204,100,114,10,2,78.48
18,204,100,115,10,2,78.1618
18,204,100,116,10,2,78.3069
18,204,100,117,10,2,78.5211
18,204,100,118,10,2,78.8805
18,204,100,119,10,2,79.1033
18,204,100,120,10,2,79.5688
18,204,100,121,10,2,79.9078
18,204,100,122,10,2,80.2503
18,204,100,123,10,2,80.5532
18,204,100,124,10,2,80.8184
18,204,100,125,10,2,81.2546
18,204,100,126,10,2,81.6135
18,204,100,127,10,2,82.12
18,204,100,128,10,2,82.5173
18,204,100,129,10,2,82.7763
18,204,100,130,10,2,83.0307
18,203,100,101,10,2,63.99
18,203,100,102,10,2,68.48
18,203,100,103,10,2,72.07
18,203,100,104,10,2,73.02
18,203,100,105,10,2,73.45
18,203,100,106,10,2,73.74
18,203,100,107,10,2,74.22
18,203,100,108,10,2,74.73
18,203,100,109,10,2,74.81
18,203,100,110,10,2,74.64
18,203,100,111,10,2,75.75
18,203,100,112,10,2,76.75
18,203,100,113,10,2,77.78
18,203,100,114,10,2,78.48
18,203,100,115,10,2,79.8775
18,203,100,116,10,2,80.857
18,203,100,117,10,2,81.5934
18,203,100,118,10,2,82.3901
18,203,100,119,10,2,83.0701
18,203,100,120,10,2,83.6785
18,203,100,121,10,2,84.2499
18,203,100,122,10,2,84.983
18,203,100,123,10,2,85.5035
18,203,100,124,10,2,86.1853
18,203,100,125,10,2,86.832
18,203,100,126,10,2,87.4145
18,203,100,127,10,2,88.004
18,203,100,128,10,2,88.6659
18,203,100,129,10,2,89.4948
18,203,100,130,10,2,90.0126
18,207,100,101,10,2,63.99
18,207,100,102,10,2,68.48
18,207,100,103,10,2,72.07
18,207,100,104,10,2,73.02
18,207,100,105,10,2,73.45
18,207,100,106,10,2,73.74
18,207,100,107,10,2,74.22
18,207,100,108,10,2,74.73
18,207,100,109,10,2,74.81
18,207,100,110,10,2,74.64
18,207,100,111,10,2,75.75
18,207,100,112,10,2,76.75
18,207,100,113,10,2,77.78
18,207,100,114,10,2,78.48
18,207,100,115,10,2,77.7729
18,207,100,116,10,2,77.7631
18,207,100,117,10,2,77.6758
18,207,100,118,10,2,77.8664
18,207,100,119,10,2,78.1378
18,207,100,120,10,2,78.19
18,207,100,121,10,2,78.6015
18,207,100,122,10,2,78.8073
18,207,100,123,10,2,79.203
18,207,100,124,10,2,79.3861
18,207,100,125,10,2,79.737
18,207,100,126,10,2,79.866
18,207,100,127,10,2,79.9701
18,207,100,128,10,2,80.3154
18,207,100,129,10,2,80.5659
18,207,100,130,10,2,81.0702
18,206,100,101,10,2,63.99
18,206,100,102,10,2,68.48
18,206,100,103,10,2,72.07
18,206,100,104,10,2,73.02
18,206,100,105,10,2,73.45
18,206,100,106,10,2,73.74
18,206,100,107,10,2,74.22
18,206,100,108,10,2,74.73
18,206,100,109,10,2,74.81
18,206,100,110,10,2,74.64
18,206,100,111,10,2,75.75
18,206,100,112,10,2,76.75
18,206,100,113,10,2,77.78
18,206,100,114,10,2,78.48
18,206,100,115,10,2,80.3476
18,206,100,116,10,2,81.418
18,206,100,117,10,2,82.3801
18,206,100,118,10,2,83.22
18,206,100,119,10,2,83.8918
18,206,100,120,10,2,84.6601
18,206,100,121,10,2,85.2356
18,206,100,122,10,2,86.0464
18,206,100,123,10,2,86.934
18,206,100,124,10,2,87.7454
18,206,100,125,10,2,88.3166
18,206,100,126,10,2,88.8504
18,206,100,127,10,2,89.5731
18,206,100,128,10,2,90.3149
18,206,100,129,10,2,91.1288
18,206,100,130,10,2,91.7738
18,8,100,101,10,2,63.99
18,8,100,102,10,2,68.48
18,8,100,103,10,2,72.07
18,8,100,104,10,2,73.02
18,8,100,105,10,2,73.45
18,8,100,106,10,2,73.74
18,8,100,107,10,2,74.22
18,8,100,108,10,2,74.73
18,8,100,109,10,2,74.81
18,8,100,110,10,2,74.64
18,8,100,111,10,2,75.75
18,8,100,112,10,2,76.75
18,8,100,113,10,2,77.78
18,8,100,114,10,2,78.48
18,8,100,115,10,2,78.48
18,8,100,116,10,2,78.48
18,8,100,117,10,2,78.48
18,8,100,118,10,2,78.48
18,8,100,119,10,2,78.48
18,8,100,120,10,2,78.48
18,8,100,121,10,2,78.48
18,8,100,122,10,2,78.48
18,8,100,123,10,2,78.48
18,8,100,124,10,2,78.48
18,8,100,125,10,2,78.48
18,8,100,126,10,2,78.48
18,8,100,127,10,2,78.48
18,8,100,128,10,2,78.48
18,8,100,129,10,2,78.48
18,8,100,130,10,2,78.48
18,202,203,101,10,2,69.31
18,202,203,102,10,2,72.28
18,202,203,103,10,2,73.37
18,202,203,104,10,2,73.4
18,202,203,105,10,2,73.56
18,202,203,106,10,2,74.19
18,202,203,107,10,2,74.4
18,202,203,108,10,2,75.14
18,202,203,109,10,2,76.2
18,202,203,110,10,2,77.66
18,202,203,111,10,2,78.78
18,202,203,112,10,2,80.09
18,202,203,113,10,2,81.15
18,202,203,114,10,2,81.76
18,202,203,115,10,2,82.3896
18,202,203,116,10,2,83.0421
18,202,203,117,10,2,83.67
18,202,203,118,10,2,84.221
18,202,203,119,10,2,84.7841
18,202,203,120,10,2,85.3437
18,202,203,121,10,2,85.9234
18,202,203,122,10,2,86.4436
18,202,203,123,10,2,87.0174
18,202,203,124,10,2,87.626
18,202,203,125,10,2,88.1323
18,202,203,126,10,2,88.6993
18,202,203,127,10,2,89.3202
18,202,203,128,10,2,89.8243
18,202,203,129,10,2,90.3846
18,202,203,130,10,2,90.9981
18,204,203,101,10,2,69.31
18,204,203,102,10,2,72.28
18,204,203,103,10,2,73.37
18,204,203,104,10,2,73.4
18,204,203,105,10,2,73.56
18,204,203,106,10,2,74.19
18,204,203,107,10,2,74.4
18,204,203,108,10,2,75.14
18,204,203,109,10,2,76.2
18,204,203,110,10,2,77.66
18,204,203,111,10,2,78.78
18,204,203,112,10,2,80.09
18,204,203,113,10,2,81.15
18,204,203,114,10,2,81.76
18,204,203,115,10,2,81.6366
18,204,203,116,10,2,81.9016
18,204,203,117,10,2,82.3401
18,204,203,118,10,2,82.7666
18,204,203,119,10,2,83.1805
18,204,203,120,10,2,83.5822
18,204,203,121,10,2,83.9647
18,204,203,122,10,2,84.425
18,204,203,123,10,2,84.7604
18,204,203,124,10,2,85.0555
18,204,203,125,10,2,85.69
18,204,203,126,10,2,86.0332
18,204,203,127,10,2,86.4298
18,204,203,128,10,2,86.876
18,204,203,129,10,2,87.2666
18,204,203,130,10,2,87.6485
18,203,203,101,10,2,69.31
18,203,203,102,10,2,72.28
18,203,203,103,10,2,73.37
18,203,203,104,10,2,73.4
18,203,203,105,10,2,73.56
18,203,203,106,10,2,74.19
18,203,203,107,10,2,74.4
18,203,203,108,10,2,75.14
18,203,203,109,10,2,76.2
18,203,203,110,10,2,77.66
18,203,203,111,10,2,78.78
18,203,203,112,10,2,80.09
18,203,203,113,10,2,81.15
18,203,203,114,10,2,81.76
18,203,203,115,10,2,83.1905
18,203,203,116,10,2,84.0563
18,203,203,117,10,2,84.8687
18,203,203,118,10,2,85.6817
18,203,203,119,10,2,86.3981
18,203,203,120,10,2,87.1897
18,203,203,121,10,2,87.8801
18,203,203,122,10,2,88.5281
18,203,203,123,10,2,89.2291
18,203,203,124,10,2,90.0185
18,203,203,125,10,2,90.597
18,203,203,126,10,2,91.2392
18,203,203,127,10,2,91.9474
18,203,203,128,10,2,92.5712
18,203,203,129,10,2,93.3197
18,203,203,130,10,2,93.9162
18,207,203,101,10,2,69.31
18,207,203,102,10,2,72.28
18,207,203,103,10,2,73.37
18,207,203,104,10,2,73.4
18,207,203,105,10,2,73.56
18,207,203,106,10,2,74.19
18,207,203,107,10,2,74.4
18,207,203,108,10,2,75.14
18,207,203,109,10,2,76.2
18,207,203,110,10,2,77.66
18,207,203,111,10,2,78.78
18,207,203,112,10,2,80.09
18,207,203,113,10,2,81.15
18,207,203,114,10,2,81.76
18,207,203,115,10,2,81.2278
18,207,203,116,10,2,81.3165
18,207,203,117,10,2,81.5534
18,207,203,118,10,2,81.8625
18,207,203,119,10,2,82.0536
18,207,203,120,10,2,82.4904
18,207,203,121,10,2,82.8821
18,207,203,122,10,2,83.2014
18,207,203,123,10,2,83.4532
18,207,203,124,10,2,83.8999
18,207,203,125,10,2,84.1875
18,207,203,126,10,2,84.4633
18,207,203,127,10,2,84.9637
18,207,203,128,10,2,85.1928
18,207,203,129,10,2,85.7144
18,207,203,130,10,2,86.071
18,206,203,101,10,2,69.31
18,206,203,102,10,2,72.28
18,206,203,103,10,2,73.37
18,206,203,104,10,2,73.4
18,206,203,105,10,2,73.56
18,206,203,106,10,2,74.19
18,206,203,107,10,2,74.4
18,206,203,108,10,2,75.14
18,206,203,109,10,2,76.2
18,206,203,110,10,2,77.66
18,206,203,111,10,2,78.78
18,206,203,112,10,2,80.09
18,206,203,113,10,2,81.15
18,206,203,114,10,2,81.76
18,206,203,115,10,2,83.5294
18,206,203,116,10,2,84.5591
18,206,203,117,10,2,85.478
18,206,203,118,10,2,86.5439
18,206,203,119,10,2,87.3281
18,206,203,120,10,2,88.2531
18,206,203,121,10,2,89.005
18,206,203,122,10,2,89.7165
18,206,203,123,10,2,90.4482
18,206,203,124,10,2,91.1673
18,206,203,125,10,2,92.1995
18,206,203,126,10,2,92.7532
18,206,203,127,10,2,93.4005
18,206,203,128,10,2,94.2159
18,206,203,129,10,2,94.8358
18,206,203,130,10,2,95.5828
18,8,203,101,10,2,69.31
18,8,203,102,10,2,72.28
18,8,203,103,10,2,73.37
18,8,203,104,10,2,73.4
18,8,203,105,10,2,73.56
18,8,203,106,10,2,74.19
18,8,203,107,10,2,74.4
18,8,203,108,10,2,75.14
18,8,203,109,10,2,76.2
18,8,203,110,10,2,77.66
18,8,203,111,10,2,78.78
18,8,203,112,10,2,80.09
18,8,203,113,10,2,81.15
18,8,203,114,10,2,81.76
18,8,203,115,10,2,81.76
18,8,203,116,10,2,81.76
18,8,203,117,10,2,81.76
18,8,203,118,10,2,81.76
18,8,203,119,10,2,81.76
18,8,203,120,10,2,81.76
18,8,203,121,10,2,81.76
18,8,203,122,10,2,81.76
18,8,203,123,10,2,81.76
18,8,203,124,10,2,81.76
18,8,203,125,10,2,81.76
18,8,203,126,10,2,81.76
18,8,203,127,10,2,81.76
18,8,203,128,10,2,81.76
18,8,203,129,10,2,81.76
18,8,203,130,10,2,81.76
18,202,348,101,10,2,66.1
18,202,348,102,10,2,69.08
18,202,348,103,10,2,71.03
18,202,348,104,10,2,72.01
18,202,348,105,10,2,72.34
18,202,348,106,10,2,72.87
18,202,348,107,10,2,73.02
18,202,348,108,10,2,73.59
18,202,348,109,10,2,74.12
18,202,348,110,10,2,75.37
18,202,348,111,10,2,76.72
18,202,348,112,10,2,77.79
18,202,348,113,10,2,78.73
18,202,348,114,10,2,80.08
18,202,348,115,10,2,80.7287
18,202,348,116,10,2,81.2881
18,202,348,117,10,2,81.8721
18,202,348,118,10,2,82.4855
18,202,348,119,10,2,83.1038
18,202,348,120,10,2,83.7043
18,202,348,121,10,2,84.3409
18,202,348,122,10,2,84.8613
18,202,348,123,10,2,85.376
18,202,348,124,10,2,85.8841
18,202,348,125,10,2,86.4182
18,202,348,126,10,2,86.9694
18,202,348,127,10,2,87.5989
18,202,348,128,10,2,88.0891
18,202,348,129,10,2,88.6152
18,202,348,130,10,2,89.1819
18,204,348,101,10,2,66.1
18,204,348,102,10,2,69.08
18,204,348,103,10,2,71.03
18,204,348,104,10,2,72.01
18,204,348,105,10,2,72.34
18,204,348,106,10,2,72.87
18,204,348,107,10,2,73.02
18,204,348,108,10,2,73.59
18,204,348,109,10,2,74.12
18,204,348,110,10,2,75.37
18,204,348,111,10,2,76.72
18,204,348,112,10,2,77.79
18,204,348,113,10,2,78.73
18,204,348,114,10,2,80.08
18,204,348,115,10,2,79.8673
18,204,348,116,10,2,80.1725
18,204,348,117,10,2,80.4698
18,204,348,118,10,2,80.8143
18,204,348,119,10,2,81.2585
18,204,348,120,10,2,81.602
18,204,348,121,10,2,81.9497
18,204,348,122,10,2,82.2522
18,204,348,123,10,2,82.7623
18,204,348,124,10,2,83.2379
18,204,348,125,10,2,83.6274
18,204,348,126,10,2,84.0513
18,204,348,127,10,2,84.6012
18,204,348,128,10,2,84.9816
18,204,348,129,10,2,85.3447
18,204,348,130,10,2,85.8203
18,203,348,101,10,2,66.1
18,203,348,102,10,2,69.08
18,203,348,103,10,2,71.03
18,203,348,104,10,2,72.01
18,203,348,105,10,2,72.34
18,203,348,106,10,2,72.87
18,203,348,107,10,2,73.02
18,203,348,108,10,2,73.59
18,203,348,109,10,2,74.12
18,203,348,110,10,2,75.37
18,203,348,111,10,2,76.72
18,203,348,112,10,2,77.79
18,203,348,113,10,2,78.73
18,203,348,114,10,2,80.08
18,203,348,115,10,2,81.5258
18,203,348,116,10,2,82.3926
18,203,348,117,10,2,83.2841
18,203,348,118,10,2,84.0467
18,203,348,119,10,2,84.7763
18,203,348,120,10,2,85.4528
18,203,348,121,10,2,86.1723
18,203,348,122,10,2,86.9049
18,203,348,123,10,2,87.6261
18,203,348,124,10,2,88.3202
18,203,348,125,10,2,88.8661
18,203,348,126,10,2,89.5808
18,203,348,127,10,2,90.0786
18,203,348,128,10,2,90.8454
18,203,348,129,10,2,91.466
18,203,348,130,10,2,92.1674
18,207,348,101,10,2,66.1
18,207,348,102,10,2,69.08
18,207,348,103,10,2,71.03
18,207,348,104,10,2,72.01
18,207,348,105,10,2,72.34
18,207,348,106,10,2,72.87
18,207,348,107,10,2,73.02
18,207,348,108,10,2,73.59
18,207,348,109,10,2,74.12
18,207,348,110,10,2,75.37
18,207,348,111,10,2,76.72
18,207,348,112,10,2,77.79
18,207,348,113,10,2,78.73
18,207,348,114,10,2,80.08
18,207,348,115,10,2,79.4354
18,207,348,116,10,2,79.3982
18,207,348,117,10,2,79.7744
18,207,348,118,10,2,79.977
18,207,348,119,10,2,80.0821
18,207,348,120,10,2,80.6029
18,207,348,121,10,2,80.7503
18,207,348,122,10,2,81.0584
18,207,348,123,10,2,81.6942
18,207,348,124,10,2,81.7567
18,207,348,125,10,2,82.2508
18,207,348,126,10,2,82.4114
18,207,348,127,10,2,82.8693
18,207,348,128,10,2,83.08
18,207,348,129,10,2,83.3332
18,207,348,130,10,2,83.5795
18,206,348,101,10,2,66.1
18,206,348,102,10,2,69.08
18,206,348,103,10,2,71.03
18,206,348,104,10,2,72.01
18,206,348,105,10,2,72.34
18,206,348,106,10,2,72.87
18,206,348,107,10,2,73.02
18,206,348,108,10,2,73.59
18,206,348,109,10,2,74.12
18,206,348,110,10,2,75.37
18,206,348,111,10,2,76.72
18,206,348,112,10,2,77.79
18,206,348,113,10,2,78.73
18,206,348,114,10,2,80.08
18,206,348,115,10,2,81.9096
18,206,348,116,10,2,83.1038
18,206,348,117,10,2,83.9986
18,206,348,118,10,2,84.8062
18,206,348,119,10,2,85.52
18,206,348,120,10,2,86.4942
18,206,348,121,10,2,87.1522
18,206,348,122,10,2,88.0051
18,206,348,123,10,2,88.83
18,206,348,124,10,2,89.5503
18,206,348,125,10,2,90.1083
18,206,348,126,10,2,90.8049
18,206,348,127,10,2,91.4741
18,206,348,128,10,2,92.2505
18,206,348,129,10,2,93.1242
18,206,348,130,10,2,93.6575
18,8,348,101,10,2,66.1
18,8,348,102,10,2,69.08
18,8,348,103,10,2,71.03
18,8,348,104,10,2,72.01
18,8,348,105,10,2,72.34
18,8,348,106,10,2,72.87
18,8,348,107,10,2,73.02
18,8,348,108,10,2,73.59
18,8,348,109,10,2,74.12
18,8,348,110,10,2,75.37
18,8,348,111,10,2,76.72
18,8,348,112,10,2,77.79
18,8,348,113,10,2,78.73
18,8,348,114,10,2,80.08
18,8,348,115,10,2,80.08
18,8,348,116,10,2,80.08
18,8,348,117,10,2,80.08
18,8,348,118,10,2,80.08
18,8,348,119,10,2,80.08
18,8,348,120,10,2,80.08
18,8,348,121,10,2,80.08
18,8,348,122,10,2,80.08
18,8,348,123,10,2,80.08
18,8,348,124,10,2,80.08
18,8,348,125,10,2,80.08
18,8,348,126,10,2,80.08
18,8,348,127,10,2,80.08
18,8,348,128,10,2,80.08
18,8,348,129,10,2,80.08
18,8,348,130,10,2,80.08
18,202,616,101,10,2,64.15
18,202,616,102,10,2,68.41
18,202,616,103,10,2,71.19
18,202,616,104,10,2,72.9
18,202,616,105,10,2,73.74
18,202,616,106,10,2,74.36
18,202,616,107,10,2,74.78
18,202,616,108,10,2,75.02
18,202,616,109,10,2,75.67
18,202,616,110,10,2,77.07
18,202,616,111,10,2,78.77
18,202,616,112,10,2,79.8
18,202,616,113,10,2,81.15
18,202,616,114,10,2,82.37
18,202,616,115,10,2,83.0428
18,202,616,116,10,2,83.7481
18,202,616,117,10,2,84.4216
18,202,616,118,10,2,85.0114
18,202,616,119,10,2,85.5685
18,202,616,120,10,2,86.1523
18,202,616,121,10,2,86.7182
18,202,616,122,10,2,87.3171
18,202,616,123,10,2,87.9121
18,202,616,124,10,2,88.4583
18,202,616,125,10,2,88.9915
18,202,616,126,10,2,89.5994
18,202,616,127,10,2,90.2559
18,202,616,128,10,2,90.7764
18,202,616,129,10,2,91.3599
18,202,616,130,10,2,91.9743
18,204,616,101,10,2,64.15
18,204,616,102,10,2,68.41
18,204,616,103,10,2,71.19
18,204,616,104,10,2,72.9
18,204,616,105,10,2,73.74
18,204,616,106,10,2,74.36
18,204,616,107,10,2,74.78
18,204,616,108,10,2,75.02
18,204,616,109,10,2,75.67
18,204,616,110,10,2,77.07
18,204,616,111,10,2,78.77
18,204,616,112,10,2,79.8
18,204,616,113,10,2,81.15
18,204,616,114,10,2,82.37
18,204,616,115,10,2,82.2988
18,204,616,116,10,2,82.6873
18,204,616,117,10,2,83.1009
18,204,616,118,10,2,83.5415
18,204,616,119,10,2,83.9238
18,204,616,120,10,2,84.4019
18,204,616,121,10,2,84.8822
18,204,616,122,10,2,85.3039
18,204,616,123,10,2,85.7129
18,204,616,124,10,2,86.0413
18,204,616,125,10,2,86.5348
18,204,616,126,10,2,86.8261
18,204,616,127,10,2,87.4371
18,204,616,128,10,2,87.809
18,204,616,129,10,2,88.3149
18,204,616,130,10,2,88.7252
18,203,616,101,10,2,64.15
18,203,616,102,10,2,68.41
18,203,616,103,10,2,71.19
18,203,616,104,10,2,72.9
18,203,616,105,10,2,73.74
18,203,616,106,10,2,74.36
18,203,616,107,10,2,74.78
18,203,616,108,10,2,75.02
18,203,616,109,10,2,75.67
18,203,616,110,10,2,77.07
18,203,616,111,10,2,78.77
18,203,616,112,10,2,79.8
18,203,616,113,10,2,81.15
18,203,616,114,10,2,82.37
18,203,616,115,10,2,83.794
18,203,616,116,10,2,84.6946
18,203,616,117,10,2,85.5749
18,203,616,118,10,2,86.4419
18,203,616,119,10,2,87.131
18,203,616,120,10,2,87.876
18,203,616,121,10,2,88.66
18,203,616,122,10,2,89.3718
18,203,616,123,10,2,90.1847
18,203,616,124,10,2,90.8432
18,203,616,125,10,2,91.4895
18,203,616,126,10,2,92.1851
18,203,616,127,10,2,92.9219
18,203,616,128,10,2,93.5977
18,203,616,129,10,2,94.2706
18,203,616,130,10,2,94.9797
18,207,616,101,10,2,64.15
18,207,616,102,10,2,68.41
18,207,616,103,10,2,71.19
18,207,616,104,10,2,72.9
18,207,616,105,10,2,73.74
18,207,616,106,10,2,74.36
18,207,616,107,10,2,74.78
18,207,616,108,10,2,75.02
18,207,616,109,10,2,75.67
18,207,616,110,10,2,77.07
18,207,616,111,10,2,78.77
18,207,616,112,10,2,79.8
18,207,616,113,10,2,81.15
18,207,616,114,10,2,82.37
18,207,616,115,10,2,81.8992
18,207,616,116,10,2,81.989
18,207,616,117,10,2,82.3624
18,207,616,118,10,2,82.6123
18,207,616,119,10,2,83.0917
18,207,616,120,10,2,83.5599
18,207,616,121,10,2,83.7414
18,207,616,122,10,2,84.1516
18,207,616,123,10,2,84.3946
18,207,616,124,10,2,84.5849
18,207,616,125,10,2,85.2162
18,207,616,126,10,2,85.6138
18,207,616,127,10,2,85.8556
18,207,616,128,10,2,86.3461
18,207,616,129,10,2,86.7414
18,207,616,130,10,2,87.0028
18,206,616,101,10,2,64.15
18,206,616,102,10,2,68.41
18,206,616,103,10,2,71.19
18,206,616,104,10,2,72.9
18,206,616,105,10,2,73.74
18,206,616,106,10,2,74.36
18,206,616,107,10,2,74.78
18,206,616,108,10,2,75.02
18,206,616,109,10,2,75.67
18,206,616,110,10,2,77.07
18,206,616,111,10,2,78.77
18,206,616,112,10,2,79.8
18,206,616,113,10,2,81.15
18,206,616,114,10,2,82.37
18,206,616,115,10,2,84.0901
18,206,616,116,10,2,85.2703
18,206,616,117,10,2,86.079
18,206,616,118,10,2,87.1903
18,206,616,119,10,2,87.9073
18,206,616,120,10,2,88.7286
18,206,616,121,10,2,89.4945
18,206,616,122,10,2,90.5332
18,206,616,123,10,2,91.3053
18,206,616,124,10,2,91.9956
18,206,616,125,10,2,92.728
18,206,616,126,10,2,93.4116
18,206,616,127,10,2,94.1723
18,206,616,128,10,2,94.8159
18,206,616,129,10,2,95.4748
18,206,616,130,10,2,96.354
18,8,616,101,10,2,64.15
18,8,616,102,10,2,68.41
18,8,616,103,10,2,71.19
18,8,616,104,10,2,72.9
18,8,616,105,10,2,73.74
18,8,616,106,10,2,74.36
18,8,616,107,10,2,74.78
18,8,616,108,10,2,75.02
18,8,616,109,10,2,75.67
18,8,616,110,10,2,77.07
18,8,616,111,10,2,78.77
18,8,616,112,10,2,79.8
18,8,616,113,10,2,81.15
18,8,616,114,10,2,82.37
18,8,616,115,10,2,82.37
18,8,616,116,10,2,82.37
18,8,616,117,10,2,82.37
18,8,616,118,10,2,82.37
18,8,616,119,10,2,82.37
18,8,616,120,10,2,82.37
18,8,616,121,10,2,82.37
18,8,616,122,10,2,82.37
18,8,616,123,10,2,82.37
18,8,616,124,10,2,82.37
18,8,616,125,10,2,82.37
18,8,616,126,10,2,82.37
18,8,616,127,10,2,82.37
18,8,616,128,10,2,82.37
18,8,616,129,10,2,82.37
18,8,616,130,10,2,82.37
18,202,498,101,10,2,62.99
18,202,498,102,10,2,65
18,202,498,103,10,2,66.49
18,202,498,104,10,2,67.95
18,202,498,105,10,2,68.42
18,202,498,106,10,2,68.42
18,202,498,107,10,2,68.28
18,202,498,108,10,2,70.71
18,202,498,109,10,2,70.89
18,202,498,110,10,2,70.51
18,202,498,111,10,2,71.57
18,202,498,112,10,2,72.1
18,202,498,113,10,2,75.21
18,202,498,114,10,2,75.94
18,202,498,115,10,2,76.5738
18,202,498,116,10,2,77.1793
18,202,498,117,10,2,77.7103
18,202,498,118,10,2,78.3232
18,202,498,119,10,2,78.9447
18,202,498,120,10,2,79.4344
18,202,498,121,10,2,80.08
18,202,498,122,10,2,80.6484
18,202,498,123,10,2,81.216
18,202,498,124,10,2,81.7321
18,202,498,125,10,2,82.2284
18,202,498,126,10,2,82.8213
18,202,498,127,10,2,83.4455
18,202,498,128,10,2,84.0464
18,202,498,129,10,2,84.5488
18,202,498,130,10,2,85.1072
18,204,498,101,10,2,62.99
18,204,498,102,10,2,65
18,204,498,103,10,2,66.49
18,204,498,104,10,2,67.95
18,204,498,105,10,2,68.42
18,204,498,106,10,2,68.42
18,204,498,107,10,2,68.28
18,204,498,108,10,2,70.71
18,204,498,109,10,2,70.89
18,204,498,110,10,2,70.51
18,204,498,111,10,2,71.57
18,204,498,112,10,2,72.1
18,204,498,113,10,2,75.21
18,204,498,114,10,2,75.94
18,204,498,115,10,2,75.5534
18,204,498,116,10,2,75.9059
18,204,498,117,10,2,76.1033
18,204,498,118,10,2,76.4321
18,204,498,119,10,2,76.7532
18,204,498,120,10,2,77.1562
18,204,498,121,10,2,77.5851
18,204,498,122,10,2,77.9204
18,204,498,123,10,2,78.3352
18,204,498,124,10,2,78.8921
18,204,498,125,10,2,79.3595
18,204,498,126,10,2,79.6794
18,204,498,127,10,2,80.0329
18,204,498,128,10,2,80.6291
18,204,498,129,10,2,80.9556
18,204,498,130,10,2,81.4873
18,203,498,101,10,2,62.99
18,203,498,102,10,2,65
18,203,498,103,10,2,66.49
18,203,498,104,10,2,67.95
18,203,498,105,10,2,68.42
18,203,498,106,10,2,68.42
18,203,498,107,10,2,68.28
18,203,498,108,10,2,70.71
18,203,498,109,10,2,70.89
18,203,498,110,10,2,70.51
18,203,498,111,10,2,71.57
18,203,498,112,10,2,72.1
18,203,498,113,10,2,75.21
18,203,498,114,10,2,75.94
18,203,498,115,10,2,77.4569
18,203,498,116,10,2,78.5026
18,203,498,117,10,2,79.3826
18,203,498,118,10,2,80.1619
18,203,498,119,10,2,80.8454
18,203,498,120,10,2,81.6053
18,203,498,121,10,2,82.4225
18,203,498,122,10,2,83.0962
18,203,498,123,10,2,83.8444
18,203,498,124,10,2,84.4796
18,203,498,125,10,2,85.1073
18,203,498,126,10,2,85.9691
18,203,498,127,10,2,86.4903
18,203,498,128,10,2,87.2386
18,203,498,129,10,2,87.9328
18,203,498,130,10,2,88.5333
18,207,498,101,10,2,62.99
18,207,498,102,10,2,65
18,207,498,103,10,2,66.49
18,207,498,104,10,2,67.95
18,207,498,105,10,2,68.42
18,207,498,106,10,2,68.42
18,207,498,107,10,2,68.28
18,207,498,108,10,2,70.71
18,207,498,109,10,2,70.89
18,207,498,110,10,2,70.51
18,207,498,111,10,2,71.57
18,207,498,112,10,2,72.1
18,207,498,113,10,2,75.21
18,207,498,114,10,2,75.94
18,207,498,115,10,2,75.0477
18,207,498,116,10,2,75.0069
18,207,498,117,10,2,75.293
18,207,498,118,10,2,75.3562
18,207,498,119,10,2,75.5368
18,207,498,120,10,2,75.7745
18,207,498,121,10,2,76.2077
18,207,498,122,10,2,76.3836
18,207,498,123,10,2,76.8299
18,207,498,124,10,2,77.0382
18,207,498,125,10,2,77.4472
18,207,498,126,10,2,77.7559
18,207,498,127,10,2,78.066
18,207,498,128,10,2,78.3891
18,207,498,129,10,2,78.6495
18,207,498,130,10,2,79.0295
18,206,498,101,10,2,62.99
18,206,498,102,10,2,65
18,206,498,103,10,2,66.49
18,206,498,104,10,2,67.95
18,206,498,105,10,2,68.42
18,206,498,106,10,2,68.42
18,206,498,107,10,2,68.28
18,206,498,108,10,2,70.71
18,206,498,109,10,2,70.89
18,206,498,110,10,2,70.51
18,206,498,111,10,2,71.57
18,206,498,112,10,2,72.1
18,206,498,113,10,2,75.21
18,206,498,114,10,2,75.94
18,206,498,115,10,2,77.8807
18,206,498,116,10,2,79.0862
18,206,498,117,10,2,80.0584
18,206,498,118,10,2,81.0145
18,206,498,119,10,2,81.9747
18,206,498,120,10,2,82.7155
18,206,498,121,10,2,83.4325
18,206,498,122,10,2,84.2753
18,206,498,123,10,2,84.9881
18,206,498,124,10,2,85.7439
18,206,498,125,10,2,86.5819
18,206,498,126,10,2,87.2946
18,206,498,127,10,2,88.1545
18,206,498,128,10,2,88.9631
18,206,498,129,10,2,89.5887
18,206,498,130,10,2,90.4669
18,8,498,101,10,2,62.99
18,8,498,102,10,2,65
18,8,498,103,10,2,66.49
18,8,498,104,10,2,67.95
18,8,498,105,10,2,68.42
18,8,498,106,10,2,68.42
18,8,498,107,10,2,68.28
18,8,498,108,10,2,70.71
18,8,498,109,10,2,70.89
18,8,498,110,10,2,70.51
18,8,498,111,10,2,71.57
18,8,498,112,10,2,72.1
18,8,498,113,10,2,75.21
18,8,498,114,10,2,75.94
18,8,498,115,10,2,75.94
18,8,498,116,10,2,75.94
18,8,498,117,10,2,75.94
18,8,498,118,10,2,75.94
18,8,498,119,10,2,75.94
18,8,498,120,10,2,75.94
18,8,498,121,10,2,75.94
18,8,498,122,10,2,75.94
18,8,498,123,10,2,75.94
18,8,498,124,10,2,75.94
18,8,498,125,10,2,75.94
18,8,498,126,10,2,75.94
18,8,498,127,10,2,75.94
18,8,498,128,10,2,75.94
18,8,498,129,10,2,75.94
18,8,498,130,10,2,75.94
18,202,642,101,10,2,62.8
18,202,642,102,10,2,65.01
18,202,642,103,10,2,69.68
18,202,642,104,10,2,69.6
18,202,642,105,10,2,71.24
18,202,642,106,10,2,72.02
18,202,642,107,10,2,72.57
18,202,642,108,10,2,72.59
18,202,642,109,10,2,73.31
18,202,642,110,10,2,73.59
18,202,642,111,10,2,75.19
18,202,642,112,10,2,76.74
18,202,642,113,10,2,78.41
18,202,642,114,10,2,79.32
18,202,642,115,10,2,79.9821
18,202,642,116,10,2,80.632
18,202,642,117,10,2,81.2786
18,202,642,118,10,2,81.9028
18,202,642,119,10,2,82.4461
18,202,642,120,10,2,83.0462
18,202,642,121,10,2,83.6789
18,202,642,122,10,2,84.1635
18,202,642,123,10,2,84.6922
18,202,642,124,10,2,85.2334
18,202,642,125,10,2,85.8333
18,202,642,126,10,2,86.3887
18,202,642,127,10,2,86.9571
18,202,642,128,10,2,87.5037
18,202,642,129,10,2,88.0194
18,202,642,130,10,2,88.5424
18,204,642,101,10,2,62.8
18,204,642,102,10,2,65.01
18,204,642,103,10,2,69.68
18,204,642,104,10,2,69.6
18,204,642,105,10,2,71.24
18,204,642,106,10,2,72.02
18,204,642,107,10,2,72.57
18,204,642,108,10,2,72.59
18,204,642,109,10,2,73.31
18,204,642,110,10,2,73.59
18,204,642,111,10,2,75.19
18,204,642,112,10,2,76.74
18,204,642,113,10,2,78.41
18,204,642,114,10,2,79.32
18,204,642,115,10,2,79.1165
18,204,642,116,10,2,79.3971
18,204,642,117,10,2,79.8475
18,204,642,118,10,2,80.2324
18,204,642,119,10,2,80.6152
18,204,642,120,10,2,80.9245
18,204,642,121,10,2,81.2272
18,204,642,122,10,2,81.6586
18,204,642,123,10,2,82.1645
18,204,642,124,10,2,82.5953
18,204,642,125,10,2,83.0474
18,204,642,126,10,2,83.5427
18,204,642,127,10,2,83.9498
18,204,642,128,10,2,84.4843
18,204,642,129,10,2,84.7809
18,204,642,130,10,2,85.1555
18,203,642,101,10,2,62.8
18,203,642,102,10,2,65.01
18,203,642,103,10,2,69.68
18,203,642,104,10,2,69.6
18,203,642,105,10,2,71.24
18,203,642,106,10,2,72.02
18,203,642,107,10,2,72.57
18,203,642,108,10,2,72.59
18,203,642,109,10,2,73.31
18,203,642,110,10,2,73.59
18,203,642,111,10,2,75.19
18,203,642,112,10,2,76.74
18,203,642,113,10,2,78.41
18,203,642,114,10,2,79.32
18,203,642,115,10,2,80.7771
18,203,642,116,10,2,81.8178
18,203,642,117,10,2,82.6427
18,203,642,118,10,2,83.4685
18,203,642,119,10,2,84.273
18,203,642,120,10,2,85.0061
18,203,642,121,10,2,85.6676
18,203,642,122,10,2,86.3539
18,203,642,123,10,2,87.1071
18,203,642,124,10,2,87.793
18,203,642,125,10,2,88.5894
18,203,642,126,10,2,89.198
18,203,642,127,10,2,89.7971
18,203,642,128,10,2,90.4369
18,203,642,129,10,2,91.2314
18,203,642,130,10,2,91.8735
18,207,642,101,10,2,62.8
18,207,642,102,10,2,65.01
18,207,642,103,10,2,69.68
18,207,642,104,10,2,69.6
18,207,642,105,10,2,71.24
18,207,642,106,10,2,72.02
18,207,642,107,10,2,72.57
18,207,642,108,10,2,72.59
18,207,642,109,10,2,73.31
18,207,642,110,10,2,73.59
18,207,642,111,10,2,75.19
18,207,642,112,10,2,76.74
18,207,642,113,10,2,78.41
18,207,642,114,10,2,79.32
18,207,642,115,10,2,78.6576
18,207,642,116,10,2,78.7249
18,207,642,117,10,2,79.0616
18,207,642,118,10,2,79.3917
18,207,642,119,10,2,79.4249
18,207,642,120,10,2,79.863
18,207,642,121,10,2,80.0601
18,207,642,122,10,2,80.388
18,207,642,123,10,2,80.6133
18,207,642,124,10,2,80.89
18,207,642,125,10,2,81.2112
18,207,642,126,10,2,81.6925
18,207,642,127,10,2,82.0371
18,207,642,128,10,2,82.5007
18,207,642,129,10,2,82.7262
18,207,642,130,10,2,82.9254
18,206,642,101,10,2,62.8
18,206,642,102,10,2,65.01
18,206,642,103,10,2,69.68
18,206,642,104,10,2,69.6
18,206,642,105,10,2,71.24
18,206,642,106,10,2,72.02
18,206,642,107,10,2,72.57
18,206,642,108,10,2,72.59
18,206,642,109,10,2,73.31
18,206,642,110,10,2,73.59
18,206,642,111,10,2,75.19
18,206,642,112,10,2,76.74
18,206,642,113,10,2,78.41
18,206,642,114,10,2,79.32
18,206,642,115,10,2,81.2467
18,206,642,116,10,2,82.3778
18,206,642,117,10,2,83.42
18,206,642,118,10,2,84.2996
18,206,642,119,10,2,85.0044
18,206,642,120,10,2,85.9098
18,206,642,121,10,2,86.7367
18,206,642,122,10,2,87.5479
18,206,642,123,10,2,88.404
18,206,642,124,10,2,89.2301
18,206,642,125,10,2,90.0811
18,206,642,126,10,2,90.8259
18,206,642,127,10,2,91.3951
18,206,642,128,10,2,92.0406
18,206,642,129,10,2,92.7315
18,206,642,130,10,2,93.7115
18,8,642,101,10,2,62.8
18,8,642,102,10,2,65.01
18,8,642,103,10,2,69.68
18,8,642,104,10,2,69.6
18,8,642,105,10,2,71.24
18,8,642,106,10,2,72.02
18,8,642,107,10,2,72.57
18,8,642,108,10,2,72.59
18,8,642,109,10,2,73.31
18,8,642,110,10,2,73.59
18,8,642,111,10,2,75.19
18,8,642,112,10,2,76.74
18,8,642,113,10,2,78.41
18,8,642,114,10,2,79.32
18,8,642,115,10,2,79.32
18,8,642,116,10,2,79.32
18,8,642,117,10,2,79.32
18,8,642,118,10,2,79.32
18,8,642,119,10,2,79.32
18,8,642,120,10,2,79.32
18,8,642,121,10,2,79.32
18,8,642,122,10,2,79.32
18,8,642,123,10,2,79.32
18,8,642,124,10,2,79.32
18,8,642,125,10,2,79.32
18,8,642,126,10,2,79.32
18,8,642,127,10,2,79.32
18,8,642,128,10,2,79.32
18,8,642,129,10,2,79.32
18,8,642,130,10,2,79.32
18,202,643,101,10,2,61.98
18,202,643,102,10,2,68.24
18,202,643,103,10,2,71.43
18,202,643,104,10,2,72.55
18,202,643,105,10,2,72.9
18,202,643,106,10,2,72.84
18,202,643,107,10,2,72.98
18,202,643,108,10,2,73.86
18,202,643,109,10,2,72.77
18,202,643,110,10,2,72.26
18,202,643,111,10,2,71.98
18,202,643,112,10,2,73.69
18,202,643,113,10,2,75.96
18,202,643,114,10,2,77.54
18,202,643,115,10,2,78.1671
18,202,643,116,10,2,78.7628
18,202,643,117,10,2,79.3096
18,202,643,118,10,2,79.9052
18,202,643,119,10,2,80.4474
18,202,643,120,10,2,81.0028
18,202,643,121,10,2,81.6044
18,202,643,122,10,2,82.1337
18,202,643,123,10,2,82.7
18,202,643,124,10,2,83.097
18,202,643,125,10,2,83.6732
18,202,643,126,10,2,84.1661
18,202,643,127,10,2,84.6139
18,202,643,128,10,2,85.1823
18,202,643,129,10,2,85.6245
18,202,643,130,10,2,86.1837
18,204,643,101,10,2,61.98
18,204,643,102,10,2,68.24
18,204,643,103,10,2,71.43
18,204,643,104,10,2,72.55
18,204,643,105,10,2,72.9
18,204,643,106,10,2,72.84
18,204,643,107,10,2,72.98
18,204,643,108,10,2,73.86
18,204,643,109,10,2,72.77
18,204,643,110,10,2,72.26
18,204,643,111,10,2,71.98
18,204,643,112,10,2,73.69
18,204,643,113,10,2,75.96
18,204,643,114,10,2,77.54
18,204,643,115,10,2,77.2613
18,204,643,116,10,2,77.5411
18,204,643,117,10,2,77.7752
18,204,643,118,10,2,78.0439
18,204,643,119,10,2,78.3701
18,204,643,120,10,2,78.8402
18,204,643,121,10,2,79.1037
18,204,643,122,10,2,79.4863
18,204,643,123,10,2,79.9165
18,204,643,124,10,2,80.2655
18,204,643,125,10,2,80.6397
18,204,643,126,10,2,80.9972
18,204,643,127,10,2,81.3212
18,204,643,128,10,2,81.6226
18,204,643,129,10,2,82.0946
18,204,643,130,10,2,82.4483
18,203,643,101,10,2,61.98
18,203,643,102,10,2,68.24
18,203,643,103,10,2,71.43
18,203,643,104,10,2,72.55
18,203,643,105,10,2,72.9
18,203,643,106,10,2,72.84
18,203,643,107,10,2,72.98
18,203,643,108,10,2,73.86
18,203,643,109,10,2,72.77
18,203,643,110,10,2,72.26
18,203,643,111,10,2,71.98
18,203,643,112,10,2,73.69
18,203,643,113,10,2,75.96
18,203,643,114,10,2,77.54
18,203,643,115,10,2,79.0766
18,203,643,116,10,2,79.9593
18,203,643,117,10,2,80.8421
18,203,643,118,10,2,81.6098
18,203,643,119,10,2,82.3128
18,203,643,120,10,2,82.9658
18,203,643,121,10,2,83.7778
18,203,643,122,10,2,84.4199
18,203,643,123,10,2,85.1044
18,203,643,124,10,2,85.838
18,203,643,125,10,2,86.4371
18,203,643,126,10,2,87.1392
18,203,643,127,10,2,87.7381
18,203,643,128,10,2,88.5002
18,203,643,129,10,2,89.0729
18,203,643,130,10,2,89.6882
18,207,643,101,10,2,61.98
18,207,643,102,10,2,68.24
18,207,643,103,10,2,71.43
18,207,643,104,10,2,72.55
18,207,643,105,10,2,72.9
18,207,643,106,10,2,72.84
18,207,643,107,10,2,72.98
18,207,643,108,10,2,73.86
18,207,643,109,10,2,72.77
18,207,643,110,10,2,72.26
18,207,643,111,10,2,71.98
18,207,643,112,10,2,73.69
18,207,643,113,10,2,75.96
18,207,643,114,10,2,77.54
18,207,643,115,10,2,76.746
18,207,643,116,10,2,76.8252
18,207,643,117,10,2,76.8774
18,207,643,118,10,2,77.1181
18,207,643,119,10,2,77.222
18,207,643,120,10,2,77.425
18,207,643,121,10,2,77.7972
18,207,643,122,10,2,77.9205
18,207,643,123,10,2,78.3819
18,207,643,124,10,2,78.5773
18,207,643,125,10,2,78.6887
18,207,643,126,10,2,79.1069
18,207,643,127,10,2,79.6338
18,207,643,128,10,2,79.8449
18,207,643,129,10,2,80.2488
18,207,643,130,10,2,80.6458
18,206,643,101,10,2,61.98
18,206,643,102,10,2,68.24
18,206,643,103,10,2,71.43
18,206,643,104,10,2,72.55
18,206,643,105,10,2,72.9
18,206,643,106,10,2,72.84
18,206,643,107,10,2,72.98
18,206,643,108,10,2,73.86
18,206,643,109,10,2,72.77
18,206,643,110,10,2,72.26
18,206,643,111,10,2,71.98
18,206,643,112,10,2,73.69
18,206,643,113,10,2,75.96
18,206,643,114,10,2,77.54
18,206,643,115,10,2,79.6133
18,206,643,116,10,2,80.721
18,206,643,117,10,2,81.7163
18,206,643,118,10,2,82.4572
18,206,643,119,10,2,83.3728
18,206,643,120,10,2,84.0484
18,206,643,121,10,2,84.932
18,206,643,122,10,2,85.6325
18,206,643,123,10,2,86.2486
18,206,643,124,10,2,86.9239
18,206,643,125,10,2,87.7019
18,206,643,126,10,2,88.3411
18,206,643,127,10,2,89.157
18,206,643,128,10,2,89.8309
18,206,643,129,10,2,90.5072
18,206,643,130,10,2,91.2182
18,8,643,101,10,2,61.98
18,8,643,102,10,2,68.24
18,8,643,103,10,2,71.43
18,8,643,104,10,2,72.55
18,8,643,105,10,2,72.9
18,8,643,106,10,2,72.84
18,8,643,107,10,2,72.98
18,8,643,108,10,2,73.86
18,8,643,109,10,2,72.77
18,8,643,110,10,2,72.26
18,8,643,111,10,2,71.98
18,8,643,112,10,2,73.69
18,8,643,113,10,2,75.96
18,8,643,114,10,2,77.54
18,8,643,115,10,2,77.54
18,8,643,116,10,2,77.54
18,8,643,117,10,2,77.54
18,8,643,118,10,2,77.54
18,8,643,119,10,2,77.54
18,8,643,120,10,2,77.54
18,8,643,121,10,2,77.54
18,8,643,122,10,2,77.54
18,8,643,123,10,2,77.54
18,8,643,124,10,2,77.54
18,8,643,125,10,2,77.54
18,8,643,126,10,2,77.54
18,8,643,127,10,2,77.54
18,8,643,128,10,2,77.54
18,8,643,129,10,2,77.54
18,8,643,130,10,2,77.54
18,202,703,101,10,2,66.3
18,202,703,102,10,2,70.76
18,202,703,103,10,2,72.99
18,202,703,104,10,2,73.25
18,202,703,105,10,2,73.52
18,202,703,106,10,2,74.23
18,202,703,107,10,2,74.67
18,202,703,108,10,2,75.16
18,202,703,109,10,2,75.91
18,202,703,110,10,2,76.81
18,202,703,111,10,2,77.78
18,202,703,112,10,2,78.63
18,202,703,113,10,2,79.81
18,202,703,114,10,2,80.76
18,202,703,115,10,2,81.4085
18,202,703,116,10,2,81.9886
18,202,703,117,10,2,82.6089
18,202,703,118,10,2,83.1985
18,202,703,119,10,2,83.7001
18,202,703,120,10,2,84.3454
18,202,703,121,10,2,84.9417
18,202,703,122,10,2,85.389
18,202,703,123,10,2,85.9506
18,202,703,124,10,2,86.5207
18,202,703,125,10,2,87.0274
18,202,703,126,10,2,87.5517
18,202,703,127,10,2,88.1375
18,202,703,128,10,2,88.7663
18,202,703,129,10,2,89.2338
18,202,703,130,10,2,89.7536
18,204,703,101,10,2,66.3
18,204,703,102,10,2,70.76
18,204,703,103,10,2,72.99
18,204,703,104,10,2,73.25
18,204,703,105,10,2,73.52
18,204,703,106,10,2,74.23
18,204,703,107,10,2,74.67
18,204,703,108,10,2,75.16
18,204,703,109,10,2,75.91
18,204,703,110,10,2,76.81
18,204,703,111,10,2,77.78
18,204,703,112,10,2,78.63
18,204,703,113,10,2,79.81
18,204,703,114,10,2,80.76
18,204,703,115,10,2,80.5789
18,204,703,116,10,2,80.9185
18,204,703,117,10,2,81.2475
18,204,703,118,10,2,81.6829
18,204,703,119,10,2,82.0531
18,204,703,120,10,2,82.3565
18,204,703,121,10,2,82.8039
18,204,703,122,10,2,83.1787
18,204,703,123,10,2,83.6249
18,204,703,124,10,2,83.9853
18,204,703,125,10,2,84.3708
18,204,703,126,10,2,84.8191
18,204,703,127,10,2,85.257
18,204,703,128,10,2,85.6387
18,204,703,129,10,2,86.014
18,204,703,130,10,2,86.318
18,203,703,101,10,2,66.3
18,203,703,102,10,2,70.76
18,203,703,103,10,2,72.99
18,203,703,104,10,2,73.25
18,203,703,105,10,2,73.52
18,203,703,106,10,2,74.23
18,203,703,107,10,2,74.67
18,203,703,108,10,2,75.16
18,203,703,109,10,2,75.91
18,203,703,110,10,2,76.81
18,203,703,111,10,2,77.78
18,203,703,112,10,2,78.63
18,203,703,113,10,2,79.81
18,203,703,114,10,2,80.76
18,203,703,115,10,2,82.2295
18,203,703,116,10,2,83.1412
18,203,703,117,10,2,83.8978
18,203,703,118,10,2,84.627
18,203,703,119,10,2,85.3345
18,203,703,120,10,2,86.1024
18,203,703,121,10,2,86.8524
18,203,703,122,10,2,87.5231
18,203,703,123,10,2,88.1547
18,203,703,124,10,2,88.8432
18,203,703,125,10,2,89.5527
18,203,703,126,10,2,90.1813
18,203,703,127,10,2,90.8762
18,203,703,128,10,2,91.542
18,203,703,129,10,2,92.1876
18,203,703,130,10,2,92.691
18,207,703,101,10,2,66.3
18,207,703,102,10,2,70.76
18,207,703,103,10,2,72.99
18,207,703,104,10,2,73.25
18,207,703,105,10,2,73.52
18,207,703,106,10,2,74.23
18,207,703,107,10,2,74.67
18,207,703,108,10,2,75.16
18,207,703,109,10,2,75.91
18,207,703,110,10,2,76.81
18,207,703,111,10,2,77.78
18,207,703,112,10,2,78.63
18,207,703,113,10,2,79.81
18,207,703,114,10,2,80.76
18,207,703,115,10,2,80.1568
18,207,703,116,10,2,80.2447
18,207,703,117,10,2,80.4255
18,207,703,118,10,2,80.6564
18,207,703,119,10,2,80.9125
18,207,703,120,10,2,81.1526
18,207,703,121,10,2,81.4192
18,207,703,122,10,2,81.6993
18,207,703,123,10,2,81.7197
18,207,703,124,10,2,82.0478
18,207,703,125,10,2,82.5467
18,207,703,126,10,2,82.7921
18,207,703,127,10,2,83.3294
18,207,703,128,10,2,83.4421
18,207,703,129,10,2,83.8723
18,207,703,130,10,2,83.9752
18,206,703,101,10,2,66.3
18,206,703,102,10,2,70.76
18,206,703,103,10,2,72.99
18,206,703,104,10,2,73.25
18,206,703,105,10,2,73.52
18,206,703,106,10,2,74.23
18,206,703,107,10,2,74.67
18,206,703,108,10,2,75.16
18,206,703,109,10,2,75.91
18,206,703,110,10,2,76.81
18,206,703,111,10,2,77.78
18,206,703,112,10,2,78.63
18,206,703,113,10,2,79.81
18,206,703,114,10,2,80.76
18,206,703,115,10,2,82.5832
18,206,703,116,10,2,83.6953
18,206,703,117,10,2,84.6047
18,206,703,118,10,2,85.3665
18,206,703,119,10,2,86.1677
18,206,703,120,10,2,86.9952
18,206,703,121,10,2,87.7944
18,206,703,122,10,2,88.6005
18,206,703,123,10,2,89.3045
18,206,703,124,10,2,89.8985
18,206,703,125,10,2,90.725
18,206,703,126,10,2,91.3067
18,206,703,127,10,2,92.1898
18,206,703,128,10,2,92.7686
18,206,703,129,10,2,93.6048
18,206,703,130,10,2,94.1717
18,8,703,101,10,2,66.3
18,8,703,102,10,2,70.76
18,8,703,103,10,2,72.99
18,8,703,104,10,2,73.25
18,8,703,105,10,2,73.52
18,8,703,106,10,2,74.23
18,8,703,107,10,2,74.67
18,8,703,108,10,2,75.16
18,8,703,109,10,2,75.91
18,8,703,110,10,2,76.81
18,8,703,111,10,2,77.78
18,8,703,112,10,2,78.63
18,8,703,113,10,2,79.81
18,8,703,114,10,2,80.76
18,8,703,115,10,2,80.76
18,8,703,116,10,2,80.76
18,8,703,117,10,2,80.76
18,8,703,118,10,2,80.76
18,8,703,119,10,2,80.76
18,8,703,120,10,2,80.76
18,8,703,121,10,2,80.76
18,8,703,122,10,2,80.76
18,8,703,123,10,2,80.76
18,8,703,124,10,2,80.76
18,8,703,125,10,2,80.76
18,8,703,126,10,2,80.76
18,8,703,127,10,2,80.76
18,8,703,128,10,2,80.76
18,8,703,129,10,2,80.76
18,8,703,130,10,2,80.76
18,202,804,101,10,2,64.29
18,202,804,102,10,2,69.49
18,202,804,103,10,2,72.12
18,202,804,104,10,2,73.74
18,202,804,105,10,2,74.41
18,202,804,106,10,2,73.95
18,202,804,107,10,2,73.71
18,202,804,108,10,2,74.56
18,202,804,109,10,2,73.68
18,202,804,110,10,2,72.98
18,202,804,111,10,2,73.35
18,202,804,112,10,2,73.79
18,202,804,113,10,2,75.85
18,202,804,114,10,2,76.63
18,202,804,115,10,2,77.1382
18,202,804,116,10,2,77.5707
18,202,804,117,10,2,78.0814
18,202,804,118,10,2,78.6069
18,202,804,119,10,2,79.1396
18,202,804,120,10,2,79.5928
18,202,804,121,10,2,80.0635
18,202,804,122,10,2,80.5849
18,202,804,123,10,2,81.0217
18,202,804,124,10,2,81.5672
18,202,804,125,10,2,82.018
18,202,804,126,10,2,82.4307
18,202,804,127,10,2,82.9152
18,202,804,128,10,2,83.3198
18,202,804,129,10,2,83.8917
18,202,804,130,10,2,84.3355
18,204,804,101,10,2,64.29
18,204,804,102,10,2,69.49
18,204,804,103,10,2,72.12
18,204,804,104,10,2,73.74
18,204,804,105,10,2,74.41
18,204,804,106,10,2,73.95
18,204,804,107,10,2,73.71
18,204,804,108,10,2,74.56
18,204,804,109,10,2,73.68
18,204,804,110,10,2,72.98
18,204,804,111,10,2,73.35
18,204,804,112,10,2,73.79
18,204,804,113,10,2,75.85
18,204,804,114,10,2,76.63
18,204,804,115,10,2,76.1567
18,204,804,116,10,2,76.2975
18,204,804,117,10,2,76.5644
18,204,804,118,10,2,76.7954
18,204,804,119,10,2,76.9206
18,204,804,120,10,2,77.2328
18,204,804,121,10,2,77.5687
18,204,804,122,10,2,77.9137
18,204,804,123,10,2,78.1708
18,204,804,124,10,2,78.4059
18,204,804,125,10,2,78.6639
18,204,804,126,10,2,78.8992
18,204,804,127,10,2,79.3002
18,204,804,128,10,2,79.3455
18,204,804,129,10,2,79.7489
18,204,804,130,10,2,80.0928
18,203,804,101,10,2,64.29
18,203,804,102,10,2,69.49
18,203,804,103,10,2,72.12
18,203,804,104,10,2,73.74
18,203,804,105,10,2,74.41
18,203,804,106,10,2,73.95
18,203,804,107,10,2,73.71
18,203,804,108,10,2,74.56
18,203,804,109,10,2,73.68
18,203,804,110,10,2,72.98
18,203,804,111,10,2,73.35
18,203,804,112,10,2,73.79
18,203,804,113,10,2,75.85
18,203,804,114,10,2,76.63
18,203,804,115,10,2,78.1028
18,203,804,116,10,2,79.0007
18,203,804,117,10,2,79.8439
18,203,804,118,10,2,80.5758
18,203,804,119,10,2,81.2512
18,203,804,120,10,2,81.8113
18,203,804,121,10,2,82.5355
18,203,804,122,10,2,83.2309
18,203,804,123,10,2,83.8233
18,203,804,124,10,2,84.5291
18,203,804,125,10,2,85.0411
18,203,804,126,10,2,85.7072
18,203,804,127,10,2,86.1874
18,203,804,128,10,2,86.7159
18,203,804,129,10,2,87.2526
18,203,804,130,10,2,87.9063
18,207,804,101,10,2,64.29
18,207,804,102,10,2,69.49
18,207,804,103,10,2,72.12
18,207,804,104,10,2,73.74
18,207,804,105,10,2,74.41
18,207,804,106,10,2,73.95
18,207,804,107,10,2,73.71
18,207,804,108,10,2,74.56
18,207,804,109,10,2,73.68
18,207,804,110,10,2,72.98
18,207,804,111,10,2,73.35
18,207,804,112,10,2,73.79
18,207,804,113,10,2,75.85
18,207,804,114,10,2,76.63
18,207,804,115,10,2,75.6166
18,207,804,116,10,2,75.6568
18,207,804,117,10,2,75.8445
18,207,804,118,10,2,75.8718
18,207,804,119,10,2,75.798
18,207,804,120,10,2,75.9715
18,207,804,121,10,2,76.15
18,207,804,122,10,2,76.4286
18,207,804,123,10,2,76.4742
18,207,804,124,10,2,76.7087
18,207,804,125,10,2,76.9923
18,207,804,126,10,2,76.9842
18,207,804,127,10,2,77.3832
18,207,804,128,10,2,77.5931
18,207,804,129,10,2,77.8506
18,207,804,130,10,2,77.9719
18,206,804,101,10,2,64.29
18,206,804,102,10,2,69.49
18,206,804,103,10,2,72.12
18,206,804,104,10,2,73.74
18,206,804,105,10,2,74.41
18,206,804,106,10,2,73.95
18,206,804,107,10,2,73.71
18,206,804,108,10,2,74.56
18,206,804,109,10,2,73.68
18,206,804,110,10,2,72.98
18,206,804,111,10,2,73.35
18,206,804,112,10,2,73.79
18,206,804,113,10,2,75.85
18,206,804,114,10,2,76.63
18,206,804,115,10,2,78.5499
18,206,804,116,10,2,79.686
18,206,804,117,10,2,80.4673
18,206,804,118,10,2,81.4662
18,206,804,119,10,2,82.1928
18,206,804,120,10,2,82.9969
18,206,804,121,10,2,83.6945
18,206,804,122,10,2,84.3472
18,206,804,123,10,2,84.8207
18,206,804,124,10,2,85.7056
18,206,804,125,10,2,86.3589
18,206,804,126,10,2,87.0054
18,206,804,127,10,2,87.8505
18,206,804,128,10,2,88.4718
18,206,804,129,10,2,89.3514
18,206,804,130,10,2,89.714
18,8,804,101,10,2,64.29
18,8,804,102,10,2,69.49
18,8,804,103,10,2,72.12
18,8,804,104,10,2,73.74
18,8,804,105,10,2,74.41
18,8,804,106,10,2,73.95
18,8,804,107,10,2,73.71
18,8,804,108,10,2,74.56
18,8,804,109,10,2,73.68
18,8,804,110,10,2,72.98
18,8,804,111,10,2,73.35
18,8,804,112,10,2,73.79
18,8,804,113,10,2,75.85
18,8,804,114,10,2,76.63
18,8,804,115,10,2,76.63
18,8,804,116,10,2,76.63
18,8,804,117,10,2,76.63
18,8,804,118,10,2,76.63
18,8,804,119,10,2,76.63
18,8,804,120,10,2,76.63
18,8,804,121,10,2,76.63
18,8,804,122,10,2,76.63
18,8,804,123,10,2,76.63
18,8,804,124,10,2,76.63
18,8,804,125,10,2,76.63
18,8,804,126,10,2,76.63
18,8,804,127,10,2,76.63
18,8,804,128,10,2,76.63
18,8,804,129,10,2,76.63
18,8,804,130,10,2,76.63
18,202,830,101,10,2,71.74
18,202,830,102,10,2,73.23
18,202,830,103,10,2,73.88
18,202,830,104,10,2,74.7
18,202,830,105,10,2,75.19
18,202,830,106,10,2,75.92
18,202,830,107,10,2,77
18,202,830,108,10,2,77.78
18,202,830,109,10,2,78.78
18,202,830,110,10,2,80.66
18,202,830,111,10,2,81.98
18,202,830,112,10,2,83.38
18,202,830,113,10,2,84.09
18,202,830,114,10,2,84.74
18,202,830,115,10,2,85.3524
18,202,830,116,10,2,85.9994
18,202,830,117,10,2,86.609
18,202,830,118,10,2,87.2106
18,202,830,119,10,2,87.805
18,202,830,120,10,2,88.4234
18,202,830,121,10,2,89.016
18,202,830,122,10,2,89.5913
18,202,830,123,10,2,90.1369
18,202,830,124,10,2,90.6797
18,202,830,125,10,2,91.3169
18,202,830,126,10,2,91.8865
18,202,830,127,10,2,92.4689
18,202,830,128,10,2,93.0602
18,202,830,129,10,2,93.6226
18,202,830,130,10,2,94.1915
18,204,830,101,10,2,71.74
18,204,830,102,10,2,73.23
18,204,830,103,10,2,73.88
18,204,830,104,10,2,74.7
18,204,830,105,10,2,75.19
18,204,830,106,10,2,75.92
18,204,830,107,10,2,77
18,204,830,108,10,2,77.78
18,204,830,109,10,2,78.78
18,204,830,110,10,2,80.66
18,204,830,111,10,2,81.98
18,204,830,112,10,2,83.38
18,204,830,113,10,2,84.09
18,204,830,114,10,2,84.74
18,204,830,115,10,2,84.7027
18,204,830,116,10,2,85.073
18,204,830,117,10,2,85.509
18,204,830,118,10,2,85.8969
18,204,830,119,10,2,86.3179
18,204,830,120,10,2,86.7568
18,204,830,121,10,2,87.1733
18,204,830,122,10,2,87.6417
18,204,830,123,10,2,88.1284
18,204,830,124,10,2,88.5283
18,204,830,125,10,2,88.9875
18,204,830,126,10,2,89.3637
18,204,830,127,10,2,89.8397
18,204,830,128,10,2,90.357
18,204,830,129,10,2,90.8047
18,204,830,130,10,2,91.2982
18,203,830,101,10,2,71.74
18,203,830,102,10,2,73.23
18,203,830,103,10,2,73.88
18,203,830,104,10,2,74.7
18,203,830,105,10,2,75.19
18,203,830,106,10,2,75.92
18,203,830,107,10,2,77
18,203,830,108,10,2,77.78
18,203,830,109,10,2,78.78
18,203,830,110,10,2,80.66
18,203,830,111,10,2,81.98
18,203,830,112,10,2,83.38
18,203,830,113,10,2,84.09
18,203,830,114,10,2,84.74
18,203,830,115,10,2,86.0078
18,203,830,116,10,2,86.8831
18,203,830,117,10,2,87.7374
18,203,830,118,10,2,88.609
18,203,830,119,10,2,89.3971
18,203,830,120,10,2,90.0605
18,203,830,121,10,2,90.8896
18,203,830,122,10,2,91.616
18,203,830,123,10,2,92.217
18,203,830,124,10,2,92.9155
18,203,830,125,10,2,93.4028
18,203,830,126,10,2,94.0831
18,203,830,127,10,2,94.8426
18,203,830,128,10,2,95.539
18,203,830,129,10,2,96.2178
18,203,830,130,10,2,96.9469
18,207,830,101,10,2,71.74
18,207,830,102,10,2,73.23
18,207,830,103,10,2,73.88
18,207,830,104,10,2,74.7
18,207,830,105,10,2,75.19
18,207,830,106,10,2,75.92
18,207,830,107,10,2,77
18,207,830,108,10,2,77.78
18,207,830,109,10,2,78.78
18,207,830,110,10,2,80.66
18,207,830,111,10,2,81.98
18,207,830,112,10,2,83.38
18,207,830,113,10,2,84.09
18,207,830,114,10,2,84.74
18,207,830,115,10,2,84.3607
18,207,830,116,10,2,84.5479
18,207,830,117,10,2,84.8752
18,207,830,118,10,2,85.3221
18,207,830,119,10,2,85.5435
18,207,830,120,10,2,85.8558
18,207,830,121,10,2,86.2977
18,207,830,122,10,2,86.5306
18,207,830,123,10,2,86.9924
18,207,830,124,10,2,87.3197
18,207,830,125,10,2,87.6382
18,207,830,126,10,2,88.0532
18,207,830,127,10,2,88.5873
18,207,830,128,10,2,88.886
18,207,830,129,10,2,89.3095
18,207,830,130,10,2,89.7069
18,206,830,101,10,2,71.74
18,206,830,102,10,2,73.23
18,206,830,103,10,2,73.88
18,206,830,104,10,2,74.7
18,206,830,105,10,2,75.19
18,206,830,106,10,2,75.92
18,206,830,107,10,2,77
18,206,830,108,10,2,77.78
18,206,830,109,10,2,78.78
18,206,830,110,10,2,80.66
18,206,830,111,10,2,81.98
18,206,830,112,10,2,83.38
18,206,830,113,10,2,84.09
18,206,830,114,10,2,84.74
18,206,830,115,10,2,86.3984
18,206,830,116,10,2,87.3888
18,206,830,117,10,2,88.3402
18,206,830,118,10,2,89.2055
18,206,830,119,10,2,90.0419
18,206,830,120,10,2,90.9424
18,206,830,121,10,2,91.7896
18,206,830,122,10,2,92.4289
18,206,830,123,10,2,93.1931
18,206,830,124,10,2,94.0237
18,206,830,125,10,2,94.7907
18,206,830,126,10,2,95.3729
18,206,830,127,10,2,96.3216
18,206,830,128,10,2,96.9599
18,206,830,129,10,2,97.6517
18,206,830,130,10,2,98.5514
18,8,830,101,10,2,71.74
18,8,830,102,10,2,73.23
18,8,830,103,10,2,73.88
18,8,830,104,10,2,74.7
18,8,830,105,10,2,75.19
18,8,830,106,10,2,75.92
18,8,830,107,10,2,77
18,8,830,108,10,2,77.78
18,8,830,109,10,2,78.78
18,8,830,110,10,2,80.66
18,8,830,111,10,2,81.98
18,8,830,112,10,2,83.38
18,8,830,113,10,2,84.09
18,8,830,114,10,2,84.74
18,8,830,115,10,2,84.74
18,8,830,116,10,2,84.74
18,8,830,117,10,2,84.74
18,8,830,118,10,2,84.74
18,8,830,119,10,2,84.74
18,8,830,120,10,2,84.74
18,8,830,121,10,2,84.74
18,8,830,122,10,2,84.74
18,8,830,123,10,2,84.74
18,8,830,124,10,2,84.74
18,8,830,125,10,2,84.74
18,8,830,126,10,2,84.74
18,8,830,127,10,2,84.74
18,8,830,128,10,2,84.74
18,8,830,129,10,2,84.74
18,8,830,130,10,2,84.74
18,202,208,101,10,2,72.41
18,202,208,102,10,2,73.76
18,202,208,103,10,2,74.48
18,202,208,104,10,2,75.32
18,202,208,105,10,2,76.43
18,202,208,106,10,2,77.25
18,202,208,107,10,2,77.5
18,202,208,108,10,2,77.66
18,202,208,109,10,2,77.91
18,202,208,110,10,2,78.59
18,202,208,111,10,2,79.63
18,202,208,112,10,2,80.77
18,202,208,113,10,2,82.16
18,202,208,114,10,2,82.68
18,202,208,115,10,2,83.2998
18,202,208,116,10,2,83.8988
18,202,208,117,10,2,84.5157
18,202,208,118,10,2,85.0959
18,202,208,119,10,2,85.7264
18,202,208,120,10,2,86.3171
18,202,208,121,10,2,86.9298
18,202,208,122,10,2,87.4922
18,202,208,123,10,2,88.0705
18,202,208,124,10,2,88.6578
18,202,208,125,10,2,89.2111
18,202,208,126,10,2,89.7504
18,202,208,127,10,2,90.3462
18,202,208,128,10,2,90.8518
18,202,208,129,10,2,91.3698
18,202,208,130,10,2,91.9219
18,204,208,101,10,2,72.41
18,204,208,102,10,2,73.76
18,204,208,103,10,2,74.48
18,204,208,104,10,2,75.32
18,204,208,105,10,2,76.43
18,204,208,106,10,2,77.25
18,204,208,107,10,2,77.5
18,204,208,108,10,2,77.66
18,204,208,109,10,2,77.91
18,204,208,110,10,2,78.59
18,204,208,111,10,2,79.63
18,204,208,112,10,2,80.77
18,204,208,113,10,2,82.16
18,204,208,114,10,2,82.68
18,204,208,115,10,2,82.5807
18,204,208,116,10,2,82.9027
18,204,208,117,10,2,83.275
18,204,208,118,10,2,83.6856
18,204,208,119,10,2,84.1099
18,204,208,120,10,2,84.4745
18,204,208,121,10,2,84.8286
18,204,208,122,10,2,85.2354
18,204,208,123,10,2,85.7481
18,204,208,124,10,2,86.0542
18,204,208,125,10,2,86.4783
18,204,208,126,10,2,86.8867
18,204,208,127,10,2,87.3437
18,204,208,128,10,2,87.8064
18,204,208,129,10,2,88.2778
18,204,208,130,10,2,88.7723
18,203,208,101,10,2,72.41
18,203,208,102,10,2,73.76
18,203,208,103,10,2,74.48
18,203,208,104,10,2,75.32
18,203,208,105,10,2,76.43
18,203,208,106,10,2,77.25
18,203,208,107,10,2,77.5
18,203,208,108,10,2,77.66
18,203,208,109,10,2,77.91
18,203,208,110,10,2,78.59
18,203,208,111,10,2,79.63
18,203,208,112,10,2,80.77
18,203,208,113,10,2,82.16
18,203,208,114,10,2,82.68
18,203,208,115,10,2,84.04
18,203,208,116,10,2,84.9059
18,203,208,117,10,2,85.7246
18,203,208,118,10,2,86.5937
18,203,208,119,10,2,87.3729
18,203,208,120,10,2,88.1489
18,203,208,121,10,2,88.8857
18,203,208,122,10,2,89.5936
18,203,208,123,10,2,90.33
18,203,208,124,10,2,90.9567
18,203,208,125,10,2,91.6595
18,203,208,126,10,2,92.3444
18,203,208,127,10,2,92.9815
18,203,208,128,10,2,93.7863
18,203,208,129,10,2,94.4052
18,203,208,130,10,2,95.1544
18,207,208,101,10,2,72.41
18,207,208,102,10,2,73.76
18,207,208,103,10,2,74.48
18,207,208,104,10,2,75.32
18,207,208,105,10,2,76.43
18,207,208,106,10,2,77.25
18,207,208,107,10,2,77.5
18,207,208,108,10,2,77.66
18,207,208,109,10,2,77.91
18,207,208,110,10,2,78.59
18,207,208,111,10,2,79.63
18,207,208,112,10,2,80.77
18,207,208,113,10,2,82.16
18,207,208,114,10,2,82.68
18,207,208,115,10,2,82.2921
18,207,208,116,10,2,82.447
18,207,208,117,10,2,82.5177
18,207,208,118,10,2,82.8129
18,207,208,119,10,2,83.3268
18,207,208,120,10,2,83.6333
18,207,208,121,10,2,83.9298
18,207,208,122,10,2,84.3513
18,207,208,123,10,2,84.3449
18,207,208,124,10,2,84.7925
18,207,208,125,10,2,84.902
18,207,208,126,10,2,85.4868
18,207,208,127,10,2,85.9588
18,207,208,128,10,2,86.1509
18,207,208,129,10,2,86.4062
18,207,208,130,10,2,86.9773
18,206,208,101,10,2,72.41
18,206,208,102,10,2,73.76
18,206,208,103,10,2,74.48
18,206,208,104,10,2,75.32
18,206,208,105,10,2,76.43
18,206,208,106,10,2,77.25
18,206,208,107,10,2,77.5
18,206,208,108,10,2,77.66
18,206,208,109,10,2,77.91
18,206,208,110,10,2,78.59
18,206,208,111,10,2,79.63
18,206,208,112,10,2,80.77
18,206,208,113,10,2,82.16
18,206,208,114,10,2,82.68
18,206,208,115,10,2,84.4344
18,206,208,116,10,2,85.4168
18,206,208,117,10,2,86.3537
18,206,208,118,10,2,87.2652
18,206,208,119,10,2,88.0662
18,206,208,120,10,2,89.0331
18,206,208,121,10,2,89.7412
18,206,208,122,10,2,90.6779
18,206,208,123,10,2,91.4171
18,206,208,124,10,2,92.2477
18,206,208,125,10,2,93.1873
18,206,208,126,10,2,93.8135
18,206,208,127,10,2,94.4976
18,206,208,128,10,2,95.3728
18,206,208,129,10,2,96.0789
18,206,208,130,10,2,96.9078
18,8,208,101,10,2,72.41
18,8,208,102,10,2,73.76
18,8,208,103,10,2,74.48
18,8,208,104,10,2,75.32
18,8,208,105,10,2,76.43
18,8,208,106,10,2,77.25
18,8,208,107,10,2,77.5
18,8,208,108,10,2,77.66
18,8,208,109,10,2,77.91
18,8,208,110,10,2,78.59
18,8,208,111,10,2,79.63
18,8,208,112,10,2,80.77
18,8,208,113,10,2,82.16
18,8,208,114,10,2,82.68
18,8,208,115,10,2,82.68
18,8,208,116,10,2,82.68
18,8,208,117,10,2,82.68
18,8,208,118,10,2,82.68
18,8,208,119,10,2,82.68
18,8,208,120,10,2,82.68
18,8,208,121,10,2,82.68
18,8,208,122,10,2,82.68
18,8,208,123,10,2,82.68
18,8,208,124,10,2,82.68
18,8,208,125,10,2,82.68
18,8,208,126,10,2,82.68
18,8,208,127,10,2,82.68
18,8,208,128,10,2,82.68
18,8,208,129,10,2,82.68
18,8,208,130,10,2,82.68
18,202,233,101,10,2,65.5
18,202,233,102,10,2,70.46
18,202,233,103,10,2,72.98
18,202,233,104,10,2,74.13
18,202,233,105,10,2,74.46
18,202,233,106,10,2,74.21
18,202,233,107,10,2,74.19
18,202,233,108,10,2,74.66
18,202,233,109,10,2,74.14
18,202,233,110,10,2,75.33
18,202,233,111,10,2,77.08
18,202,233,112,10,2,79.03
18,202,233,113,10,2,81.23
18,202,233,114,10,2,82.49
18,202,233,115,10,2,83.011
18,202,233,116,10,2,83.6683
18,202,233,117,10,2,84.2332
18,202,233,118,10,2,84.876
18,202,233,119,10,2,85.4051
18,202,233,120,10,2,85.9681
18,202,233,121,10,2,86.5356
18,202,233,122,10,2,87.1099
18,202,233,123,10,2,87.7095
18,202,233,124,10,2,88.2682
18,202,233,125,10,2,88.8736
18,202,233,126,10,2,89.3724
18,202,233,127,10,2,89.9023
18,202,233,128,10,2,90.4122
18,202,233,129,10,2,90.9961
18,202,233,130,10,2,91.6306
18,204,233,101,10,2,65.5
18,204,233,102,10,2,70.46
18,204,233,103,10,2,72.98
18,204,233,104,10,2,74.13
18,204,233,105,10,2,74.46
18,204,233,106,10,2,74.21
18,204,233,107,10,2,74.19
18,204,233,108,10,2,74.66
18,204,233,109,10,2,74.14
18,204,233,110,10,2,75.33
18,204,233,111,10,2,77.08
18,204,233,112,10,2,79.03
18,204,233,113,10,2,81.23
18,204,233,114,10,2,82.49
18,204,233,115,10,2,82.3218
18,204,233,116,10,2,82.5609
18,204,233,117,10,2,82.9388
18,204,233,118,10,2,83.2751
18,204,233,119,10,2,83.7681
18,204,233,120,10,2,84.2256
18,204,233,121,10,2,84.6201
18,204,233,122,10,2,84.993
18,204,233,123,10,2,85.3867
18,204,233,124,10,2,85.9398
18,204,233,125,10,2,86.3592
18,204,233,126,10,2,86.8006
18,204,233,127,10,2,87.1932
18,204,233,128,10,2,87.6182
18,204,233,129,10,2,87.9389
18,204,233,130,10,2,88.289
18,203,233,101,10,2,65.5
18,203,233,102,10,2,70.46
18,203,233,103,10,2,72.98
18,203,233,104,10,2,74.13
18,203,233,105,10,2,74.46
18,203,233,106,10,2,74.21
18,203,233,107,10,2,74.19
18,203,233,108,10,2,74.66
18,203,233,109,10,2,74.14
18,203,233,110,10,2,75.33
18,203,233,111,10,2,77.08
18,203,233,112,10,2,79.03
18,203,233,113,10,2,81.23
18,203,233,114,10,2,82.49
18,203,233,115,10,2,83.7984
18,203,233,116,10,2,84.6419
18,203,233,117,10,2,85.454
18,203,233,118,10,2,86.1753
18,203,233,119,10,2,86.8899
18,203,233,120,10,2,87.6349
18,203,233,121,10,2,88.3471
18,203,233,122,10,2,88.9768
18,203,233,123,10,2,89.6992
18,203,233,124,10,2,90.4294
18,203,233,125,10,2,91.0942
18,203,233,126,10,2,91.7935
18,203,233,127,10,2,92.4181
18,203,233,128,10,2,93.0247
18,203,233,129,10,2,93.7071
18,203,233,130,10,2,94.4758
18,207,233,101,10,2,65.5
18,207,233,102,10,2,70.46
18,207,233,103,10,2,72.98
18,207,233,104,10,2,74.13
18,207,233,105,10,2,74.46
18,207,233,106,10,2,74.21
18,207,233,107,10,2,74.19
18,207,233,108,10,2,74.66
18,207,233,109,10,2,74.14
18,207,233,110,10,2,75.33
18,207,233,111,10,2,77.08
18,207,233,112,10,2,79.03
18,207,233,113,10,2,81.23
18,207,233,114,10,2,82.49
18,207,233,115,10,2,81.9495
18,207,233,116,10,2,82.0466
18,207,233,117,10,2,82.2232
18,207,233,118,10,2,82.4059
18,207,233,119,10,2,82.8282
18,207,233,120,10,2,83.1629
18,207,233,121,10,2,83.4939
18,207,233,122,10,2,83.7831
18,207,233,123,10,2,84.134
18,207,233,124,10,2,84.5584
18,207,233,125,10,2,84.7328
18,207,233,126,10,2,85.2458
18,207,233,127,10,2,85.5253
18,207,233,128,10,2,85.8564
18,207,233,129,10,2,86.1007
18,207,233,130,10,2,86.4607
18,206,233,101,10,2,65.5
18,206,233,102,10,2,70.46
18,206,233,103,10,2,72.98
18,206,233,104,10,2,74.13
18,206,233,105,10,2,74.46
18,206,233,106,10,2,74.21
18,206,233,107,10,2,74.19
18,206,233,108,10,2,74.66
18,206,233,109,10,2,74.14
18,206,233,110,10,2,75.33
18,206,233,111,10,2,77.08
18,206,233,112,10,2,79.03
18,206,233,113,10,2,81.23
18,206,233,114,10,2,82.49
18,206,233,115,10,2,84.2427
18,206,233,116,10,2,85.0982
18,206,233,117,10,2,86.047
18,206,233,118,10,2,86.8647
18,206,233,119,10,2,87.644
18,206,233,120,10,2,88.5777
18,206,233,121,10,2,89.1383
18,206,233,122,10,2,89.816
18,206,233,123,10,2,90.6352
18,206,233,124,10,2,91.5213
18,206,233,125,10,2,92.3593
18,206,233,126,10,2,93.1338
18,206,233,127,10,2,93.783
18,206,233,128,10,2,94.5439
18,206,233,129,10,2,95.3246
18,206,233,130,10,2,96.2035
18,8,233,101,10,2,65.5
18,8,233,102,10,2,70.46
18,8,233,103,10,2,72.98
18,8,233,104,10,2,74.13
18,8,233,105,10,2,74.46
18,8,233,106,10,2,74.21
18,8,233,107,10,2,74.19
18,8,233,108,10,2,74.66
18,8,233,109,10,2,74.14
18,8,233,110,10,2,75.33
18,8,233,111,10,2,77.08
18,8,233,112,10,2,79.03
18,8,233,113,10,2,81.23
18,8,233,114,10,2,82.49
18,8,233,115,10,2,82.49
18,8,233,116,10,2,82.49
18,8,233,117,10,2,82.49
18,8,233,118,10,2,82.49
18,8,233,119,10,2,82.49
18,8,233,120,10,2,82.49
18,8,233,121,10,2,82.49
18,8,233,122,10,2,82.49
18,8,233,123,10,2,82.49
18,8,233,124,10,2,82.49
18,8,233,125,10,2,82.49
18,8,233,126,10,2,82.49
18,8,233,127,10,2,82.49
18,8,233,128,10,2,82.49
18,8,233,129,10,2,82.49
18,8,233,130,10,2,82.49
18,202,246,101,10,2,69.59
18,202,246,102,10,2,71.43
18,202,246,103,10,2,72.55
18,202,246,104,10,2,73.5
18,202,246,105,10,2,75.15
18,202,246,106,10,2,77.04
18,202,246,107,10,2,78.39
18,202,246,108,10,2,78.75
18,202,246,109,10,2,79.58
18,202,246,110,10,2,80.7
18,202,246,111,10,2,81.74
18,202,246,112,10,2,82.91
18,202,246,113,10,2,83.67
18,202,246,114,10,2,84.52
18,202,246,115,10,2,85.1791
18,202,246,116,10,2,85.8052
18,202,246,117,10,2,86.39
18,202,246,118,10,2,86.9959
18,202,246,119,10,2,87.6252
18,202,246,120,10,2,88.2623
18,202,246,121,10,2,88.8364
18,202,246,122,10,2,89.4385
18,202,246,123,10,2,90.1146
18,202,246,124,10,2,90.6446
18,202,246,125,10,2,91.241
18,202,246,126,10,2,91.8285
18,202,246,127,10,2,92.3237
18,202,246,128,10,2,92.8967
18,202,246,129,10,2,93.4658
18,202,246,130,10,2,94.0192
18,204,246,101,10,2,69.59
18,204,246,102,10,2,71.43
18,204,246,103,10,2,72.55
18,204,246,104,10,2,73.5
18,204,246,105,10,2,75.15
18,204,246,106,10,2,77.04
18,204,246,107,10,2,78.39
18,204,246,108,10,2,78.75
18,204,246,109,10,2,79.58
18,204,246,110,10,2,80.7
18,204,246,111,10,2,81.74
18,204,246,112,10,2,82.91
18,204,246,113,10,2,83.67
18,204,246,114,10,2,84.52
18,204,246,115,10,2,84.4551
18,204,246,116,10,2,84.8398
18,204,246,117,10,2,85.2549
18,204,246,118,10,2,85.6522
18,204,246,119,10,2,86.0633
18,204,246,120,10,2,86.4967
18,204,246,121,10,2,86.9649
18,204,246,122,10,2,87.5249
18,204,246,123,10,2,87.9676
18,204,246,124,10,2,88.4294
18,204,246,125,10,2,88.8909
18,204,246,126,10,2,89.1796
18,204,246,127,10,2,89.6011
18,204,246,128,10,2,90.046
18,204,246,129,10,2,90.6158
18,204,246,130,10,2,91.0724
18,203,246,101,10,2,69.59
18,203,246,102,10,2,71.43
18,203,246,103,10,2,72.55
18,203,246,104,10,2,73.5
18,203,246,105,10,2,75.15
18,203,246,106,10,2,77.04
18,203,246,107,10,2,78.39
18,203,246,108,10,2,78.75
18,203,246,109,10,2,79.58
18,203,246,110,10,2,80.7
18,203,246,111,10,2,81.74
18,203,246,112,10,2,82.91
18,203,246,113,10,2,83.67
18,203,246,114,10,2,84.52
18,203,246,115,10,2,85.8672
18,203,246,116,10,2,86.7365
18,203,246,117,10,2,87.6571
18,203,246,118,10,2,88.4337
18,203,246,119,10,2,89.1918
18,203,246,120,10,2,90.0127
18,203,246,121,10,2,90.7455
18,203,246,122,10,2,91.5397
18,203,246,123,10,2,92.1818
18,203,246,124,10,2,92.8381
18,203,246,125,10,2,93.5967
18,203,246,126,10,2,94.3991
18,203,246,127,10,2,95.037
18,203,246,128,10,2,95.7958
18,203,246,129,10,2,96.4871
18,203,246,130,10,2,97.061
18,207,246,101,10,2,69.59
18,207,246,102,10,2,71.43
18,207,246,103,10,2,72.55
18,207,246,104,10,2,73.5
18,207,246,105,10,2,75.15
18,207,246,106,10,2,77.04
18,207,246,107,10,2,78.39
18,207,246,108,10,2,78.75
18,207,246,109,10,2,79.58
18,207,246,110,10,2,80.7
18,207,246,111,10,2,81.74
18,207,246,112,10,2,82.91
18,207,246,113,10,2,83.67
18,207,246,114,10,2,84.52
18,207,246,115,10,2,84.1466
18,207,246,116,10,2,84.33
18,207,246,117,10,2,84.5802
18,207,246,118,10,2,84.9664
18,207,246,119,10,2,85.2842
18,207,246,120,10,2,85.6772
18,207,246,121,10,2,86.2209
18,207,246,122,10,2,86.4192
18,207,246,123,10,2,86.7407
18,207,246,124,10,2,87.0614
18,207,246,125,10,2,87.3039
18,207,246,126,10,2,87.8764
18,207,246,127,10,2,88.1025
18,207,246,128,10,2,88.5536
18,207,246,129,10,2,88.9369
18,207,246,130,10,2,89.2721
18,206,246,101,10,2,69.59
18,206,246,102,10,2,71.43
18,206,246,103,10,2,72.55
18,206,246,104,10,2,73.5
18,206,246,105,10,2,75.15
18,206,246,106,10,2,77.04
18,206,246,107,10,2,78.39
18,206,246,108,10,2,78.75
18,206,246,109,10,2,79.58
18,206,246,110,10,2,80.7
18,206,246,111,10,2,81.74
18,206,246,112,10,2,82.91
18,206,246,113,10,2,83.67
18,206,246,114,10,2,84.52
18,206,246,115,10,2,86.2607
18,206,246,116,10,2,87.3653
18,206,246,117,10,2,88.3029
18,206,246,118,10,2,89.0394
18,206,246,119,10,2,89.9222
18,206,246,120,10,2,90.8347
18,206,246,121,10,2,91.6838
18,206,246,122,10,2,92.4167
18,206,246,123,10,2,93.2147
18,206,246,124,10,2,93.9732
18,206,246,125,10,2,94.749
18,206,246,126,10,2,95.5091
18,206,246,127,10,2,96.1945
18,206,246,128,10,2,97.1037
18,206,246,129,10,2,97.9217
18,206,246,130,10,2,98.6499
18,8,246,101,10,2,69.59
18,8,246,102,10,2,71.43
18,8,246,103,10,2,72.55
18,8,246,104,10,2,73.5
18,8,246,105,10,2,75.15
18,8,246,106,10,2,77.04
18,8,246,107,10,2,78.39
18,8,246,108,10,2,78.75
18,8,246,109,10,2,79.58
18,8,246,110,10,2,80.7
18,8,246,111,10,2,81.74
18,8,246,112,10,2,82.91
18,8,246,113,10,2,83.67
18,8,246,114,10,2,84.52
18,8,246,115,10,2,84.52
18,8,246,116,10,2,84.52
18,8,246,117,10,2,84.52
18,8,246,118,10,2,84.52
18,8,246,119,10,2,84.52
18,8,246,120,10,2,84.52
18,8,246,121,10,2,84.52
18,8,246,122,10,2,84.52
18,8,246,123,10,2,84.52
18,8,246,124,10,2,84.52
18,8,246,125,10,2,84.52
18,8,246,126,10,2,84.52
18,8,246,127,10,2,84.52
18,8,246,128,10,2,84.52
18,8,246,129,10,2,84.52
18,8,246,130,10,2,84.52
18,202,352,101,10,2,74.46
18,202,352,102,10,2,75.38
18,202,352,103,10,2,76.15
18,202,352,104,10,2,76.48
18,202,352,105,10,2,77.29
18,202,352,106,10,2,79.41
18,202,352,107,10,2,79.94
18,202,352,108,10,2,80.15
18,202,352,109,10,2,80.84
18,202,352,110,10,2,81.27
18,202,352,111,10,2,82.59
18,202,352,112,10,2,83.2
18,202,352,113,10,2,83.78
18,202,352,114,10,2,84.31
18,202,352,115,10,2,84.9441
18,202,352,116,10,2,85.5938
18,202,352,117,10,2,86.1658
18,202,352,118,10,2,86.7734
18,202,352,119,10,2,87.3456
18,202,352,120,10,2,87.9947
18,202,352,121,10,2,88.6109
18,202,352,122,10,2,89.1987
18,202,352,123,10,2,89.6698
18,202,352,124,10,2,90.2746
18,202,352,125,10,2,90.8443
18,202,352,126,10,2,91.4331
18,202,352,127,10,2,92.0314
18,202,352,128,10,2,92.5757
18,202,352,129,10,2,93.0876
18,202,352,130,10,2,93.6539
18,204,352,101,10,2,74.46
18,204,352,102,10,2,75.38
18,204,352,103,10,2,76.15
18,204,352,104,10,2,76.48
18,204,352,105,10,2,77.29
18,204,352,106,10,2,79.41
18,204,352,107,10,2,79.94
18,204,352,108,10,2,80.15
18,204,352,109,10,2,80.84
18,204,352,110,10,2,81.27
18,204,352,111,10,2,82.59
18,204,352,112,10,2,83.2
18,204,352,113,10,2,83.78
18,204,352,114,10,2,84.31
18,204,352,115,10,2,84.2438
18,204,352,116,10,2,84.5638
18,204,352,117,10,2,84.9411
18,204,352,118,10,2,85.3727
18,204,352,119,10,2,85.7814
18,204,352,120,10,2,86.1907
18,204,352,121,10,2,86.5968
18,204,352,122,10,2,87.1089
18,204,352,123,10,2,87.5714
18,204,352,124,10,2,88.0538
18,204,352,125,10,2,88.3984
18,204,352,126,10,2,88.819
18,204,352,127,10,2,89.2912
18,204,352,128,10,2,89.6514
18,204,352,129,10,2,90.1155
18,204,352,130,10,2,90.6217
18,203,352,101,10,2,74.46
18,203,352,102,10,2,75.38
18,203,352,103,10,2,76.15
18,203,352,104,10,2,76.48
18,203,352,105,10,2,77.29
18,203,352,106,10,2,79.41
18,203,352,107,10,2,79.94
18,203,352,108,10,2,80.15
18,203,352,109,10,2,80.84
18,203,352,110,10,2,81.27
18,203,352,111,10,2,82.59
18,203,352,112,10,2,83.2
18,203,352,113,10,2,83.78
18,203,352,114,10,2,84.31
18,203,352,115,10,2,85.6785
18,203,352,116,10,2,86.5923
18,203,352,117,10,2,87.3981
18,203,352,118,10,2,88.2248
18,203,352,119,10,2,88.9691
18,203,352,120,10,2,89.6706
18,203,352,121,10,2,90.4381
18,203,352,122,10,2,91.2067
18,203,352,123,10,2,91.8929
18,203,352,124,10,2,92.6529
18,203,352,125,10,2,93.3054
18,203,352,126,10,2,93.9958
18,203,352,127,10,2,94.7551
18,203,352,128,10,2,95.3902
18,203,352,129,10,2,96.0778
18,203,352,130,10,2,96.7995
18,207,352,101,10,2,74.46
18,207,352,102,10,2,75.38
18,207,352,103,10,2,76.15
18,207,352,104,10,2,76.48
18,207,352,105,10,2,77.29
18,207,352,106,10,2,79.41
18,207,352,107,10,2,79.94
18,207,352,108,10,2,80.15
18,207,352,109,10,2,80.84
18,207,352,110,10,2,81.27
18,207,352,111,10,2,82.59
18,207,352,112,10,2,83.2
18,207,352,113,10,2,83.78
18,207,352,114,10,2,84.31
18,207,352,115,10,2,83.8914
18,207,352,116,10,2,84.0607
18,207,352,117,10,2,84.3327
18,207,352,118,10,2,84.5767
18,207,352,119,10,2,84.8895
18,207,352,120,10,2,85.4054
18,207,352,121,10,2,85.5969
18,207,352,122,10,2,85.8466
18,207,352,123,10,2,86.2971
18,207,352,124,10,2,86.5713
18,207,352,125,10,2,87.043
18,207,352,126,10,2,87.4277
18,207,352,127,10,2,87.7345
18,207,352,128,10,2,88.115
18,207,352,129,10,2,88.3019
18,207,352,130,10,2,88.6808
18,206,352,101,10,2,74.46
18,206,352,102,10,2,75.38
18,206,352,103,10,2,76.15
18,206,352,104,10,2,76.48
18,206,352,105,10,2,77.29
18,206,352,106,10,2,79.41
18,206,352,107,10,2,79.94
18,206,352,108,10,2,80.15
18,206,352,109,10,2,80.84
18,206,352,110,10,2,81.27
18,206,352,111,10,2,82.59
18,206,352,112,10,2,83.2
18,206,352,113,10,2,83.78
18,206,352,114,10,2,84.31
18,206,352,115,10,2,86.0011
18,206,352,116,10,2,87.0321
18,206,352,117,10,2,88.0149
18,206,352,118,10,2,88.8206
18,206,352,119,10,2,89.7703
18,206,352,120,10,2,90.4428
18,206,352,121,10,2,91.3822
18,206,352,122,10,2,92.196
18,206,352,123,10,2,92.8954
18,206,352,124,10,2,93.8203
18,206,352,125,10,2,94.5333
18,206,352,126,10,2,95.2356
18,206,352,127,10,2,95.9493
18,206,352,128,10,2,96.7689
18,206,352,129,10,2,97.5611
18,206,352,130,10,2,98.3166
18,8,352,101,10,2,74.46
18,8,352,102,10,2,75.38
18,8,352,103,10,2,76.15
18,8,352,104,10,2,76.48
18,8,352,105,10,2,77.29
18,8,352,106,10,2,79.41
18,8,352,107,10,2,79.94
18,8,352,108,10,2,80.15
18,8,352,109,10,2,80.84
18,8,352,110,10,2,81.27
18,8,352,111,10,2,82.59
18,8,352,112,10,2,83.2
18,8,352,113,10,2,83.78
18,8,352,114,10,2,84.31
18,8,352,115,10,2,84.31
18,8,352,116,10,2,84.31
18,8,352,117,10,2,84.31
18,8,352,118,10,2,84.31
18,8,352,119,10,2,84.31
18,8,352,120,10,2,84.31
18,8,352,121,10,2,84.31
18,8,352,122,10,2,84.31
18,8,352,123,10,2,84.31
18,8,352,124,10,2,84.31
18,8,352,125,10,2,84.31
18,8,352,126,10,2,84.31
18,8,352,127,10,2,84.31
18,8,352,128,10,2,84.31
18,8,352,129,10,2,84.31
18,8,352,130,10,2,84.31
18,202,372,101,10,2,68.33
18,202,372,102,10,2,70.94
18,202,372,103,10,2,72.2
18,202,372,104,10,2,73.08
18,202,372,105,10,2,73.87
18,202,372,106,10,2,74.81
18,202,372,107,10,2,76.14
18,202,372,108,10,2,77.15
18,202,372,109,10,2,78.2
18,202,372,110,10,2,78.82
18,202,372,111,10,2,80.38
18,202,372,112,10,2,81.99
18,202,372,113,10,2,82.51
18,202,372,114,10,2,83.7
18,202,372,115,10,2,84.3843
18,202,372,116,10,2,85.0054
18,202,372,117,10,2,85.6226
18,202,372,118,10,2,86.2746
18,202,372,119,10,2,86.9088
18,202,372,120,10,2,87.4774
18,202,372,121,10,2,88.0846
18,202,372,122,10,2,88.7317
18,202,372,123,10,2,89.3551
18,202,372,124,10,2,89.9317
18,202,372,125,10,2,90.526
18,202,372,126,10,2,91.1097
18,202,372,127,10,2,91.689
18,202,372,128,10,2,92.1065
18,202,372,129,10,2,92.7813
18,202,372,130,10,2,93.3568
18,204,372,101,10,2,68.33
18,204,372,102,10,2,70.94
18,204,372,103,10,2,72.2
18,204,372,104,10,2,73.08
18,204,372,105,10,2,73.87
18,204,372,106,10,2,74.81
18,204,372,107,10,2,76.14
18,204,372,108,10,2,77.15
18,204,372,109,10,2,78.2
18,204,372,110,10,2,78.82
18,204,372,111,10,2,80.38
18,204,372,112,10,2,81.99
18,204,372,113,10,2,82.51
18,204,372,114,10,2,83.7
18,204,372,115,10,2,83.6689
18,204,372,116,10,2,83.971
18,204,372,117,10,2,84.287
18,204,372,118,10,2,84.7759
18,204,372,119,10,2,85.3004
18,204,372,120,10,2,85.7103
18,204,372,121,10,2,86.2454
18,204,372,122,10,2,86.7589
18,204,372,123,10,2,87.1344
18,204,372,124,10,2,87.6498
18,204,372,125,10,2,88.064
18,204,372,126,10,2,88.5248
18,204,372,127,10,2,88.991
18,204,372,128,10,2,89.5426
18,204,372,129,10,2,89.9676
18,204,372,130,10,2,90.5113
18,203,372,101,10,2,68.33
18,203,372,102,10,2,70.94
18,203,372,103,10,2,72.2
18,203,372,104,10,2,73.08
18,203,372,105,10,2,73.87
18,203,372,106,10,2,74.81
18,203,372,107,10,2,76.14
18,203,372,108,10,2,77.15
18,203,372,109,10,2,78.2
18,203,372,110,10,2,78.82
18,203,372,111,10,2,80.38
18,203,372,112,10,2,81.99
18,203,372,113,10,2,82.51
18,203,372,114,10,2,83.7
18,203,372,115,10,2,85.057
18,203,372,116,10,2,86.0331
18,203,372,117,10,2,86.8341
18,203,372,118,10,2,87.598
18,203,372,119,10,2,88.4289
18,203,372,120,10,2,89.192
18,203,372,121,10,2,90.0284
18,203,372,122,10,2,90.7196
18,203,372,123,10,2,91.4864
18,203,372,124,10,2,92.2107
18,203,372,125,10,2,92.9993
18,203,372,126,10,2,93.702
18,203,372,127,10,2,94.4341
18,203,372,128,10,2,95.1207
18,203,372,129,10,2,95.7263
18,203,372,130,10,2,96.3901
18,207,372,101,10,2,68.33
18,207,372,102,10,2,70.94
18,207,372,103,10,2,72.2
18,207,372,104,10,2,73.08
18,207,372,105,10,2,73.87
18,207,372,106,10,2,74.81
18,207,372,107,10,2,76.14
18,207,372,108,10,2,77.15
18,207,372,109,10,2,78.2
18,207,372,110,10,2,78.82
18,207,372,111,10,2,80.38
18,207,372,112,10,2,81.99
18,207,372,113,10,2,82.51
18,207,372,114,10,2,83.7
18,207,372,115,10,2,83.2532
18,207,372,116,10,2,83.4848
18,207,372,117,10,2,83.7135
18,207,372,118,10,2,83.9898
18,207,372,119,10,2,84.507
18,207,372,120,10,2,84.8386
18,207,372,121,10,2,85.2662
18,207,372,122,10,2,85.7582
18,207,372,123,10,2,86.1854
18,207,372,124,10,2,86.5305
18,207,372,125,10,2,86.7913
18,207,372,126,10,2,87.316
18,207,372,127,10,2,87.7074
18,207,372,128,10,2,88.1324
18,207,372,129,10,2,88.6543
18,207,372,130,10,2,89.1811
18,206,372,101,10,2,68.33
18,206,372,102,10,2,70.94
18,206,372,103,10,2,72.2
18,206,372,104,10,2,73.08
18,206,372,105,10,2,73.87
18,206,372,106,10,2,74.81
18,206,372,107,10,2,76.14
18,206,372,108,10,2,77.15
18,206,372,109,10,2,78.2
18,206,372,110,10,2,78.82
18,206,372,111,10,2,80.38
18,206,372,112,10,2,81.99
18,206,372,113,10,2,82.51
18,206,372,114,10,2,83.7
18,206,372,115,10,2,85.5218
18,206,372,116,10,2,86.665
18,206,372,117,10,2,87.5757
18,206,372,118,10,2,88.4055
18,206,372,119,10,2,89.333
18,206,372,120,10,2,90.1291
18,206,372,121,10,2,91.0553
18,206,372,122,10,2,91.9216
18,206,372,123,10,2,92.7288
18,206,372,124,10,2,93.5189
18,206,372,125,10,2,94.1252
18,206,372,126,10,2,94.9967
18,206,372,127,10,2,95.7261
18,206,372,128,10,2,96.318
18,206,372,129,10,2,97.4083
18,206,372,130,10,2,97.9186
18,8,372,101,10,2,68.33
18,8,372,102,10,2,70.94
18,8,372,103,10,2,72.2
18,8,372,104,10,2,73.08
18,8,372,105,10,2,73.87
18,8,372,106,10,2,74.81
18,8,372,107,10,2,76.14
18,8,372,108,10,2,77.15
18,8,372,109,10,2,78.2
18,8,372,110,10,2,78.82
18,8,372,111,10,2,80.38
18,8,372,112,10,2,81.99
18,8,372,113,10,2,82.51
18,8,372,114,10,2,83.7
18,8,372,115,10,2,83.7
18,8,372,116,10,2,83.7
18,8,372,117,10,2,83.7
18,8,372,118,10,2,83.7
18,8,372,119,10,2,83.7
18,8,372,120,10,2,83.7
18,8,372,121,10,2,83.7
18,8,372,122,10,2,83.7
18,8,372,123,10,2,83.7
18,8,372,124,10,2,83.7
18,8,372,125,10,2,83.7
18,8,372,126,10,2,83.7
18,8,372,127,10,2,83.7
18,8,372,128,10,2,83.7
18,8,372,129,10,2,83.7
18,8,372,130,10,2,83.7
18,202,428,101,10,2,65.85
18,202,428,102,10,2,70.89
18,202,428,103,10,2,73.43
18,202,428,104,10,2,74.27
18,202,428,105,10,2,74.36
18,202,428,106,10,2,73.82
18,202,428,107,10,2,74.22
18,202,428,108,10,2,74.76
18,202,428,109,10,2,73.73
18,202,428,110,10,2,74.49
18,202,428,111,10,2,76.16
18,202,428,112,10,2,76.98
18,202,428,113,10,2,78.84
18,202,428,114,10,2,79.81
18,202,428,115,10,2,80.3635
18,202,428,116,10,2,80.9274
18,202,428,117,10,2,81.465
18,202,428,118,10,2,82.0227
18,202,428,119,10,2,82.5963
18,202,428,120,10,2,83.1012
18,202,428,121,10,2,83.6609
18,202,428,122,10,2,84.0724
18,202,428,123,10,2,84.5854
18,202,428,124,10,2,85.2043
18,202,428,125,10,2,85.6657
18,202,428,126,10,2,86.1385
18,202,428,127,10,2,86.6882
18,202,428,128,10,2,87.1776
18,202,428,129,10,2,87.6883
18,202,428,130,10,2,88.1496
18,204,428,101,10,2,65.85
18,204,428,102,10,2,70.89
18,204,428,103,10,2,73.43
18,204,428,104,10,2,74.27
18,204,428,105,10,2,74.36
18,204,428,106,10,2,73.82
18,204,428,107,10,2,74.22
18,204,428,108,10,2,74.76
18,204,428,109,10,2,73.73
18,204,428,110,10,2,74.49
18,204,428,111,10,2,76.16
18,204,428,112,10,2,76.98
18,204,428,113,10,2,78.84
18,204,428,114,10,2,79.81
18,204,428,115,10,2,79.54
18,204,428,116,10,2,79.7378
18,204,428,117,10,2,79.9112
18,204,428,118,10,2,80.2147
18,204,428,119,10,2,80.5352
18,204,428,120,10,2,80.975
18,204,428,121,10,2,81.2976
18,204,428,122,10,2,81.6162
18,204,428,123,10,2,81.9776
18,204,428,124,10,2,82.2258
18,204,428,125,10,2,82.5225
18,204,428,126,10,2,82.9841
18,204,428,127,10,2,83.2697
18,204,428,128,10,2,83.8354
18,204,428,129,10,2,84.1623
18,204,428,130,10,2,84.478
18,203,428,101,10,2,65.85
18,203,428,102,10,2,70.89
18,203,428,103,10,2,73.43
18,203,428,104,10,2,74.27
18,203,428,105,10,2,74.36
18,203,428,106,10,2,73.82
18,203,428,107,10,2,74.22
18,203,428,108,10,2,74.76
18,203,428,109,10,2,73.73
18,203,428,110,10,2,74.49
18,203,428,111,10,2,76.16
18,203,428,112,10,2,76.98
18,203,428,113,10,2,78.84
18,203,428,114,10,2,79.81
18,203,428,115,10,2,81.1437
18,203,428,116,10,2,82.0974
18,203,428,117,10,2,82.8888
18,203,428,118,10,2,83.6292
18,203,428,119,10,2,84.3827
18,203,428,120,10,2,85.0477
18,203,428,121,10,2,85.667
18,203,428,122,10,2,86.3602
18,203,428,123,10,2,86.8955
18,203,428,124,10,2,87.5935
18,203,428,125,10,2,88.1281
18,203,428,126,10,2,88.7777
18,203,428,127,10,2,89.3144
18,203,428,128,10,2,90.0265
18,203,428,129,10,2,90.7598
18,203,428,130,10,2,91.279
18,207,428,101,10,2,65.85
18,207,428,102,10,2,70.89
18,207,428,103,10,2,73.43
18,207,428,104,10,2,74.27
18,207,428,105,10,2,74.36
18,207,428,106,10,2,73.82
18,207,428,107,10,2,74.22
18,207,428,108,10,2,74.76
18,207,428,109,10,2,73.73
18,207,428,110,10,2,74.49
18,207,428,111,10,2,76.16
18,207,428,112,10,2,76.98
18,207,428,113,10,2,78.84
18,207,428,114,10,2,79.81
18,207,428,115,10,2,79.0923
18,207,428,116,10,2,79.1615
18,207,428,117,10,2,79.1231
18,207,428,118,10,2,79.3343
18,207,428,119,10,2,79.5972
18,207,428,120,10,2,79.7052
18,207,428,121,10,2,80.1065
18,207,428,122,10,2,80.1211
18,207,428,123,10,2,80.4964
18,207,428,124,10,2,80.6305
18,207,428,125,10,2,80.6317
18,207,428,126,10,2,81.1052
18,207,428,127,10,2,81.4643
18,207,428,128,10,2,81.5844
18,207,428,129,10,2,82.2017
18,207,428,130,10,2,82.3433
18,206,428,101,10,2,65.85
18,206,428,102,10,2,70.89
18,206,428,103,10,2,73.43
18,206,428,104,10,2,74.27
18,206,428,105,10,2,74.36
18,206,428,106,10,2,73.82
18,206,428,107,10,2,74.22
18,206,428,108,10,2,74.76
18,206,428,109,10,2,73.73
18,206,428,110,10,2,74.49
18,206,428,111,10,2,76.16
18,206,428,112,10,2,76.98
18,206,428,113,10,2,78.84
18,206,428,114,10,2,79.81
18,206,428,115,10,2,81.6522
18,206,428,116,10,2,82.6611
18,206,428,117,10,2,83.6247
18,206,428,118,10,2,84.5121
18,206,428,119,10,2,85.3029
18,206,428,120,10,2,85.938
18,206,428,121,10,2,86.6745
18,206,428,122,10,2,87.4624
18,206,428,123,10,2,88.0066
18,206,428,124,10,2,88.8569
18,206,428,125,10,2,89.5675
18,206,428,126,10,2,90.3381
18,206,428,127,10,2,91.0621
18,206,428,128,10,2,91.9615
18,206,428,129,10,2,92.4867
18,206,428,130,10,2,93.0664
18,8,428,101,10,2,65.85
18,8,428,102,10,2,70.89
18,8,428,103,10,2,73.43
18,8,428,104,10,2,74.27
18,8,428,105,10,2,74.36
18,8,428,106,10,2,73.82
18,8,428,107,10,2,74.22
18,8,428,108,10,2,74.76
18,8,428,109,10,2,73.73
18,8,428,110,10,2,74.49
18,8,428,111,10,2,76.16
18,8,428,112,10,2,76.98
18,8,428,113,10,2,78.84
18,8,428,114,10,2,79.81
18,8,428,115,10,2,79.81
18,8,428,116,10,2,79.81
18,8,428,117,10,2,79.81
18,8,428,118,10,2,79.81
18,8,428,119,10,2,79.81
18,8,428,120,10,2,79.81
18,8,428,121,10,2,79.81
18,8,428,122,10,2,79.81
18,8,428,123,10,2,79.81
18,8,428,124,10,2,79.81
18,8,428,125,10,2,79.81
18,8,428,126,10,2,79.81
18,8,428,127,10,2,79.81
18,8,428,128,10,2,79.81
18,8,428,129,10,2,79.81
18,8,428,130,10,2,79.81
18,202,440,101,10,2,64
18,202,440,102,10,2,69.95
18,202,440,103,10,2,73.01
18,202,440,104,10,2,74.75
18,202,440,105,10,2,75.31
18,202,440,106,10,2,75.34
18,202,440,107,10,2,75.51
18,202,440,108,10,2,75.94
18,202,440,109,10,2,75.33
18,202,440,110,10,2,76.09
18,202,440,111,10,2,77.54
18,202,440,112,10,2,77.8
18,202,440,113,10,2,79.33
18,202,440,114,10,2,81.14
18,202,440,115,10,2,81.6832
18,202,440,116,10,2,82.2673
18,202,440,117,10,2,82.7442
18,202,440,118,10,2,83.2856
18,202,440,119,10,2,83.8475
18,202,440,120,10,2,84.4143
18,202,440,121,10,2,84.8857
18,202,440,122,10,2,85.3703
18,202,440,123,10,2,85.8864
18,202,440,124,10,2,86.3604
18,202,440,125,10,2,86.9571
18,202,440,126,10,2,87.4437
18,202,440,127,10,2,87.996
18,202,440,128,10,2,88.3895
18,202,440,129,10,2,88.9434
18,202,440,130,10,2,89.4375
18,204,440,101,10,2,64
18,204,440,102,10,2,69.95
18,204,440,103,10,2,73.01
18,204,440,104,10,2,74.75
18,204,440,105,10,2,75.31
18,204,440,106,10,2,75.34
18,204,440,107,10,2,75.51
18,204,440,108,10,2,75.94
18,204,440,109,10,2,75.33
18,204,440,110,10,2,76.09
18,204,440,111,10,2,77.54
18,204,440,112,10,2,77.8
18,204,440,113,10,2,79.33
18,204,440,114,10,2,81.14
18,204,440,115,10,2,80.9248
18,204,440,116,10,2,81.1562
18,204,440,117,10,2,81.4347
18,204,440,118,10,2,81.7146
18,204,440,119,10,2,82.1218
18,204,440,120,10,2,82.5024
18,204,440,121,10,2,82.7304
18,204,440,122,10,2,83.1245
18,204,440,123,10,2,83.6013
18,204,440,124,10,2,83.9672
18,204,440,125,10,2,84.2301
18,204,440,126,10,2,84.664
18,204,440,127,10,2,85.0401
18,204,440,128,10,2,85.2646
18,204,440,129,10,2,85.673
18,204,440,130,10,2,85.9979
18,203,440,101,10,2,64
18,203,440,102,10,2,69.95
18,203,440,103,10,2,73.01
18,203,440,104,10,2,74.75
18,203,440,105,10,2,75.31
18,203,440,106,10,2,75.34
18,203,440,107,10,2,75.51
18,203,440,108,10,2,75.94
18,203,440,109,10,2,75.33
18,203,440,110,10,2,76.09
18,203,440,111,10,2,77.54
18,203,440,112,10,2,77.8
18,203,440,113,10,2,79.33
18,203,440,114,10,2,81.14
18,203,440,115,10,2,82.443
18,203,440,116,10,2,83.3186
18,203,440,117,10,2,84.1079
18,203,440,118,10,2,84.8031
18,203,440,119,10,2,85.4452
18,203,440,120,10,2,86.1644
18,203,440,121,10,2,86.783
18,203,440,122,10,2,87.5072
18,203,440,123,10,2,88.3006
18,203,440,124,10,2,88.9626
18,203,440,125,10,2,89.557
18,203,440,126,10,2,90.1888
18,203,440,127,10,2,90.9086
18,203,440,128,10,2,91.5263
18,203,440,129,10,2,92.1272
18,203,440,130,10,2,92.7033
18,207,440,101,10,2,64
18,207,440,102,10,2,69.95
18,207,440,103,10,2,73.01
18,207,440,104,10,2,74.75
18,207,440,105,10,2,75.31
18,207,440,106,10,2,75.34
18,207,440,107,10,2,75.51
18,207,440,108,10,2,75.94
18,207,440,109,10,2,75.33
18,207,440,110,10,2,76.09
18,207,440,111,10,2,77.54
18,207,440,112,10,2,77.8
18,207,440,113,10,2,79.33
18,207,440,114,10,2,81.14
18,207,440,115,10,2,80.5053
18,207,440,116,10,2,80.513
18,207,440,117,10,2,80.7536
18,207,440,118,10,2,80.9859
18,207,440,119,10,2,81.2613
18,207,440,120,10,2,81.4375
18,207,440,121,10,2,81.6555
18,207,440,122,10,2,81.9138
18,207,440,123,10,2,82.2712
18,207,440,124,10,2,82.5344
18,207,440,125,10,2,82.9203
18,207,440,126,10,2,83.2632
18,207,440,127,10,2,83.5868
18,207,440,128,10,2,83.7263
18,207,440,129,10,2,83.9353
18,207,440,130,10,2,84.1642
18,206,440,101,10,2,64
18,206,440,102,10,2,69.95
18,206,440,103,10,2,73.01
18,206,440,104,10,2,74.75
18,206,440,105,10,2,75.31
18,206,440,106,10,2,75.34
18,206,440,107,10,2,75.51
18,206,440,108,10,2,75.94
18,206,440,109,10,2,75.33
18,206,440,110,10,2,76.09
18,206,440,111,10,2,77.54
18,206,440,112,10,2,77.8
18,206,440,113,10,2,79.33
18,206,440,114,10,2,81.14
18,206,440,115,10,2,82.9482
18,206,440,116,10,2,83.8819
18,206,440,117,10,2,84.7498
18,206,440,118,10,2,85.5472
18,206,440,119,10,2,86.3631
18,206,440,120,10,2,87.1909
18,206,440,121,10,2,87.9533
18,206,440,122,10,2,88.6961
18,206,440,123,10,2,89.5499
18,206,440,124,10,2,90.1337
18,206,440,125,10,2,90.9315
18,206,440,126,10,2,91.5496
18,206,440,127,10,2,92.332
18,206,440,128,10,2,93.1316
18,206,440,129,10,2,94.0312
18,206,440,130,10,2,94.6222
18,8,440,101,10,2,64
18,8,440,102,10,2,69.95
18,8,440,103,10,2,73.01
18,8,440,104,10,2,74.75
18,8,440,105,10,2,75.31
18,8,440,106,10,2,75.34
18,8,440,107,10,2,75.51
18,8,440,108,10,2,75.94
18,8,440,109,10,2,75.33
18,8,440,110,10,2,76.09
18,8,440,111,10,2,77.54
18,8,440,112,10,2,77.8
18,8,440,113,10,2,79.33
18,8,440,114,10,2,81.14
18,8,440,115,10,2,81.14
18,8,440,116,10,2,81.14
18,8,440,117,10,2,81.14
18,8,440,118,10,2,81.14
18,8,440,119,10,2,81.14
18,8,440,120,10,2,81.14
18,8,440,121,10,2,81.14
18,8,440,122,10,2,81.14
18,8,440,123,10,2,81.14
18,8,440,124,10,2,81.14
18,8,440,125,10,2,81.14
18,8,440,126,10,2,81.14
18,8,440,127,10,2,81.14
18,8,440,128,10,2,81.14
18,8,440,129,10,2,81.14
18,8,440,130,10,2,81.14
18,202,578,101,10,2,74.6
18,202,578,102,10,2,75.59
18,202,578,103,10,2,75.96
18,202,578,104,10,2,76.8
18,202,578,105,10,2,77.64
18,202,578,106,10,2,78.58
18,202,578,107,10,2,79.45
18,202,578,108,10,2,79.67
18,202,578,109,10,2,80.32
18,202,578,110,10,2,81.1
18,202,578,111,10,2,81.82
18,202,578,112,10,2,82.83
18,202,578,113,10,2,83.63
18,202,578,114,10,2,84.2
18,202,578,115,10,2,84.7979
18,202,578,116,10,2,85.4159
18,202,578,117,10,2,85.9549
18,202,578,118,10,2,86.5378
18,202,578,119,10,2,87.1443
18,202,578,120,10,2,87.7269
18,202,578,121,10,2,88.2532
18,202,578,122,10,2,88.8587
18,202,578,123,10,2,89.4462
18,202,578,124,10,2,89.9479
18,202,578,125,10,2,90.5565
18,202,578,126,10,2,91.1347
18,202,578,127,10,2,91.6602
18,202,578,128,10,2,92.3115
18,202,578,129,10,2,92.7875
18,202,578,130,10,2,93.3073
18,204,578,101,10,2,74.6
18,204,578,102,10,2,75.59
18,204,578,103,10,2,75.96
18,204,578,104,10,2,76.8
18,204,578,105,10,2,77.64
18,204,578,106,10,2,78.58
18,204,578,107,10,2,79.45
18,204,578,108,10,2,79.67
18,204,578,109,10,2,80.32
18,204,578,110,10,2,81.1
18,204,578,111,10,2,81.82
18,204,578,112,10,2,82.83
18,204,578,113,10,2,83.63
18,204,578,114,10,2,84.2
18,204,578,115,10,2,84.1274
18,204,578,116,10,2,84.4375
18,204,578,117,10,2,84.8137
18,204,578,118,10,2,85.175
18,204,578,119,10,2,85.5084
18,204,578,120,10,2,85.9512
18,204,578,121,10,2,86.3331
18,204,578,122,10,2,86.7234
18,204,578,123,10,2,87.2606
18,204,578,124,10,2,87.5737
18,204,578,125,10,2,87.9931
18,204,578,126,10,2,88.4921
18,204,578,127,10,2,88.9159
18,204,578,128,10,2,89.389
18,204,578,129,10,2,89.8701
18,204,578,130,10,2,90.3432
18,203,578,101,10,2,74.6
18,203,578,102,10,2,75.59
18,203,578,103,10,2,75.96
18,203,578,104,10,2,76.8
18,203,578,105,10,2,77.64
18,203,578,106,10,2,78.58
18,203,578,107,10,2,79.45
18,203,578,108,10,2,79.67
18,203,578,109,10,2,80.32
18,203,578,110,10,2,81.1
18,203,578,111,10,2,81.82
18,203,578,112,10,2,82.83
18,203,578,113,10,2,83.63
18,203,578,114,10,2,84.2
18,203,578,115,10,2,85.5005
18,203,578,116,10,2,86.4042
18,203,578,117,10,2,87.2503
18,203,578,118,10,2,88.0297
18,203,578,119,10,2,88.7406
18,203,578,120,10,2,89.5112
18,203,578,121,10,2,90.2076
18,203,578,122,10,2,90.9154
18,203,578,123,10,2,91.6744
18,203,578,124,10,2,92.3123
18,203,578,125,10,2,93.1085
18,203,578,126,10,2,93.7642
18,203,578,127,10,2,94.4208
18,203,578,128,10,2,95.0501
18,203,578,129,10,2,95.7837
18,203,578,130,10,2,96.4841
18,207,578,101,10,2,74.6
18,207,578,102,10,2,75.59
18,207,578,103,10,2,75.96
18,207,578,104,10,2,76.8
18,207,578,105,10,2,77.64
18,207,578,106,10,2,78.58
18,207,578,107,10,2,79.45
18,207,578,108,10,2,79.67
18,207,578,109,10,2,80.32
18,207,578,110,10,2,81.1
18,207,578,111,10,2,81.82
18,207,578,112,10,2,82.83
18,207,578,113,10,2,83.63
18,207,578,114,10,2,84.2
18,207,578,115,10,2,83.7349
18,207,578,116,10,2,83.9005
18,207,578,117,10,2,84.1271
18,207,578,118,10,2,84.3682
18,207,578,119,10,2,84.47
18,207,578,120,10,2,84.841
18,207,578,121,10,2,85.2414
18,207,578,122,10,2,85.6559
18,207,578,123,10,2,86.1297
18,207,578,124,10,2,86.3949
18,207,578,125,10,2,86.4783
18,207,578,126,10,2,86.9639
18,207,578,127,10,2,87.1919
18,207,578,128,10,2,87.4354
18,207,578,129,10,2,87.8613
18,207,578,130,10,2,88.3124
18,206,578,101,10,2,74.6
18,206,578,102,10,2,75.59
18,206,578,103,10,2,75.96
18,206,578,104,10,2,76.8
18,206,578,105,10,2,77.64
18,206,578,106,10,2,78.58
18,206,578,107,10,2,79.45
18,206,578,108,10,2,79.67
18,206,578,109,10,2,80.32
18,206,578,110,10,2,81.1
18,206,578,111,10,2,81.82
18,206,578,112,10,2,82.83
18,206,578,113,10,2,83.63
18,206,578,114,10,2,84.2
18,206,578,115,10,2,85.8555
18,206,578,116,10,2,86.945
18,206,578,117,10,2,87.8786
18,206,578,118,10,2,88.7816
18,206,578,119,10,2,89.5875
18,206,578,120,10,2,90.3972
18,206,578,121,10,2,91.1684
18,206,578,122,10,2,91.9923
18,206,578,123,10,2,92.8409
18,206,578,124,10,2,93.5293
18,206,578,125,10,2,94.3431
18,206,578,126,10,2,95.0875
18,206,578,127,10,2,95.8284
18,206,578,128,10,2,96.5403
18,206,578,129,10,2,97.2625
18,206,578,130,10,2,98.0486
18,8,578,101,10,2,74.6
18,8,578,102,10,2,75.59
18,8,578,103,10,2,75.96
18,8,578,104,10,2,76.8
18,8,578,105,10,2,77.64
18,8,578,106,10,2,78.58
18,8,578,107,10,2,79.45
18,8,578,108,10,2,79.67
18,8,578,109,10,2,80.32
18,8,578,110,10,2,81.1
18,8,578,111,10,2,81.82
18,8,578,112,10,2,82.83
18,8,578,113,10,2,83.63
18,8,578,114,10,2,84.2
18,8,578,115,10,2,84.2
18,8,578,116,10,2,84.2
18,8,578,117,10,2,84.2
18,8,578,118,10,2,84.2
18,8,578,119,10,2,84.2
18,8,578,120,10,2,84.2
18,8,578,121,10,2,84.2
18,8,578,122,10,2,84.2
18,8,578,123,10,2,84.2
18,8,578,124,10,2,84.2
18,8,578,125,10,2,84.2
18,8,578,126,10,2,84.2
18,8,578,127,10,2,84.2
18,8,578,128,10,2,84.2
18,8,578,129,10,2,84.2
18,8,578,130,10,2,84.2
18,202,752,101,10,2,73.31
18,202,752,102,10,2,74.63
18,202,752,103,10,2,75.54
18,202,752,104,10,2,76.53
18,202,752,105,10,2,77.62
18,202,752,106,10,2,78.46
18,202,752,107,10,2,79.47
18,202,752,108,10,2,80.13
18,202,752,109,10,2,80.87
18,202,752,110,10,2,81.77
18,202,752,111,10,2,82.31
18,202,752,112,10,2,83.07
18,202,752,113,10,2,83.76
18,202,752,114,10,2,84.38
18,202,752,115,10,2,84.9919
18,202,752,116,10,2,85.6011
18,202,752,117,10,2,86.2352
18,202,752,118,10,2,86.8266
18,202,752,119,10,2,87.3986
18,202,752,120,10,2,87.9676
18,202,752,121,10,2,88.5801
18,202,752,122,10,2,89.1259
18,202,752,123,10,2,89.6734
18,202,752,124,10,2,90.3143
18,202,752,125,10,2,90.8628
18,202,752,126,10,2,91.4356
18,202,752,127,10,2,91.9213
18,202,752,128,10,2,92.4471
18,202,752,129,10,2,93.0161
18,202,752,130,10,2,93.5954
18,204,752,101,10,2,73.31
18,204,752,102,10,2,74.63
18,204,752,103,10,2,75.54
18,204,752,104,10,2,76.53
18,204,752,105,10,2,77.62
18,204,752,106,10,2,78.46
18,204,752,107,10,2,79.47
18,204,752,108,10,2,80.13
18,204,752,109,10,2,80.87
18,204,752,110,10,2,81.77
18,204,752,111,10,2,82.31
18,204,752,112,10,2,83.07
18,204,752,113,10,2,83.76
18,204,752,114,10,2,84.38
18,204,752,115,10,2,84.3174
18,204,752,116,10,2,84.6283
18,204,752,117,10,2,84.9629
18,204,752,118,10,2,85.4196
18,204,752,119,10,2,85.782
18,204,752,120,10,2,86.1634
18,204,752,121,10,2,86.6303
18,204,752,122,10,2,87.1091
18,204,752,123,10,2,87.5643
18,204,752,124,10,2,87.8454
18,204,752,125,10,2,88.2557
18,204,752,126,10,2,88.697
18,204,752,127,10,2,89.261
18,204,752,128,10,2,89.6761
18,204,752,129,10,2,89.9734
18,204,752,130,10,2,90.5054
18,203,752,101,10,2,73.31
18,203,752,102,10,2,74.63
18,203,752,103,10,2,75.54
18,203,752,104,10,2,76.53
18,203,752,105,10,2,77.62
18,203,752,106,10,2,78.46
18,203,752,107,10,2,79.47
18,203,752,108,10,2,80.13
18,203,752,109,10,2,80.87
18,203,752,110,10,2,81.77
18,203,752,111,10,2,82.31
18,203,752,112,10,2,83.07
18,203,752,113,10,2,83.76
18,203,752,114,10,2,84.38
18,203,752,115,10,2,85.6563
18,203,752,116,10,2,86.5
18,203,752,117,10,2,87.3423
18,203,752,118,10,2,88.1678
18,203,752,119,10,2,88.9252
18,203,752,120,10,2,89.6584
18,203,752,121,10,2,90.382
18,203,752,122,10,2,91.1609
18,203,752,123,10,2,91.8221
18,203,752,124,10,2,92.6855
18,203,752,125,10,2,93.2201
18,203,752,126,10,2,93.9803
18,203,752,127,10,2,94.6035
18,203,752,128,10,2,95.3408
18,203,752,129,10,2,95.9729
18,203,752,130,10,2,96.7789
18,207,752,101,10,2,73.31
18,207,752,102,10,2,74.63
18,207,752,103,10,2,75.54
18,207,752,104,10,2,76.53
18,207,752,105,10,2,77.62
18,207,752,106,10,2,78.46
18,207,752,107,10,2,79.47
18,207,752,108,10,2,80.13
18,207,752,109,10,2,80.87
18,207,752,110,10,2,81.77
18,207,752,111,10,2,82.31
18,207,752,112,10,2,83.07
18,207,752,113,10,2,83.76
18,207,752,114,10,2,84.38
18,207,752,115,10,2,84.002
18,207,752,116,10,2,84.0917
18,207,752,117,10,2,84.2683
18,207,752,118,10,2,84.5673
18,207,752,119,10,2,84.804
18,207,752,120,10,2,85.1871
18,207,752,121,10,2,85.5811
18,207,752,122,10,2,85.9867
18,207,752,123,10,2,86.4011
18,207,752,124,10,2,86.5595
18,207,752,125,10,2,87.0323
18,207,752,126,10,2,87.3621
18,207,752,127,10,2,87.8284
18,207,752,128,10,2,88.1996
18,207,752,129,10,2,88.4286
18,207,752,130,10,2,88.9612
18,206,752,101,10,2,73.31
18,206,752,102,10,2,74.63
18,206,752,103,10,2,75.54
18,206,752,104,10,2,76.53
18,206,752,105,10,2,77.62
18,206,752,106,10,2,78.46
18,206,752,107,10,2,79.47
18,206,752,108,10,2,80.13
18,206,752,109,10,2,80.87
18,206,752,110,10,2,81.77
18,206,752,111,10,2,82.31
18,206,752,112,10,2,83.07
18,206,752,113,10,2,83.76
18,206,752,114,10,2,84.38
18,206,752,115,10,2,85.9819
18,206,752,116,10,2,87.0192
18,206,752,117,10,2,87.8443
18,206,752,118,10,2,88.6979
18,206,752,119,10,2,89.5364
18,206,752,120,10,2,90.3582
18,206,752,121,10,2,91.2564
18,206,752,122,10,2,92.0808
18,206,752,123,10,2,92.7714
18,206,752,124,10,2,93.6765
18,206,752,125,10,2,94.4268
18,206,752,126,10,2,95.3155
18,206,752,127,10,2,95.9588
18,206,752,128,10,2,96.822
18,206,752,129,10,2,97.6347
18,206,752,130,10,2,98.259
18,8,752,101,10,2,73.31
18,8,752,102,10,2,74.63
18,8,752,103,10,2,75.54
18,8,752,104,10,2,76.53
18,8,752,105,10,2,77.62
18,8,752,106,10,2,78.46
18,8,752,107,10,2,79.47
18,8,752,108,10,2,80.13
18,8,752,109,10,2,80.87
18,8,752,110,10,2,81.77
18,8,752,111,10,2,82.31
18,8,752,112,10,2,83.07
18,8,752,113,10,2,83.76
18,8,752,114,10,2,84.38
18,8,752,115,10,2,84.38
18,8,752,116,10,2,84.38
18,8,752,117,10,2,84.38
18,8,752,118,10,2,84.38
18,8,752,119,10,2,84.38
18,8,752,120,10,2,84.38
18,8,752,121,10,2,84.38
18,8,752,122,10,2,84.38
18,8,752,123,10,2,84.38
18,8,752,124,10,2,84.38
18,8,752,125,10,2,84.38
18,8,752,126,10,2,84.38
18,8,752,127,10,2,84.38
18,8,752,128,10,2,84.38
18,8,752,129,10,2,84.38
18,8,752,130,10,2,84.38
18,202,826,101,10,2,71.94
18,202,826,102,10,2,73.36
18,202,826,103,10,2,73.98
18,202,826,104,10,2,74.77
18,202,826,105,10,2,75.29
18,202,826,106,10,2,76.04
18,202,826,107,10,2,77.11
18,202,826,108,10,2,77.94
18,202,826,109,10,2,78.9
18,202,826,110,10,2,79.63
18,202,826,111,10,2,80.64
18,202,826,112,10,2,81.75
18,202,826,113,10,2,82.73
18,202,826,114,10,2,82.9
18,202,826,115,10,2,83.4976
18,202,826,116,10,2,84.1117
18,202,826,117,10,2,84.7073
18,202,826,118,10,2,85.2867
18,202,826,119,10,2,85.903
18,202,826,120,10,2,86.4832
18,202,826,121,10,2,87.1155
18,202,826,122,10,2,87.7376
18,202,826,123,10,2,88.2146
18,202,826,124,10,2,88.7783
18,202,826,125,10,2,89.2783
18,202,826,126,10,2,89.9346
18,202,826,127,10,2,90.4571
18,202,826,128,10,2,90.9545
18,202,826,129,10,2,91.5354
18,202,826,130,10,2,92.0957
18,204,826,101,10,2,71.94
18,204,826,102,10,2,73.36
18,204,826,103,10,2,73.98
18,204,826,104,10,2,74.77
18,204,826,105,10,2,75.29
18,204,826,106,10,2,76.04
18,204,826,107,10,2,77.11
18,204,826,108,10,2,77.94
18,204,826,109,10,2,78.9
18,204,826,110,10,2,79.63
18,204,826,111,10,2,80.64
18,204,826,112,10,2,81.75
18,204,826,113,10,2,82.73
18,204,826,114,10,2,82.9
18,204,826,115,10,2,82.8185
18,204,826,116,10,2,83.1538
18,204,826,117,10,2,83.4484
18,204,826,118,10,2,83.9369
18,204,826,119,10,2,84.3264
18,204,826,120,10,2,84.7789
18,204,826,121,10,2,85.189
18,204,826,122,10,2,85.6263
18,204,826,123,10,2,86.0566
18,204,826,124,10,2,86.4703
18,204,826,125,10,2,86.8595
18,204,826,126,10,2,87.2618
18,204,826,127,10,2,87.6271
18,204,826,128,10,2,88.071
18,204,826,129,10,2,88.4996
18,204,826,130,10,2,89.032
18,203,826,101,10,2,71.94
18,203,826,102,10,2,73.36
18,203,826,103,10,2,73.98
18,203,826,104,10,2,74.77
18,203,826,105,10,2,75.29
18,203,826,106,10,2,76.04
18,203,826,107,10,2,77.11
18,203,826,108,10,2,77.94
18,203,826,109,10,2,78.9
18,203,826,110,10,2,79.63
18,203,826,111,10,2,80.64
18,203,826,112,10,2,81.75
18,203,826,113,10,2,82.73
18,203,826,114,10,2,82.9
18,203,826,115,10,2,84.2329
18,203,826,116,10,2,85.0979
18,203,826,117,10,2,85.8804
18,203,826,118,10,2,86.6865
18,203,826,119,10,2,87.494
18,203,826,120,10,2,88.2151
18,203,826,121,10,2,88.9039
18,203,826,122,10,2,89.6325
18,203,826,123,10,2,90.4536
18,203,826,124,10,2,91.0975
18,203,826,125,10,2,91.6776
18,203,826,126,10,2,92.3412
18,203,826,127,10,2,93.0666
18,203,826,128,10,2,93.608
18,203,826,129,10,2,94.3434
18,203,826,130,10,2,95.0897
18,207,826,101,10,2,71.94
18,207,826,102,10,2,73.36
18,207,826,103,10,2,73.98
18,207,826,104,10,2,74.77
18,207,826,105,10,2,75.29
18,207,826,106,10,2,76.04
18,207,826,107,10,2,77.11
18,207,826,108,10,2,77.94
18,207,826,109,10,2,78.9
18,207,826,110,10,2,79.63
18,207,826,111,10,2,80.64
18,207,826,112,10,2,81.75
18,207,826,113,10,2,82.73
18,207,826,114,10,2,82.9
18,207,826,115,10,2,82.4441
18,207,826,116,10,2,82.6204
18,207,826,117,10,2,82.8609
18,207,826,118,10,2,83.1604
18,207,826,119,10,2,83.5168
18,207,826,120,10,2,83.8786
18,207,826,121,10,2,84.2897
18,207,826,122,10,2,84.6984
18,207,826,123,10,2,84.9659
18,207,826,124,10,2,85.3907
18,207,826,125,10,2,85.6713
18,207,826,126,10,2,85.977
18,207,826,127,10,2,86.4232
18,207,826,128,10,2,86.5634
18,207,826,129,10,2,87.0036
18,207,826,130,10,2,87.1227
18,206,826,101,10,2,71.94
18,206,826,102,10,2,73.36
18,206,826,103,10,2,73.98
18,206,826,104,10,2,74.77
18,206,826,105,10,2,75.29
18,206,826,106,10,2,76.04
18,206,826,107,10,2,77.11
18,206,826,108,10,2,77.94
18,206,826,109,10,2,78.9
18,206,826,110,10,2,79.63
18,206,826,111,10,2,80.64
18,206,826,112,10,2,81.75
18,206,826,113,10,2,82.73
18,206,826,114,10,2,82.9
18,206,826,115,10,2,84.6387
18,206,826,116,10,2,85.4938
18,206,826,117,10,2,86.4933
18,206,826,118,10,2,87.3694
18,206,826,119,10,2,88.2426
18,206,826,120,10,2,89.1407
18,206,826,121,10,2,89.7824
18,206,826,122,10,2,90.5624
18,206,826,123,10,2,91.3919
18,206,826,124,10,2,92.11
18,206,826,125,10,2,92.9574
18,206,826,126,10,2,93.622
18,206,826,127,10,2,94.2418
18,206,826,128,10,2,95.0806
18,206,826,129,10,2,95.85
18,206,826,130,10,2,96.4472
18,8,826,101,10,2,71.94
18,8,826,102,10,2,73.36
18,8,826,103,10,2,73.98
18,8,826,104,10,2,74.77
18,8,826,105,10,2,75.29
18,8,826,106,10,2,76.04
18,8,826,107,10,2,77.11
18,8,826,108,10,2,77.94
18,8,826,109,10,2,78.9
18,8,826,110,10,2,79.63
18,8,826,111,10,2,80.64
18,8,826,112,10,2,81.75
18,8,826,113,10,2,82.73
18,8,826,114,10,2,82.9
18,8,826,115,10,2,82.9
18,8,826,116,10,2,82.9
18,8,826,117,10,2,82.9
18,8,826,118,10,2,82.9
18,8,826,119,10,2,82.9
18,8,826,120,10,2,82.9
18,8,826,121,10,2,82.9
18,8,826,122,10,2,82.9
18,8,826,123,10,2,82.9
18,8,826,124,10,2,82.9
18,8,826,125,10,2,82.9
18,8,826,126,10,2,82.9
18,8,826,127,10,2,82.9
18,8,826,128,10,2,82.9
18,8,826,129,10,2,82.9
18,8,826,130,10,2,82.9
18,202,8,101,10,2,56.1
18,202,8,102,10,2,60.1
18,202,8,103,10,2,66
18,202,8,104,10,2,67.4
18,202,8,105,10,2,69.5
18,202,8,106,10,2,71.2
18,202,8,107,10,2,73.01
18,202,8,108,10,2,75.01
18,202,8,109,10,2,74.86
18,202,8,110,10,2,76.1
18,202,8,111,10,2,77.75
18,202,8,112,10,2,78.54
18,202,8,113,10,2,79.96
18,202,8,114,10,2,80.1
18,202,8,115,10,2,80.7651
18,202,8,116,10,2,81.4466
18,202,8,117,10,2,82.061
18,202,8,118,10,2,82.7479
18,202,8,119,10,2,83.3936
18,202,8,120,10,2,83.9926
18,202,8,121,10,2,84.563
18,202,8,122,10,2,85.1585
18,202,8,123,10,2,85.7254
18,202,8,124,10,2,86.2624
18,202,8,125,10,2,86.8602
18,202,8,126,10,2,87.3272
18,202,8,127,10,2,87.94
18,202,8,128,10,2,88.4911
18,202,8,129,10,2,89.0237
18,202,8,130,10,2,89.6803
18,204,8,101,10,2,56.1
18,204,8,102,10,2,60.1
18,204,8,103,10,2,66
18,204,8,104,10,2,67.4
18,204,8,105,10,2,69.5
18,204,8,106,10,2,71.2
18,204,8,107,10,2,73.01
18,204,8,108,10,2,75.01
18,204,8,109,10,2,74.86
18,204,8,110,10,2,76.1
18,204,8,111,10,2,77.75
18,204,8,112,10,2,78.54
18,204,8,113,10,2,79.96
18,204,8,114,10,2,80.1
18,204,8,115,10,2,80.0068
18,204,8,116,10,2,80.3165
18,204,8,117,10,2,80.6805
18,204,8,118,10,2,81.076
18,204,8,119,10,2,81.5752
18,204,8,120,10,2,81.8599
18,204,8,121,10,2,82.4003
18,204,8,122,10,2,82.8813
18,204,8,123,10,2,83.2615
18,204,8,124,10,2,83.8027
18,204,8,125,10,2,84.202
18,204,8,126,10,2,84.6693
18,204,8,127,10,2,85.1722
18,204,8,128,10,2,85.6399
18,204,8,129,10,2,86.1316
18,204,8,130,10,2,86.5694
18,203,8,101,10,2,56.1
18,203,8,102,10,2,60.1
18,203,8,103,10,2,66
18,203,8,104,10,2,67.4
18,203,8,105,10,2,69.5
18,203,8,106,10,2,71.2
18,203,8,107,10,2,73.01
18,203,8,108,10,2,75.01
18,203,8,109,10,2,74.86
18,203,8,110,10,2,76.1
18,203,8,111,10,2,77.75
18,203,8,112,10,2,78.54
18,203,8,113,10,2,79.96
18,203,8,114,10,2,80.1
18,203,8,115,10,2,81.6419
18,203,8,116,10,2,82.6125
18,203,8,117,10,2,83.5211
18,203,8,118,10,2,84.3961
18,203,8,119,10,2,85.2316
18,203,8,120,10,2,86.0287
18,203,8,121,10,2,86.7624
18,203,8,122,10,2,87.4272
18,203,8,123,10,2,88.1501
18,203,8,124,10,2,88.9211
18,203,8,125,10,2,89.6118
18,203,8,126,10,2,90.2518
18,203,8,127,10,2,90.9329
18,203,8,128,10,2,91.5695
18,203,8,129,10,2,92.1452
18,203,8,130,10,2,92.8631
18,207,8,101,10,2,56.1
18,207,8,102,10,2,60.1
18,207,8,103,10,2,66
18,207,8,104,10,2,67.4
18,207,8,105,10,2,69.5
18,207,8,106,10,2,71.2
18,207,8,107,10,2,73.01
18,207,8,108,10,2,75.01
18,207,8,109,10,2,74.86
18,207,8,110,10,2,76.1
18,207,8,111,10,2,77.75
18,207,8,112,10,2,78.54
18,207,8,113,10,2,79.96
18,207,8,114,10,2,80.1
18,207,8,115,10,2,79.5044
18,207,8,116,10,2,79.6347
18,207,8,117,10,2,79.8702
18,207,8,118,10,2,80.2464
18,207,8,119,10,2,80.5129
18,207,8,120,10,2,80.8018
18,207,8,121,10,2,81.2453
18,207,8,122,10,2,81.8158
18,207,8,123,10,2,82.184
18,207,8,124,10,2,82.5449
18,207,8,125,10,2,82.9757
18,207,8,126,10,2,83.2107
18,207,8,127,10,2,83.5373
18,207,8,128,10,2,83.9819
18,207,8,129,10,2,84.2853
18,207,8,130,10,2,84.6156
18,206,8,101,10,2,56.1
18,206,8,102,10,2,60.1
18,206,8,103,10,2,66
18,206,8,104,10,2,67.4
18,206,8,105,10,2,69.5
18,206,8,106,10,2,71.2
18,206,8,107,10,2,73.01
18,206,8,108,10,2,75.01
18,206,8,109,10,2,74.86
18,206,8,110,10,2,76.1
18,206,8,111,10,2,77.75
18,206,8,112,10,2,78.54
18,206,8,113,10,2,79.96
18,206,8,114,10,2,80.1
18,206,8,115,10,2,82.0733
18,206,8,116,10,2,83.1452
18,206,8,117,10,2,84.1845
18,206,8,118,10,2,85.1337
18,206,8,119,10,2,86.0064
18,206,8,120,10,2,86.9677
18,206,8,121,10,2,87.877
18,206,8,122,10,2,88.7847
18,206,8,123,10,2,89.3665
18,206,8,124,10,2,90.0836
18,206,8,125,10,2,90.9219
18,206,8,126,10,2,91.8055
18,206,8,127,10,2,92.7207
18,206,8,128,10,2,93.3653
18,206,8,129,10,2,93.9281
18,206,8,130,10,2,94.5524
18,8,8,101,10,2,56.1
18,8,8,102,10,2,60.1
18,8,8,103,10,2,66
18,8,8,104,10,2,67.4
18,8,8,105,10,2,69.5
18,8,8,106,10,2,71.2
18,8,8,107,10,2,73.01
18,8,8,108,10,2,75.01
18,8,8,109,10,2,74.86
18,8,8,110,10,2,76.1
18,8,8,111,10,2,77.75
18,8,8,112,10,2,78.54
18,8,8,113,10,2,79.96
18,8,8,114,10,2,80.1
18,8,8,115,10,2,80.1
18,8,8,116,10,2,80.1
18,8,8,117,10,2,80.1
18,8,8,118,10,2,80.1
18,8,8,119,10,2,80.1
18,8,8,120,10,2,80.1
18,8,8,121,10,2,80.1
18,8,8,122,10,2,80.1
18,8,8,123,10,2,80.1
18,8,8,124,10,2,80.1
18,8,8,125,10,2,80.1
18,8,8,126,10,2,80.1
18,8,8,127,10,2,80.1
18,8,8,128,10,2,80.1
18,8,8,129,10,2,80.1
18,8,8,130,10,2,80.1
18,202,70,101,10,2,54.65
18,202,70,102,10,2,59.91
18,202,70,103,10,2,63.62
18,202,70,104,10,2,66.66
18,202,70,105,10,2,69.62
18,202,70,106,10,2,72.27
18,202,70,107,10,2,73.44
18,202,70,108,10,2,74.5
18,202,70,109,10,2,74.22
18,202,70,110,10,2,76.14
18,202,70,111,10,2,77.44
18,202,70,112,10,2,78.07
18,202,70,113,10,2,78.91
18,202,70,114,10,2,79.65
18,202,70,115,10,2,80.3558
18,202,70,116,10,2,81.051
18,202,70,117,10,2,81.6988
18,202,70,118,10,2,82.4062
18,202,70,119,10,2,83.0447
18,202,70,120,10,2,83.6709
18,202,70,121,10,2,84.2433
18,202,70,122,10,2,84.8328
18,202,70,123,10,2,85.4357
18,202,70,124,10,2,86.0233
18,202,70,125,10,2,86.6196
18,202,70,126,10,2,87.1472
18,202,70,127,10,2,87.7238
18,202,70,128,10,2,88.2306
18,202,70,129,10,2,88.8163
18,202,70,130,10,2,89.3793
18,204,70,101,10,2,54.65
18,204,70,102,10,2,59.91
18,204,70,103,10,2,63.62
18,204,70,104,10,2,66.66
18,204,70,105,10,2,69.62
18,204,70,106,10,2,72.27
18,204,70,107,10,2,73.44
18,204,70,108,10,2,74.5
18,204,70,109,10,2,74.22
18,204,70,110,10,2,76.14
18,204,70,111,10,2,77.44
18,204,70,112,10,2,78.07
18,204,70,113,10,2,78.91
18,204,70,114,10,2,79.65
18,204,70,115,10,2,79.5514
18,204,70,116,10,2,79.8492
18,204,70,117,10,2,80.2491
18,204,70,118,10,2,80.848
18,204,70,119,10,2,81.1941
18,204,70,120,10,2,81.6583
18,204,70,121,10,2,82.1202
18,204,70,122,10,2,82.543
18,204,70,123,10,2,82.9369
18,204,70,124,10,2,83.3462
18,204,70,125,10,2,83.9052
18,204,70,126,10,2,84.295
18,204,70,127,10,2,84.8281
18,204,70,128,10,2,85.2
18,204,70,129,10,2,85.6459
18,204,70,130,10,2,86.1658
18,203,70,101,10,2,54.65
18,203,70,102,10,2,59.91
18,203,70,103,10,2,63.62
18,203,70,104,10,2,66.66
18,203,70,105,10,2,69.62
18,203,70,106,10,2,72.27
18,203,70,107,10,2,73.44
18,203,70,108,10,2,74.5
18,203,70,109,10,2,74.22
18,203,70,110,10,2,76.14
18,203,70,111,10,2,77.44
18,203,70,112,10,2,78.07
18,203,70,113,10,2,78.91
18,203,70,114,10,2,79.65
18,203,70,115,10,2,81.1253
18,203,70,116,10,2,82.2316
18,203,70,117,10,2,83.0771
18,203,70,118,10,2,83.9502
18,203,70,119,10,2,84.7271
18,203,70,120,10,2,85.4994
18,203,70,121,10,2,86.3154
18,203,70,122,10,2,87.1274
18,203,70,123,10,2,87.9065
18,203,70,124,10,2,88.5268
18,203,70,125,10,2,89.1674
18,203,70,126,10,2,89.877
18,203,70,127,10,2,90.5334
18,203,70,128,10,2,91.299
18,203,70,129,10,2,91.9251
18,203,70,130,10,2,92.5748
18,207,70,101,10,2,54.65
18,207,70,102,10,2,59.91
18,207,70,103,10,2,63.62
18,207,70,104,10,2,66.66
18,207,70,105,10,2,69.62
18,207,70,106,10,2,72.27
18,207,70,107,10,2,73.44
18,207,70,108,10,2,74.5
18,207,70,109,10,2,74.22
18,207,70,110,10,2,76.14
18,207,70,111,10,2,77.44
18,207,70,112,10,2,78.07
18,207,70,113,10,2,78.91
18,207,70,114,10,2,79.65
18,207,70,115,10,2,79.0999
18,207,70,116,10,2,79.1162
18,207,70,117,10,2,79.488
18,207,70,118,10,2,79.8788
18,207,70,119,10,2,80.3161
18,207,70,120,10,2,80.6733
18,207,70,121,10,2,81.244
18,207,70,122,10,2,81.3797
18,207,70,123,10,2,81.815
18,207,70,124,10,2,82.0625
18,207,70,125,10,2,82.4073
18,207,70,126,10,2,82.6753
18,207,70,127,10,2,83.1798
18,207,70,128,10,2,83.441
18,207,70,129,10,2,83.8563
18,207,70,130,10,2,84.2756
18,206,70,101,10,2,54.65
18,206,70,102,10,2,59.91
18,206,70,103,10,2,63.62
18,206,70,104,10,2,66.66
18,206,70,105,10,2,69.62
18,206,70,106,10,2,72.27
18,206,70,107,10,2,73.44
18,206,70,108,10,2,74.5
18,206,70,109,10,2,74.22
18,206,70,110,10,2,76.14
18,206,70,111,10,2,77.44
18,206,70,112,10,2,78.07
18,206,70,113,10,2,78.91
18,206,70,114,10,2,79.65
18,206,70,115,10,2,81.5687
18,206,70,116,10,2,82.8008
18,206,70,117,10,2,83.7668
18,206,70,118,10,2,84.655
18,206,70,119,10,2,85.495
18,206,70,120,10,2,86.3967
18,206,70,121,10,2,87.2024
18,206,70,122,10,2,88.1372
18,206,70,123,10,2,88.9166
18,206,70,124,10,2,89.5982
18,206,70,125,10,2,90.4481
18,206,70,126,10,2,91.2244
18,206,70,127,10,2,91.9915
18,206,70,128,10,2,92.8116
18,206,70,129,10,2,93.5773
18,206,70,130,10,2,94.3003
18,8,70,101,10,2,54.65
18,8,70,102,10,2,59.91
18,8,70,103,10,2,63.62
18,8,70,104,10,2,66.66
18,8,70,105,10,2,69.62
18,8,70,106,10,2,72.27
18,8,70,107,10,2,73.44
18,8,70,108,10,2,74.5
18,8,70,109,10,2,74.22
18,8,70,110,10,2,76.14
18,8,70,111,10,2,77.44
18,8,70,112,10,2,78.07
18,8,70,113,10,2,78.91
18,8,70,114,10,2,79.65
18,8,70,115,10,2,79.65
18,8,70,116,10,2,79.65
18,8,70,117,10,2,79.65
18,8,70,118,10,2,79.65
18,8,70,119,10,2,79.65
18,8,70,120,10,2,79.65
18,8,70,121,10,2,79.65
18,8,70,122,10,2,79.65
18,8,70,123,10,2,79.65
18,8,70,124,10,2,79.65
18,8,70,125,10,2,79.65
18,8,70,126,10,2,79.65
18,8,70,127,10,2,79.65
18,8,70,128,10,2,79.65
18,8,70,129,10,2,79.65
18,8,70,130,10,2,79.65
18,202,191,101,10,2,63.08
18,202,191,102,10,2,65.91
18,202,191,103,10,2,68.51
18,202,191,104,10,2,70.87
18,202,191,105,10,2,72.8
18,202,191,106,10,2,74.12
18,202,191,107,10,2,74.58
18,202,191,108,10,2,75.5
18,202,191,109,10,2,76.51
18,202,191,110,10,2,78.09
18,202,191,111,10,2,78.43
18,202,191,112,10,2,79.53
18,202,191,113,10,2,80.62
18,202,191,114,10,2,81.39
18,202,191,115,10,2,82.0771
18,202,191,116,10,2,82.7822
18,202,191,117,10,2,83.3845
18,202,191,118,10,2,84.0807
18,202,191,119,10,2,84.7307
18,202,191,120,10,2,85.3101
18,202,191,121,10,2,85.8458
18,202,191,122,10,2,86.436
18,202,191,123,10,2,87.0526
18,202,191,124,10,2,87.5394
18,202,191,125,10,2,88.0993
18,202,191,126,10,2,88.6893
18,202,191,127,10,2,89.2782
18,202,191,128,10,2,89.8156
18,202,191,129,10,2,90.3226
18,202,191,130,10,2,90.897
18,204,191,101,10,2,63.08
18,204,191,102,10,2,65.91
18,204,191,103,10,2,68.51
18,204,191,104,10,2,70.87
18,204,191,105,10,2,72.8
18,204,191,106,10,2,74.12
18,204,191,107,10,2,74.58
18,204,191,108,10,2,75.5
18,204,191,109,10,2,76.51
18,204,191,110,10,2,78.09
18,204,191,111,10,2,78.43
18,204,191,112,10,2,79.53
18,204,191,113,10,2,80.62
18,204,191,114,10,2,81.39
18,204,191,115,10,2,81.273
18,204,191,116,10,2,81.6487
18,204,191,117,10,2,82.0977
18,204,191,118,10,2,82.4395
18,204,191,119,10,2,82.9572
18,204,191,120,10,2,83.4231
18,204,191,121,10,2,83.9071
18,204,191,122,10,2,84.4388
18,204,191,123,10,2,84.8595
18,204,191,124,10,2,85.2277
18,204,191,125,10,2,85.5476
18,204,191,126,10,2,86.0538
18,204,191,127,10,2,86.4462
18,204,191,128,10,2,86.8348
18,204,191,129,10,2,87.2533
18,204,191,130,10,2,87.7605
18,203,191,101,10,2,63.08
18,203,191,102,10,2,65.91
18,203,191,103,10,2,68.51
18,203,191,104,10,2,70.87
18,203,191,105,10,2,72.8
18,203,191,106,10,2,74.12
18,203,191,107,10,2,74.58
18,203,191,108,10,2,75.5
18,203,191,109,10,2,76.51
18,203,191,110,10,2,78.09
18,203,191,111,10,2,78.43
18,203,191,112,10,2,79.53
18,203,191,113,10,2,80.62
18,203,191,114,10,2,81.39
18,203,191,115,10,2,82.8294
18,203,191,116,10,2,83.8461
18,203,191,117,10,2,84.7015
18,203,191,118,10,2,85.5127
18,203,191,119,10,2,86.3487
18,203,191,120,10,2,87.0413
18,203,191,121,10,2,87.8056
18,203,191,122,10,2,88.5974
18,203,191,123,10,2,89.2122
18,203,191,124,10,2,89.9555
18,203,191,125,10,2,90.7258
18,203,191,126,10,2,91.5452
18,203,191,127,10,2,92.1539
18,203,191,128,10,2,92.93
18,203,191,129,10,2,93.5744
18,203,191,130,10,2,94.1884
18,207,191,101,10,2,63.08
18,207,191,102,10,2,65.91
18,207,191,103,10,2,68.51
18,207,191,104,10,2,70.87
18,207,191,105,10,2,72.8
18,207,191,106,10,2,74.12
18,207,191,107,10,2,74.58
18,207,191,108,10,2,75.5
18,207,191,109,10,2,76.51
18,207,191,110,10,2,78.09
18,207,191,111,10,2,78.43
18,207,191,112,10,2,79.53
18,207,191,113,10,2,80.62
18,207,191,114,10,2,81.39
18,207,191,115,10,2,80.8229
18,207,191,116,10,2,80.9866
18,207,191,117,10,2,81.2456
18,207,191,118,10,2,81.4411
18,207,191,119,10,2,82.1297
18,207,191,120,10,2,82.4146
18,207,191,121,10,2,82.8394
18,207,191,122,10,2,83.2038
18,207,191,123,10,2,83.4997
18,207,191,124,10,2,83.9646
18,207,191,125,10,2,84.318
18,207,191,126,10,2,84.7118
18,207,191,127,10,2,85.0421
18,207,191,128,10,2,85.5432
18,207,191,129,10,2,85.8109
18,207,191,130,10,2,86.183
18,206,191,101,10,2,63.08
18,206,191,102,10,2,65.91
18,206,191,103,10,2,68.51
18,206,191,104,10,2,70.87
18,206,191,105,10,2,72.8
18,206,191,106,10,2,74.12
18,206,191,107,10,2,74.58
18,206,191,108,10,2,75.5
18,206,191,109,10,2,76.51
18,206,191,110,10,2,78.09
18,206,191,111,10,2,78.43
18,206,191,112,10,2,79.53
18,206,191,113,10,2,80.62
18,206,191,114,10,2,81.39
18,206,191,115,10,2,83.2985
18,206,191,116,10,2,84.3783
18,206,191,117,10,2,85.4659
18,206,191,118,10,2,86.253
18,206,191,119,10,2,87.1191
18,206,191,120,10,2,87.9845
18,206,191,121,10,2,88.8322
18,206,191,122,10,2,89.7817
18,206,191,123,10,2,90.5838
18,206,191,124,10,2,91.4718
18,206,191,125,10,2,91.9663
18,206,191,126,10,2,92.8109
18,206,191,127,10,2,93.6236
18,206,191,128,10,2,94.1793
18,206,191,129,10,2,95.0516
18,206,191,130,10,2,95.7723
18,8,191,101,10,2,63.08
18,8,191,102,10,2,65.91
18,8,191,103,10,2,68.51
18,8,191,104,10,2,70.87
18,8,191,105,10,2,72.8
18,8,191,106,10,2,74.12
18,8,191,107,10,2,74.58
18,8,191,108,10,2,75.5
18,8,191,109,10,2,76.51
18,8,191,110,10,2,78.09
18,8,191,111,10,2,78.43
18,8,191,112,10,2,79.53
18,8,191,113,10,2,80.62
18,8,191,114,10,2,81.39
18,8,191,115,10,2,81.39
18,8,191,116,10,2,81.39
18,8,191,117,10,2,81.39
18,8,191,118,10,2,81.39
18,8,191,119,10,2,81.39
18,8,191,120,10,2,81.39
18,8,191,121,10,2,81.39
18,8,191,122,10,2,81.39
18,8,191,123,10,2,81.39
18,8,191,124,10,2,81.39
18,8,191,125,10,2,81.39
18,8,191,126,10,2,81.39
18,8,191,127,10,2,81.39
18,8,191,128,10,2,81.39
18,8,191,129,10,2,81.39
18,8,191,130,10,2,81.39
18,202,300,101,10,2,67.7
18,202,300,102,10,2,69.43
18,202,300,103,10,2,71.56
18,202,300,104,10,2,72.67
18,202,300,105,10,2,74.52
18,202,300,106,10,2,75.75
18,202,300,107,10,2,77.81
18,202,300,108,10,2,78.92
18,202,300,109,10,2,80.01
18,202,300,110,10,2,80.84
18,202,300,111,10,2,81.89
18,202,300,112,10,2,82.82
18,202,300,113,10,2,83.67
18,202,300,114,10,2,84.48
18,202,300,115,10,2,85.164
18,202,300,116,10,2,85.8208
18,202,300,117,10,2,86.4492
18,202,300,118,10,2,87.1672
18,202,300,119,10,2,87.6919
18,202,300,120,10,2,88.3636
18,202,300,121,10,2,89.0086
18,202,300,122,10,2,89.5706
18,202,300,123,10,2,90.178
18,202,300,124,10,2,90.8157
18,202,300,125,10,2,91.388
18,202,300,126,10,2,91.9756
18,202,300,127,10,2,92.5133
18,202,300,128,10,2,93.1839
18,202,300,129,10,2,93.6956
18,202,300,130,10,2,94.2764
18,204,300,101,10,2,67.7
18,204,300,102,10,2,69.43
18,204,300,103,10,2,71.56
18,204,300,104,10,2,72.67
18,204,300,105,10,2,74.52
18,204,300,106,10,2,75.75
18,204,300,107,10,2,77.81
18,204,300,108,10,2,78.92
18,204,300,109,10,2,80.01
18,204,300,110,10,2,80.84
18,204,300,111,10,2,81.89
18,204,300,112,10,2,82.82
18,204,300,113,10,2,83.67
18,204,300,114,10,2,84.48
18,204,300,115,10,2,84.4702
18,204,300,116,10,2,84.8644
18,204,300,117,10,2,85.322
18,204,300,118,10,2,85.7361
18,204,300,119,10,2,86.187
18,204,300,120,10,2,86.6729
18,204,300,121,10,2,87.057
18,204,300,122,10,2,87.5592
18,204,300,123,10,2,87.9259
18,204,300,124,10,2,88.4604
18,204,300,125,10,2,88.8425
18,204,300,126,10,2,89.3533
18,204,300,127,10,2,89.8422
18,204,300,128,10,2,90.2235
18,204,300,129,10,2,90.541
18,204,300,130,10,2,91.0637
18,203,300,101,10,2,67.7
18,203,300,102,10,2,69.43
18,203,300,103,10,2,71.56
18,203,300,104,10,2,72.67
18,203,300,105,10,2,74.52
18,203,300,106,10,2,75.75
18,203,300,107,10,2,77.81
18,203,300,108,10,2,78.92
18,203,300,109,10,2,80.01
18,203,300,110,10,2,80.84
18,203,300,111,10,2,81.89
18,203,300,112,10,2,82.82
18,203,300,113,10,2,83.67
18,203,300,114,10,2,84.48
18,203,300,115,10,2,85.8484
18,203,300,116,10,2,86.7873
18,203,300,117,10,2,87.6682
18,203,300,118,10,2,88.5236
18,203,300,119,10,2,89.262
18,203,300,120,10,2,90.1451
18,203,300,121,10,2,90.8665
18,203,300,122,10,2,91.6064
18,203,300,123,10,2,92.2809
18,203,300,124,10,2,92.9785
18,203,300,125,10,2,93.7877
18,203,300,126,10,2,94.4419
18,203,300,127,10,2,95.1839
18,203,300,128,10,2,95.8158
18,203,300,129,10,2,96.4868
18,203,300,130,10,2,97.1369
18,207,300,101,10,2,67.7
18,207,300,102,10,2,69.43
18,207,300,103,10,2,71.56
18,207,300,104,10,2,72.67
18,207,300,105,10,2,74.52
18,207,300,106,10,2,75.75
18,207,300,107,10,2,77.81
18,207,300,108,10,2,78.92
18,207,300,109,10,2,80.01
18,207,300,110,10,2,80.84
18,207,300,111,10,2,81.89
18,207,300,112,10,2,82.82
18,207,300,113,10,2,83.67
18,207,300,114,10,2,84.48
18,207,300,115,10,2,84.1043
18,207,300,116,10,2,84.2523
18,207,300,117,10,2,84.548
18,207,300,118,10,2,85.0736
18,207,300,119,10,2,85.4532
18,207,300,120,10,2,85.7164
18,207,300,121,10,2,86.1953
18,207,300,122,10,2,86.535
18,207,300,123,10,2,86.8154
18,207,300,124,10,2,87.2303
18,207,300,125,10,2,87.6716
18,207,300,126,10,2,88.0441
18,207,300,127,10,2,88.5323
18,207,300,128,10,2,88.8792
18,207,300,129,10,2,89.3281
18,207,300,130,10,2,89.6435
18,206,300,101,10,2,67.7
18,206,300,102,10,2,69.43
18,206,300,103,10,2,71.56
18,206,300,104,10,2,72.67
18,206,300,105,10,2,74.52
18,206,300,106,10,2,75.75
18,206,300,107,10,2,77.81
18,206,300,108,10,2,78.92
18,206,300,109,10,2,80.01
18,206,300,110,10,2,80.84
18,206,300,111,10,2,81.89
18,206,300,112,10,2,82.82
18,206,300,113,10,2,83.67
18,206,300,114,10,2,84.48
18,206,300,115,10,2,86.1949
18,206,300,116,10,2,87.3182
18,206,300,117,10,2,88.3731
18,206,300,118,10,2,89.1723
18,206,300,119,10,2,90.0038
18,206,300,120,10,2,90.879
18,206,300,121,10,2,91.6993
18,206,300,122,10,2,92.6383
18,206,300,123,10,2,93.364
18,206,300,124,10,2,94.1802
18,206,300,125,10,2,95.0755
18,206,300,126,10,2,95.5812
18,206,300,127,10,2,96.3749
18,206,300,128,10,2,97.2108
18,206,300,129,10,2,98.2134
18,206,300,130,10,2,98.8434
18,8,300,101,10,2,67.7
18,8,300,102,10,2,69.43
18,8,300,103,10,2,71.56
18,8,300,104,10,2,72.67
18,8,300,105,10,2,74.52
18,8,300,106,10,2,75.75
18,8,300,107,10,2,77.81
18,8,300,108,10,2,78.92
18,8,300,109,10,2,80.01
18,8,300,110,10,2,80.84
18,8,300,111,10,2,81.89
18,8,300,112,10,2,82.82
18,8,300,113,10,2,83.67
18,8,300,114,10,2,84.48
18,8,300,115,10,2,84.48
18,8,300,116,10,2,84.48
18,8,300,117,10,2,84.48
18,8,300,118,10,2,84.48
18,8,300,119,10,2,84.48
18,8,300,120,10,2,84.48
18,8,300,121,10,2,84.48
18,8,300,122,10,2,84.48
18,8,300,123,10,2,84.48
18,8,300,124,10,2,84.48
18,8,300,125,10,2,84.48
18,8,300,126,10,2,84.48
18,8,300,127,10,2,84.48
18,8,300,128,10,2,84.48
18,8,300,129,10,2,84.48
18,8,300,130,10,2,84.48
18,202,380,101,10,2,68.37
18,202,380,102,10,2,70.73
18,202,380,103,10,2,72.38
18,202,380,104,10,2,73.8
18,202,380,105,10,2,75.26
18,202,380,106,10,2,76.84
18,202,380,107,10,2,78.16
18,202,380,108,10,2,79.61
18,202,380,109,10,2,80.72
18,202,380,110,10,2,81.85
18,202,380,111,10,2,83.09
18,202,380,112,10,2,84.06
18,202,380,113,10,2,84.66
18,202,380,114,10,2,85.35
18,202,380,115,10,2,86.0242
18,202,380,116,10,2,86.715
18,202,380,117,10,2,87.3865
18,202,380,118,10,2,88.0529
18,202,380,119,10,2,88.669
18,202,380,120,10,2,89.3159
18,202,380,121,10,2,89.9954
18,202,380,122,10,2,90.5992
18,202,380,123,10,2,91.2368
18,202,380,124,10,2,91.778
18,202,380,125,10,2,92.4352
18,202,380,126,10,2,93.093
18,202,380,127,10,2,93.657
18,202,380,128,10,2,94.2185
18,202,380,129,10,2,94.7874
18,202,380,130,10,2,95.3551
18,204,380,101,10,2,68.37
18,204,380,102,10,2,70.73
18,204,380,103,10,2,72.38
18,204,380,104,10,2,73.8
18,204,380,105,10,2,75.26
18,204,380,106,10,2,76.84
18,204,380,107,10,2,78.16
18,204,380,108,10,2,79.61
18,204,380,109,10,2,80.72
18,204,380,110,10,2,81.85
18,204,380,111,10,2,83.09
18,204,380,112,10,2,84.06
18,204,380,113,10,2,84.66
18,204,380,114,10,2,85.35
18,204,380,115,10,2,85.3734
18,204,380,116,10,2,85.7335
18,204,380,117,10,2,86.2218
18,204,380,118,10,2,86.6716
18,204,380,119,10,2,87.1911
18,204,380,120,10,2,87.6597
18,204,380,121,10,2,88.1163
18,204,380,122,10,2,88.6186
18,204,380,123,10,2,89.0452
18,204,380,124,10,2,89.5291
18,204,380,125,10,2,90.0463
18,204,380,126,10,2,90.4336
18,204,380,127,10,2,90.8574
18,204,380,128,10,2,91.3641
18,204,380,129,10,2,91.7758
18,204,380,130,10,2,92.2455
18,203,380,101,10,2,68.37
18,203,380,102,10,2,70.73
18,203,380,103,10,2,72.38
18,203,380,104,10,2,73.8
18,203,380,105,10,2,75.26
18,203,380,106,10,2,76.84
18,203,380,107,10,2,78.16
18,203,380,108,10,2,79.61
18,203,380,109,10,2,80.72
18,203,380,110,10,2,81.85
18,203,380,111,10,2,83.09
18,203,380,112,10,2,84.06
18,203,380,113,10,2,84.66
18,203,380,114,10,2,85.35
18,203,380,115,10,2,86.7116
18,203,380,116,10,2,87.6921
18,203,380,117,10,2,88.5361
18,203,380,118,10,2,89.4686
18,203,380,119,10,2,90.3548
18,203,380,120,10,2,91.0855
18,203,380,121,10,2,91.8488
18,203,380,122,10,2,92.5988
18,203,380,123,10,2,93.3285
18,203,380,124,10,2,94.0284
18,203,380,125,10,2,94.7687
18,203,380,126,10,2,95.4071
18,203,380,127,10,2,96.1518
18,203,380,128,10,2,96.8072
18,203,380,129,10,2,97.5347
18,203,380,130,10,2,98.2194
18,207,380,101,10,2,68.37
18,207,380,102,10,2,70.73
18,207,380,103,10,2,72.38
18,207,380,104,10,2,73.8
18,207,380,105,10,2,75.26
18,207,380,106,10,2,76.84
18,207,380,107,10,2,78.16
18,207,380,108,10,2,79.61
18,207,380,109,10,2,80.72
18,207,380,110,10,2,81.85
18,207,380,111,10,2,83.09
18,207,380,112,10,2,84.06
18,207,380,113,10,2,84.66
18,207,380,114,10,2,85.35
18,207,380,115,10,2,85.0657
18,207,380,116,10,2,85.2486
18,207,380,117,10,2,85.547
18,207,380,118,10,2,85.8606
18,207,380,119,10,2,86.2852
18,207,380,120,10,2,86.7215
18,207,380,121,10,2,87.212
18,207,380,122,10,2,87.3429
18,207,380,123,10,2,87.7873
18,207,380,124,10,2,88.1752
18,207,380,125,10,2,88.8824
18,207,380,126,10,2,89.2823
18,207,380,127,10,2,89.7655
18,207,380,128,10,2,89.9893
18,207,380,129,10,2,90.3265
18,207,380,130,10,2,90.7592
18,206,380,101,10,2,68.37
18,206,380,102,10,2,70.73
18,206,380,103,10,2,72.38
18,206,380,104,10,2,73.8
18,206,380,105,10,2,75.26
18,206,380,106,10,2,76.84
18,206,380,107,10,2,78.16
18,206,380,108,10,2,79.61
18,206,380,109,10,2,80.72
18,206,380,110,10,2,81.85
18,206,380,111,10,2,83.09
18,206,380,112,10,2,84.06
18,206,380,113,10,2,84.66
18,206,380,114,10,2,85.35
18,206,380,115,10,2,87.1528
18,206,380,116,10,2,88.1485
18,206,380,117,10,2,89.1374
18,206,380,118,10,2,90.1413
18,206,380,119,10,2,91.1334
18,206,380,120,10,2,91.9873
18,206,380,121,10,2,92.7236
18,206,380,122,10,2,93.6298
18,206,380,123,10,2,94.4958
18,206,380,124,10,2,95.2093
18,206,380,125,10,2,96.2405
18,206,380,126,10,2,97.0409
18,206,380,127,10,2,97.7416
18,206,380,128,10,2,98.3833
18,206,380,129,10,2,99.0338
18,206,380,130,10,2,99.7013
18,8,380,101,10,2,68.37
18,8,380,102,10,2,70.73
18,8,380,103,10,2,72.38
18,8,380,104,10,2,73.8
18,8,380,105,10,2,75.26
18,8,380,106,10,2,76.84
18,8,380,107,10,2,78.16
18,8,380,108,10,2,79.61
18,8,380,109,10,2,80.72
18,8,380,110,10,2,81.85
18,8,380,111,10,2,83.09
18,8,380,112,10,2,84.06
18,8,380,113,10,2,84.66
18,8,380,114,10,2,85.35
18,8,380,115,10,2,85.35
18,8,380,116,10,2,85.35
18,8,380,117,10,2,85.35
18,8,380,118,10,2,85.35
18,8,380,119,10,2,85.35
18,8,380,120,10,2,85.35
18,8,380,121,10,2,85.35
18,8,380,122,10,2,85.35
18,8,380,123,10,2,85.35
18,8,380,124,10,2,85.35
18,8,380,125,10,2,85.35
18,8,380,126,10,2,85.35
18,8,380,127,10,2,85.35
18,8,380,128,10,2,85.35
18,8,380,129,10,2,85.35
18,8,380,130,10,2,85.35
18,202,470,101,10,2,67.25
18,202,470,102,10,2,70.61
18,202,470,103,10,2,71.69
18,202,470,104,10,2,72.73
18,202,470,105,10,2,74
18,202,470,106,10,2,74.95
18,202,470,107,10,2,75.77
18,202,470,108,10,2,78.25
18,202,470,109,10,2,79.78
18,202,470,110,10,2,80.92
18,202,470,111,10,2,81.61
18,202,470,112,10,2,82.39
18,202,470,113,10,2,83.35
18,202,470,114,10,2,84.07
18,202,470,115,10,2,84.7272
18,202,470,116,10,2,85.3816
18,202,470,117,10,2,86.0135
18,202,470,118,10,2,86.6497
18,202,470,119,10,2,87.2861
18,202,470,120,10,2,87.8878
18,202,470,121,10,2,88.5124
18,202,470,122,10,2,89.124
18,202,470,123,10,2,89.7046
18,202,470,124,10,2,90.2949
18,202,470,125,10,2,90.888
18,202,470,126,10,2,91.4911
18,202,470,127,10,2,92.0821
18,202,470,128,10,2,92.6741
18,202,470,129,10,2,93.1898
18,202,470,130,10,2,93.7837
18,204,470,101,10,2,67.25
18,204,470,102,10,2,70.61
18,204,470,103,10,2,71.69
18,204,470,104,10,2,72.73
18,204,470,105,10,2,74
18,204,470,106,10,2,74.95
18,204,470,107,10,2,75.77
18,204,470,108,10,2,78.25
18,204,470,109,10,2,79.78
18,204,470,110,10,2,80.92
18,204,470,111,10,2,81.61
18,204,470,112,10,2,82.39
18,204,470,113,10,2,83.35
18,204,470,114,10,2,84.07
18,204,470,115,10,2,84.0271
18,204,470,116,10,2,84.4097
18,204,470,117,10,2,84.7837
18,204,470,118,10,2,85.2791
18,204,470,119,10,2,85.6448
18,204,470,120,10,2,86.1441
18,204,470,121,10,2,86.6344
18,204,470,122,10,2,87.0506
18,204,470,123,10,2,87.5836
18,204,470,124,10,2,88.023
18,204,470,125,10,2,88.4542
18,204,470,126,10,2,88.9113
18,204,470,127,10,2,89.3573
18,204,470,128,10,2,89.796
18,204,470,129,10,2,90.1769
18,204,470,130,10,2,90.6588
18,203,470,101,10,2,67.25
18,203,470,102,10,2,70.61
18,203,470,103,10,2,71.69
18,203,470,104,10,2,72.73
18,203,470,105,10,2,74
18,203,470,106,10,2,74.95
18,203,470,107,10,2,75.77
18,203,470,108,10,2,78.25
18,203,470,109,10,2,79.78
18,203,470,110,10,2,80.92
18,203,470,111,10,2,81.61
18,203,470,112,10,2,82.39
18,203,470,113,10,2,83.35
18,203,470,114,10,2,84.07
18,203,470,115,10,2,85.4271
18,203,470,116,10,2,86.3006
18,203,470,117,10,2,87.1691
18,203,470,118,10,2,88.0907
18,203,470,119,10,2,88.8955
18,203,470,120,10,2,89.6757
18,203,470,121,10,2,90.442
18,203,470,122,10,2,91.1117
18,203,470,123,10,2,91.9818
18,203,470,124,10,2,92.5685
18,203,470,125,10,2,93.2126
18,203,470,126,10,2,93.9067
18,203,470,127,10,2,94.6572
18,203,470,128,10,2,95.2414
18,203,470,129,10,2,96.0703
18,203,470,130,10,2,96.7162
18,207,470,101,10,2,67.25
18,207,470,102,10,2,70.61
18,207,470,103,10,2,71.69
18,207,470,104,10,2,72.73
18,207,470,105,10,2,74
18,207,470,106,10,2,74.95
18,207,470,107,10,2,75.77
18,207,470,108,10,2,78.25
18,207,470,109,10,2,79.78
18,207,470,110,10,2,80.92
18,207,470,111,10,2,81.61
18,207,470,112,10,2,82.39
18,207,470,113,10,2,83.35
18,207,470,114,10,2,84.07
18,207,470,115,10,2,83.677
18,207,470,116,10,2,83.8458
18,207,470,117,10,2,84.0592
18,207,470,118,10,2,84.4635
18,207,470,119,10,2,84.7561
18,207,470,120,10,2,85.1561
18,207,470,121,10,2,85.5182
18,207,470,122,10,2,85.7896
18,207,470,123,10,2,86.0973
18,207,470,124,10,2,86.8577
18,207,470,125,10,2,87.0807
18,207,470,126,10,2,87.6709
18,207,470,127,10,2,87.9737
18,207,470,128,10,2,88.3305
18,207,470,129,10,2,88.4474
18,207,470,130,10,2,88.8711
18,206,470,101,10,2,67.25
18,206,470,102,10,2,70.61
18,206,470,103,10,2,71.69
18,206,470,104,10,2,72.73
18,206,470,105,10,2,74
18,206,470,106,10,2,74.95
18,206,470,107,10,2,75.77
18,206,470,108,10,2,78.25
18,206,470,109,10,2,79.78
18,206,470,110,10,2,80.92
18,206,470,111,10,2,81.61
18,206,470,112,10,2,82.39
18,206,470,113,10,2,83.35
18,206,470,114,10,2,84.07
18,206,470,115,10,2,85.7167
18,206,470,116,10,2,86.8644
18,206,470,117,10,2,87.8175
18,206,470,118,10,2,88.6279
18,206,470,119,10,2,89.6365
18,206,470,120,10,2,90.4779
18,206,470,121,10,2,91.3047
18,206,470,122,10,2,92.0532
18,206,470,123,10,2,92.9088
18,206,470,124,10,2,93.6659
18,206,470,125,10,2,94.4274
18,206,470,126,10,2,95.0806
18,206,470,127,10,2,95.9494
18,206,470,128,10,2,96.6434
18,206,470,129,10,2,97.3718
18,206,470,130,10,2,98.1765
18,8,470,101,10,2,67.25
18,8,470,102,10,2,70.61
18,8,470,103,10,2,71.69
18,8,470,104,10,2,72.73
18,8,470,105,10,2,74
18,8,470,106,10,2,74.95
18,8,470,107,10,2,75.77
18,8,470,108,10,2,78.25
18,8,470,109,10,2,79.78
18,8,470,110,10,2,80.92
18,8,470,111,10,2,81.61
18,8,470,112,10,2,82.39
18,8,470,113,10,2,83.35
18,8,470,114,10,2,84.07
18,8,470,115,10,2,84.07
18,8,470,116,10,2,84.07
18,8,470,117,10,2,84.07
18,8,470,118,10,2,84.07
18,8,470,119,10,2,84.07
18,8,470,120,10,2,84.07
18,8,470,121,10,2,84.07
18,8,470,122,10,2,84.07
18,8,470,123,10,2,84.07
18,8,470,124,10,2,84.07
18,8,470,125,10,2,84.07
18,8,470,126,10,2,84.07
18,8,470,127,10,2,84.07
18,8,470,128,10,2,84.07
18,8,470,129,10,2,84.07
18,8,470,130,10,2,84.07
18,202,499,101,10,2,61.29
18,202,499,102,10,2,63.32
18,202,499,103,10,2,66.82
18,202,499,104,10,2,70.19
18,202,499,105,10,2,74.26
18,202,499,106,10,2,76.06
18,202,499,107,10,2,76.42
18,202,499,108,10,2,77.15
18,202,499,109,10,2,77.97
18,202,499,110,10,2,76.19
18,202,499,111,10,2,76.19
18,202,499,112,10,2,76.47
18,202,499,113,10,2,78.52
18,202,499,114,10,2,79.08
18,202,499,115,10,2,79.7283
18,202,499,116,10,2,80.3697
18,202,499,117,10,2,80.9161
18,202,499,118,10,2,81.5004
18,202,499,119,10,2,82.0938
18,202,499,120,10,2,82.5487
18,202,499,121,10,2,83.1767
18,202,499,122,10,2,83.6414
18,202,499,123,10,2,84.0687
18,202,499,124,10,2,84.5648
18,202,499,125,10,2,85.0284
18,202,499,126,10,2,85.5384
18,202,499,127,10,2,85.9965
18,202,499,128,10,2,86.5002
18,202,499,129,10,2,86.8808
18,202,499,130,10,2,87.3475
18,204,499,101,10,2,61.29
18,204,499,102,10,2,63.32
18,204,499,103,10,2,66.82
18,204,499,104,10,2,70.19
18,204,499,105,10,2,74.26
18,204,499,106,10,2,76.06
18,204,499,107,10,2,76.42
18,204,499,108,10,2,77.15
18,204,499,109,10,2,77.97
18,204,499,110,10,2,76.19
18,204,499,111,10,2,76.19
18,204,499,112,10,2,76.47
18,204,499,113,10,2,78.52
18,204,499,114,10,2,79.08
18,204,499,115,10,2,78.898
18,204,499,116,10,2,79.0419
18,204,499,117,10,2,79.2686
18,204,499,118,10,2,79.6286
18,204,499,119,10,2,79.856
18,204,499,120,10,2,80.28
18,204,499,121,10,2,80.5238
18,204,499,122,10,2,80.916
18,204,499,123,10,2,81.3179
18,204,499,124,10,2,81.7075
18,204,499,125,10,2,81.9624
18,204,499,126,10,2,82.2529
18,204,499,127,10,2,82.4285
18,204,499,128,10,2,82.7772
18,204,499,129,10,2,83.2375
18,204,499,130,10,2,83.6495
18,203,499,101,10,2,61.29
18,203,499,102,10,2,63.32
18,203,499,103,10,2,66.82
18,203,499,104,10,2,70.19
18,203,499,105,10,2,74.26
18,203,499,106,10,2,76.06
18,203,499,107,10,2,76.42
18,203,499,108,10,2,77.15
18,203,499,109,10,2,77.97
18,203,499,110,10,2,76.19
18,203,499,111,10,2,76.19
18,203,499,112,10,2,76.47
18,203,499,113,10,2,78.52
18,203,499,114,10,2,79.08
18,203,499,115,10,2,80.6104
18,203,499,116,10,2,81.5449
18,203,499,117,10,2,82.4544
18,203,499,118,10,2,83.2069
18,203,499,119,10,2,83.9997
18,203,499,120,10,2,84.7476
18,203,499,121,10,2,85.4369
18,203,499,122,10,2,86.1142
18,203,499,123,10,2,86.7028
18,203,499,124,10,2,87.3756
18,203,499,125,10,2,87.9457
18,203,499,126,10,2,88.4772
18,203,499,127,10,2,88.9599
18,203,499,128,10,2,89.7839
18,203,499,129,10,2,90.3877
18,203,499,130,10,2,91.0671
18,207,499,101,10,2,61.29
18,207,499,102,10,2,63.32
18,207,499,103,10,2,66.82
18,207,499,104,10,2,70.19
18,207,499,105,10,2,74.26
18,207,499,106,10,2,76.06
18,207,499,107,10,2,76.42
18,207,499,108,10,2,77.15
18,207,499,109,10,2,77.97
18,207,499,110,10,2,76.19
18,207,499,111,10,2,76.19
18,207,499,112,10,2,76.47
18,207,499,113,10,2,78.52
18,207,499,114,10,2,79.08
18,207,499,115,10,2,78.431
18,207,499,116,10,2,78.381
18,207,499,117,10,2,78.5745
18,207,499,118,10,2,78.7334
18,207,499,119,10,2,78.7889
18,207,499,120,10,2,79.0783
18,207,499,121,10,2,79.4965
18,207,499,122,10,2,79.741
18,207,499,123,10,2,79.8627
18,207,499,124,10,2,80.0149
18,207,499,125,10,2,80.1137
18,207,499,126,10,2,80.1644
18,207,499,127,10,2,80.6633
18,207,499,128,10,2,81.0223
18,207,499,129,10,2,81.4795
18,207,499,130,10,2,81.9503
18,206,499,101,10,2,61.29
18,206,499,102,10,2,63.32
18,206,499,103,10,2,66.82
18,206,499,104,10,2,70.19
18,206,499,105,10,2,74.26
18,206,499,106,10,2,76.06
18,206,499,107,10,2,76.42
18,206,499,108,10,2,77.15
18,206,499,109,10,2,77.97
18,206,499,110,10,2,76.19
18,206,499,111,10,2,76.19
18,206,499,112,10,2,76.47
18,206,499,113,10,2,78.52
18,206,499,114,10,2,79.08
18,206,499,115,10,2,81.1533
18,206,499,116,10,2,82.1543
18,206,499,117,10,2,83.1414
18,206,499,118,10,2,84.1456
18,206,499,119,10,2,84.9885
18,206,499,120,10,2,85.691
18,206,499,121,10,2,86.3727
18,206,499,122,10,2,87.1937
18,206,499,123,10,2,87.7594
18,206,499,124,10,2,88.5536
18,206,499,125,10,2,89.514
18,206,499,126,10,2,90.1107
18,206,499,127,10,2,90.6979
18,206,499,128,10,2,91.2969
18,206,499,129,10,2,91.8736
18,206,499,130,10,2,92.6814
18,8,499,101,10,2,61.29
18,8,499,102,10,2,63.32
18,8,499,103,10,2,66.82
18,8,499,104,10,2,70.19
18,8,499,105,10,2,74.26
18,8,499,106,10,2,76.06
18,8,499,107,10,2,76.42
18,8,499,108,10,2,77.15
18,8,499,109,10,2,77.97
18,8,499,110,10,2,76.19
18,8,499,111,10,2,76.19
18,8,499,112,10,2,76.47
18,8,499,113,10,2,78.52
18,8,499,114,10,2,79.08
18,8,499,115,10,2,79.08
18,8,499,116,10,2,79.08
18,8,499,117,10,2,79.08
18,8,499,118,10,2,79.08
18,8,499,119,10,2,79.08
18,8,499,120,10,2,79.08
18,8,499,121,10,2,79.08
18,8,499,122,10,2,79.08
18,8,499,123,10,2,79.08
18,8,499,124,10,2,79.08
18,8,499,125,10,2,79.08
18,8,499,126,10,2,79.08
18,8,499,127,10,2,79.08
18,8,499,128,10,2,79.08
18,8,499,129,10,2,79.08
18,8,499,130,10,2,79.08
18,202,807,101,10,2,54.91
18,202,807,102,10,2,59.29
18,202,807,103,10,2,62.66
18,202,807,104,10,2,65.83
18,202,807,105,10,2,68.66
18,202,807,106,10,2,70.21
18,202,807,107,10,2,70.77
18,202,807,108,10,2,72.53
18,202,807,109,10,2,73.72
18,202,807,110,10,2,74.99
18,202,807,111,10,2,76.41
18,202,807,112,10,2,76.27
18,202,807,113,10,2,77.23
18,202,807,114,10,2,77.65
18,202,807,115,10,2,78.3508
18,202,807,116,10,2,79.0753
18,202,807,117,10,2,79.6995
18,202,807,118,10,2,80.4102
18,202,807,119,10,2,80.9784
18,202,807,120,10,2,81.5894
18,202,807,121,10,2,82.1859
18,202,807,122,10,2,82.7459
18,202,807,123,10,2,83.2984
18,202,807,124,10,2,83.9139
18,202,807,125,10,2,84.4859
18,202,807,126,10,2,85.0295
18,202,807,127,10,2,85.518
18,202,807,128,10,2,86.152
18,202,807,129,10,2,86.7152
18,202,807,130,10,2,87.2734
18,204,807,101,10,2,54.91
18,204,807,102,10,2,59.29
18,204,807,103,10,2,62.66
18,204,807,104,10,2,65.83
18,204,807,105,10,2,68.66
18,204,807,106,10,2,70.21
18,204,807,107,10,2,70.77
18,204,807,108,10,2,72.53
18,204,807,109,10,2,73.72
18,204,807,110,10,2,74.99
18,204,807,111,10,2,76.41
18,204,807,112,10,2,76.27
18,204,807,113,10,2,77.23
18,204,807,114,10,2,77.65
18,204,807,115,10,2,77.4539
18,204,807,116,10,2,77.7477
18,204,807,117,10,2,78.2595
18,204,807,118,10,2,78.5908
18,204,807,119,10,2,79.0138
18,204,807,120,10,2,79.3347
18,204,807,121,10,2,79.8662
18,204,807,122,10,2,80.3373
18,204,807,123,10,2,80.7293
18,204,807,124,10,2,81.1628
18,204,807,125,10,2,81.6585
18,204,807,126,10,2,82.1079
18,204,807,127,10,2,82.564
18,204,807,128,10,2,82.889
18,204,807,129,10,2,83.3699
18,204,807,130,10,2,83.7723
18,203,807,101,10,2,54.91
18,203,807,102,10,2,59.29
18,203,807,103,10,2,62.66
18,203,807,104,10,2,65.83
18,203,807,105,10,2,68.66
18,203,807,106,10,2,70.21
18,203,807,107,10,2,70.77
18,203,807,108,10,2,72.53
18,203,807,109,10,2,73.72
18,203,807,110,10,2,74.99
18,203,807,111,10,2,76.41
18,203,807,112,10,2,76.27
18,203,807,113,10,2,77.23
18,203,807,114,10,2,77.65
18,203,807,115,10,2,79.2842
18,203,807,116,10,2,80.205
18,203,807,117,10,2,81.1801
18,203,807,118,10,2,82.0567
18,203,807,119,10,2,82.852
18,203,807,120,10,2,83.5807
18,203,807,121,10,2,84.2497
18,203,807,122,10,2,84.9365
18,203,807,123,10,2,85.6658
18,203,807,124,10,2,86.3666
18,203,807,125,10,2,87.044
18,203,807,126,10,2,87.6813
18,203,807,127,10,2,88.3501
18,203,807,128,10,2,89.1704
18,203,807,129,10,2,89.8848
18,203,807,130,10,2,90.6341
18,207,807,101,10,2,54.91
18,207,807,102,10,2,59.29
18,207,807,103,10,2,62.66
18,207,807,104,10,2,65.83
18,207,807,105,10,2,68.66
18,207,807,106,10,2,70.21
18,207,807,107,10,2,70.77
18,207,807,108,10,2,72.53
18,207,807,109,10,2,73.72
18,207,807,110,10,2,74.99
18,207,807,111,10,2,76.41
18,207,807,112,10,2,76.27
18,207,807,113,10,2,77.23
18,207,807,114,10,2,77.65
18,207,807,115,10,2,76.9812
18,207,807,116,10,2,77.1862
18,207,807,117,10,2,77.4083
18,207,807,118,10,2,77.6945
18,207,807,119,10,2,78.0953
18,207,807,120,10,2,78.2964
18,207,807,121,10,2,78.7421
18,207,807,122,10,2,78.8658
18,207,807,123,10,2,79.3309
18,207,807,124,10,2,79.783
18,207,807,125,10,2,80.2703
18,207,807,126,10,2,80.6515
18,207,807,127,10,2,80.942
18,207,807,128,10,2,81.4596
18,207,807,129,10,2,81.6775
18,207,807,130,10,2,82.1218
18,206,807,101,10,2,54.91
18,206,807,102,10,2,59.29
18,206,807,103,10,2,62.66
18,206,807,104,10,2,65.83
18,206,807,105,10,2,68.66
18,206,807,106,10,2,70.21
18,206,807,107,10,2,70.77
18,206,807,108,10,2,72.53
18,206,807,109,10,2,73.72
18,206,807,110,10,2,74.99
18,206,807,111,10,2,76.41
18,206,807,112,10,2,76.27
18,206,807,113,10,2,77.23
18,206,807,114,10,2,77.65
18,206,807,115,10,2,79.6763
18,206,807,116,10,2,80.9619
18,206,807,117,10,2,81.9092
18,206,807,118,10,2,82.7676
18,206,807,119,10,2,83.693
18,206,807,120,10,2,84.5376
18,206,807,121,10,2,85.5443
18,206,807,122,10,2,86.0956
18,206,807,123,10,2,87.0398
18,206,807,124,10,2,87.6736
18,206,807,125,10,2,88.4877
18,206,807,126,10,2,89.2509
18,206,807,127,10,2,89.8766
18,206,807,128,10,2,90.8388
18,206,807,129,10,2,91.6574
18,206,807,130,10,2,92.2707
18,8,807,101,10,2,54.91
18,8,807,102,10,2,59.29
18,8,807,103,10,2,62.66
18,8,807,104,10,2,65.83
18,8,807,105,10,2,68.66
18,8,807,106,10,2,70.21
18,8,807,107,10,2,70.77
18,8,807,108,10,2,72.53
18,8,807,109,10,2,73.72
18,8,807,110,10,2,74.99
18,8,807,111,10,2,76.41
18,8,807,112,10,2,76.27
18,8,807,113,10,2,77.23
18,8,807,114,10,2,77.65
18,8,807,115,10,2,77.65
18,8,807,116,10,2,77.65
18,8,807,117,10,2,77.65
18,8,807,118,10,2,77.65
18,8,807,119,10,2,77.65
18,8,807,120,10,2,77.65
18,8,807,121,10,2,77.65
18,8,807,122,10,2,77.65
18,8,807,123,10,2,77.65
18,8,807,124,10,2,77.65
18,8,807,125,10,2,77.65
18,8,807,126,10,2,77.65
18,8,807,127,10,2,77.65
18,8,807,128,10,2,77.65
18,8,807,129,10,2,77.65
18,8,807,130,10,2,77.65
18,202,620,101,10,2,62.85
18,202,620,102,10,2,65.01
18,202,620,103,10,2,67.3
18,202,620,104,10,2,69.48
18,202,620,105,10,2,71.53
18,202,620,106,10,2,73.91
18,202,620,107,10,2,76.01
18,202,620,108,10,2,77.52
18,202,620,109,10,2,78.52
18,202,620,110,10,2,79.63
18,202,620,111,10,2,80.99
18,202,620,112,10,2,82.51
18,202,620,113,10,2,83.65
18,202,620,114,10,2,84.64
18,202,620,115,10,2,85.3743
18,202,620,116,10,2,86.0905
18,202,620,117,10,2,86.865
18,202,620,118,10,2,87.5345
18,202,620,119,10,2,88.1835
18,202,620,120,10,2,88.885
18,202,620,121,10,2,89.5048
18,202,620,122,10,2,90.1441
18,202,620,123,10,2,90.7396
18,202,620,124,10,2,91.3471
18,202,620,125,10,2,91.927
18,202,620,126,10,2,92.5966
18,202,620,127,10,2,93.2095
18,202,620,128,10,2,93.8384
18,202,620,129,10,2,94.4753
18,202,620,130,10,2,95.0919
18,204,620,101,10,2,62.85
18,204,620,102,10,2,65.01
18,204,620,103,10,2,67.3
18,204,620,104,10,2,69.48
18,204,620,105,10,2,71.53
18,204,620,106,10,2,73.91
18,204,620,107,10,2,76.01
18,204,620,108,10,2,77.52
18,204,620,109,10,2,78.52
18,204,620,110,10,2,79.63
18,204,620,111,10,2,80.99
18,204,620,112,10,2,82.51
18,204,620,113,10,2,83.65
18,204,620,114,10,2,84.64
18,204,620,115,10,2,84.7057
18,204,620,116,10,2,85.1693
18,204,620,117,10,2,85.5992
18,204,620,118,10,2,86.1165
18,204,620,119,10,2,86.5501
18,204,620,120,10,2,87.0864
18,204,620,121,10,2,87.6434
18,204,620,122,10,2,88.2137
18,204,620,123,10,2,88.6493
18,204,620,124,10,2,89.2094
18,204,620,125,10,2,89.5941
18,204,620,126,10,2,90.0335
18,204,620,127,10,2,90.594
18,204,620,128,10,2,91.0514
18,204,620,129,10,2,91.5439
18,204,620,130,10,2,92.1365
18,203,620,101,10,2,62.85
18,203,620,102,10,2,65.01
18,203,620,103,10,2,67.3
18,203,620,104,10,2,69.48
18,203,620,105,10,2,71.53
18,203,620,106,10,2,73.91
18,203,620,107,10,2,76.01
18,203,620,108,10,2,77.52
18,203,620,109,10,2,78.52
18,203,620,110,10,2,79.63
18,203,620,111,10,2,80.99
18,203,620,112,10,2,82.51
18,203,620,113,10,2,83.65
18,203,620,114,10,2,84.64
18,203,620,115,10,2,86.1483
18,203,620,116,10,2,87.127
18,203,620,117,10,2,87.9954
18,203,620,118,10,2,88.9061
18,203,620,119,10,2,89.7173
18,203,620,120,10,2,90.5033
18,203,620,121,10,2,91.2945
18,203,620,122,10,2,92.0696
18,203,620,123,10,2,92.918
18,203,620,124,10,2,93.6653
18,203,620,125,10,2,94.3853
18,203,620,126,10,2,95.0559
18,203,620,127,10,2,95.7977
18,203,620,128,10,2,96.6308
18,203,620,129,10,2,97.29
18,203,620,130,10,2,97.9933
18,207,620,101,10,2,62.85
18,207,620,102,10,2,65.01
18,207,620,103,10,2,67.3
18,207,620,104,10,2,69.48
18,207,620,105,10,2,71.53
18,207,620,106,10,2,73.91
18,207,620,107,10,2,76.01
18,207,620,108,10,2,77.52
18,207,620,109,10,2,78.52
18,207,620,110,10,2,79.63
18,207,620,111,10,2,80.99
18,207,620,112,10,2,82.51
18,207,620,113,10,2,83.65
18,207,620,114,10,2,84.64
18,207,620,115,10,2,84.3767
18,207,620,116,10,2,84.6893
18,207,620,117,10,2,84.9895
18,207,620,118,10,2,85.3923
18,207,620,119,10,2,85.8111
18,207,620,120,10,2,86.1042
18,207,620,121,10,2,86.5889
18,207,620,122,10,2,87.187
18,207,620,123,10,2,87.7364
18,207,620,124,10,2,88.0377
18,207,620,125,10,2,88.3933
18,207,620,126,10,2,88.7385
18,207,620,127,10,2,89.0572
18,207,620,128,10,2,89.4722
18,207,620,129,10,2,89.9984
18,207,620,130,10,2,90.2288
18,206,620,101,10,2,62.85
18,206,620,102,10,2,65.01
18,206,620,103,10,2,67.3
18,206,620,104,10,2,69.48
18,206,620,105,10,2,71.53
18,206,620,106,10,2,73.91
18,206,620,107,10,2,76.01
18,206,620,108,10,2,77.52
18,206,620,109,10,2,78.52
18,206,620,110,10,2,79.63
18,206,620,111,10,2,80.99
18,206,620,112,10,2,82.51
18,206,620,113,10,2,83.65
18,206,620,114,10,2,84.64
18,206,620,115,10,2,86.4797
18,206,620,116,10,2,87.7393
18,206,620,117,10,2,88.6735
18,206,620,118,10,2,89.5593
18,206,620,119,10,2,90.4894
18,206,620,120,10,2,91.4978
18,206,620,121,10,2,92.3192
18,206,620,122,10,2,92.9059
18,206,620,123,10,2,93.8907
18,206,620,124,10,2,94.6186
18,206,620,125,10,2,95.4071
18,206,620,126,10,2,96.0994
18,206,620,127,10,2,96.9274
18,206,620,128,10,2,97.7167
18,206,620,129,10,2,98.4005
18,206,620,130,10,2,99.2275
18,8,620,101,10,2,62.85
18,8,620,102,10,2,65.01
18,8,620,103,10,2,67.3
18,8,620,104,10,2,69.48
18,8,620,105,10,2,71.53
18,8,620,106,10,2,73.91
18,8,620,107,10,2,76.01
18,8,620,108,10,2,77.52
18,8,620,109,10,2,78.52
18,8,620,110,10,2,79.63
18,8,620,111,10,2,80.99
18,8,620,112,10,2,82.51
18,8,620,113,10,2,83.65
18,8,620,114,10,2,84.64
18,8,620,115,10,2,84.64
18,8,620,116,10,2,84.64
18,8,620,117,10,2,84.64
18,8,620,118,10,2,84.64
18,8,620,119,10,2,84.64
18,8,620,120,10,2,84.64
18,8,620,121,10,2,84.64
18,8,620,122,10,2,84.64
18,8,620,123,10,2,84.64
18,8,620,124,10,2,84.64
18,8,620,125,10,2,84.64
18,8,620,126,10,2,84.64
18,8,620,127,10,2,84.64
18,8,620,128,10,2,84.64
18,8,620,129,10,2,84.64
18,8,620,130,10,2,84.64
18,202,688,101,10,2,60.47
18,202,688,102,10,2,63.28
18,202,688,103,10,2,65.92
18,202,688,104,10,2,68.79
18,202,688,105,10,2,70.8
18,202,688,106,10,2,72.25
18,202,688,107,10,2,72.88
18,202,688,108,10,2,73.94
18,202,688,109,10,2,74.72
18,202,688,110,10,2,74.84
18,202,688,111,10,2,75.09
18,202,688,112,10,2,76.18
18,202,688,113,10,2,77.42
18,202,688,114,10,2,78.4
18,202,688,115,10,2,79.1078
18,202,688,116,10,2,79.7503
18,202,688,117,10,2,80.3647
18,202,688,118,10,2,81.0487
18,202,688,119,10,2,81.6468
18,202,688,120,10,2,82.2627
18,202,688,121,10,2,82.8893
18,202,688,122,10,2,83.5522
18,202,688,123,10,2,84.1063
18,202,688,124,10,2,84.6967
18,202,688,125,10,2,85.359
18,202,688,126,10,2,85.8559
18,202,688,127,10,2,86.4331
18,202,688,128,10,2,86.9826
18,202,688,129,10,2,87.5173
18,202,688,130,10,2,88.0339
18,204,688,101,10,2,60.47
18,204,688,102,10,2,63.28
18,204,688,103,10,2,65.92
18,204,688,104,10,2,68.79
18,204,688,105,10,2,70.8
18,204,688,106,10,2,72.25
18,204,688,107,10,2,72.88
18,204,688,108,10,2,73.94
18,204,688,109,10,2,74.72
18,204,688,110,10,2,74.84
18,204,688,111,10,2,75.09
18,204,688,112,10,2,76.18
18,204,688,113,10,2,77.42
18,204,688,114,10,2,78.4
18,204,688,115,10,2,78.2053
18,204,688,116,10,2,78.4709
18,204,688,117,10,2,78.8126
18,204,688,118,10,2,79.3782
18,204,688,119,10,2,79.719
18,204,688,120,10,2,80.1507
18,204,688,121,10,2,80.6056
18,204,688,122,10,2,80.9996
18,204,688,123,10,2,81.4437
18,204,688,124,10,2,81.8898
18,204,688,125,10,2,82.2687
18,204,688,126,10,2,82.773
18,204,688,127,10,2,83.1364
18,204,688,128,10,2,83.5658
18,204,688,129,10,2,84.0029
18,204,688,130,10,2,84.621
18,203,688,101,10,2,60.47
18,203,688,102,10,2,63.28
18,203,688,103,10,2,65.92
18,203,688,104,10,2,68.79
18,203,688,105,10,2,70.8
18,203,688,106,10,2,72.25
18,203,688,107,10,2,72.88
18,203,688,108,10,2,73.94
18,203,688,109,10,2,74.72
18,203,688,110,10,2,74.84
18,203,688,111,10,2,75.09
18,203,688,112,10,2,76.18
18,203,688,113,10,2,77.42
18,203,688,114,10,2,78.4
18,203,688,115,10,2,79.9733
18,203,688,116,10,2,81.0026
18,203,688,117,10,2,81.893
18,203,688,118,10,2,82.701
18,203,688,119,10,2,83.6447
18,203,688,120,10,2,84.3797
18,203,688,121,10,2,85.1182
18,203,688,122,10,2,85.8439
18,203,688,123,10,2,86.5173
18,203,688,124,10,2,87.2051
18,203,688,125,10,2,87.8478
18,203,688,126,10,2,88.6443
18,203,688,127,10,2,89.1769
18,203,688,128,10,2,89.8542
18,203,688,129,10,2,90.5321
18,203,688,130,10,2,91.2148
18,207,688,101,10,2,60.47
18,207,688,102,10,2,63.28
18,207,688,103,10,2,65.92
18,207,688,104,10,2,68.79
18,207,688,105,10,2,70.8
18,207,688,106,10,2,72.25
18,207,688,107,10,2,72.88
18,207,688,108,10,2,73.94
18,207,688,109,10,2,74.72
18,207,688,110,10,2,74.84
18,207,688,111,10,2,75.09
18,207,688,112,10,2,76.18
18,207,688,113,10,2,77.42
18,207,688,114,10,2,78.4
18,207,688,115,10,2,77.7192
18,207,688,116,10,2,77.8022
18,207,688,117,10,2,78.076
18,207,688,118,10,2,78.3909
18,207,688,119,10,2,78.6369
18,207,688,120,10,2,78.8244
18,207,688,121,10,2,79.1855
18,207,688,122,10,2,79.5074
18,207,688,123,10,2,80.0276
18,207,688,124,10,2,80.3404
18,207,688,125,10,2,80.7445
18,207,688,126,10,2,81.1298
18,207,688,127,10,2,81.1966
18,207,688,128,10,2,81.7702
18,207,688,129,10,2,82.1016
18,207,688,130,10,2,82.3452
18,206,688,101,10,2,60.47
18,206,688,102,10,2,63.28
18,206,688,103,10,2,65.92
18,206,688,104,10,2,68.79
18,206,688,105,10,2,70.8
18,206,688,106,10,2,72.25
18,206,688,107,10,2,72.88
18,206,688,108,10,2,73.94
18,206,688,109,10,2,74.72
18,206,688,110,10,2,74.84
18,206,688,111,10,2,75.09
18,206,688,112,10,2,76.18
18,206,688,113,10,2,77.42
18,206,688,114,10,2,78.4
18,206,688,115,10,2,80.4928
18,206,688,116,10,2,81.5786
18,206,688,117,10,2,82.6302
18,206,688,118,10,2,83.7243
18,206,688,119,10,2,84.5727
18,206,688,120,10,2,85.3235
18,206,688,121,10,2,86.2352
18,206,688,122,10,2,86.9926
18,206,688,123,10,2,87.5724
18,206,688,124,10,2,88.5158
18,206,688,125,10,2,89.3275
18,206,688,126,10,2,89.9699
18,206,688,127,10,2,90.8864
18,206,688,128,10,2,91.6062
18,206,688,129,10,2,92.2823
18,206,688,130,10,2,93.0022
18,8,688,101,10,2,60.47
18,8,688,102,10,2,63.28
18,8,688,103,10,2,65.92
18,8,688,104,10,2,68.79
18,8,688,105,10,2,70.8
18,8,688,106,10,2,72.25
18,8,688,107,10,2,72.88
18,8,688,108,10,2,73.94
18,8,688,109,10,2,74.72
18,8,688,110,10,2,74.84
18,8,688,111,10,2,75.09
18,8,688,112,10,2,76.18
18,8,688,113,10,2,77.42
18,8,688,114,10,2,78.4
18,8,688,115,10,2,78.4
18,8,688,116,10,2,78.4
18,8,688,117,10,2,78.4
18,8,688,118,10,2,78.4
18,8,688,119,10,2,78.4
18,8,688,120,10,2,78.4
18,8,688,121,10,2,78.4
18,8,688,122,10,2,78.4
18,8,688,123,10,2,78.4
18,8,688,124,10,2,78.4
18,8,688,125,10,2,78.4
18,8,688,126,10,2,78.4
18,8,688,127,10,2,78.4
18,8,688,128,10,2,78.4
18,8,688,129,10,2,78.4
18,8,688,130,10,2,78.4
18,202,705,101,10,2,68.1
18,202,705,102,10,2,70.5
18,202,705,103,10,2,72
18,202,705,104,10,2,72.6
18,202,705,105,10,2,73.5
18,202,705,106,10,2,74.8
18,202,705,107,10,2,75.21
18,202,705,108,10,2,76.61
18,202,705,109,10,2,77.62
18,202,705,110,10,2,79.04
18,202,705,111,10,2,80.41
18,202,705,112,10,2,81.98
18,202,705,113,10,2,83.13
18,202,705,114,10,2,83.85
18,202,705,115,10,2,84.5172
18,202,705,116,10,2,85.2112
18,202,705,117,10,2,85.8391
18,202,705,118,10,2,86.4716
18,202,705,119,10,2,87.0985
18,202,705,120,10,2,87.6638
18,202,705,121,10,2,88.2249
18,202,705,122,10,2,88.8544
18,202,705,123,10,2,89.4501
18,202,705,124,10,2,90.0679
18,202,705,125,10,2,90.6504
18,202,705,126,10,2,91.2356
18,202,705,127,10,2,91.7963
18,202,705,128,10,2,92.3782
18,202,705,129,10,2,92.9373
18,202,705,130,10,2,93.575
18,204,705,101,10,2,68.1
18,204,705,102,10,2,70.5
18,204,705,103,10,2,72
18,204,705,104,10,2,72.6
18,204,705,105,10,2,73.5
18,204,705,106,10,2,74.8
18,204,705,107,10,2,75.21
18,204,705,108,10,2,76.61
18,204,705,109,10,2,77.62
18,204,705,110,10,2,79.04
18,204,705,111,10,2,80.41
18,204,705,112,10,2,81.98
18,204,705,113,10,2,83.13
18,204,705,114,10,2,83.85
18,204,705,115,10,2,83.7981
18,204,705,116,10,2,84.1544
18,204,705,117,10,2,84.6222
18,204,705,118,10,2,85.0147
18,204,705,119,10,2,85.4115
18,204,705,120,10,2,85.9483
18,204,705,121,10,2,86.419
18,204,705,122,10,2,86.8566
18,204,705,123,10,2,87.3169
18,204,705,124,10,2,87.8239
18,204,705,125,10,2,88.2233
18,204,705,126,10,2,88.6069
18,204,705,127,10,2,89.0505
18,204,705,128,10,2,89.4493
18,204,705,129,10,2,89.9387
18,204,705,130,10,2,90.3923
18,203,705,101,10,2,68.1
18,203,705,102,10,2,70.5
18,203,705,103,10,2,72
18,203,705,104,10,2,72.6
18,203,705,105,10,2,73.5
18,203,705,106,10,2,74.8
18,203,705,107,10,2,75.21
18,203,705,108,10,2,76.61
18,203,705,109,10,2,77.62
18,203,705,110,10,2,79.04
18,203,705,111,10,2,80.41
18,203,705,112,10,2,81.98
18,203,705,113,10,2,83.13
18,203,705,114,10,2,83.85
18,203,705,115,10,2,85.2111
18,203,705,116,10,2,86.1579
18,203,705,117,10,2,86.9997
18,203,705,118,10,2,87.7895
18,203,705,119,10,2,88.6522
18,203,705,120,10,2,89.476
18,203,705,121,10,2,90.2162
18,203,705,122,10,2,90.8744
18,203,705,123,10,2,91.5539
18,203,705,124,10,2,92.287
18,203,705,125,10,2,92.9774
18,203,705,126,10,2,93.6684
18,203,705,127,10,2,94.4225
18,203,705,128,10,2,95.1215
18,203,705,129,10,2,95.9034
18,203,705,130,10,2,96.5992
18,207,705,101,10,2,68.1
18,207,705,102,10,2,70.5
18,207,705,103,10,2,72
18,207,705,104,10,2,72.6
18,207,705,105,10,2,73.5
18,207,705,106,10,2,74.8
18,207,705,107,10,2,75.21
18,207,705,108,10,2,76.61
18,207,705,109,10,2,77.62
18,207,705,110,10,2,79.04
18,207,705,111,10,2,80.41
18,207,705,112,10,2,81.98
18,207,705,113,10,2,83.13
18,207,705,114,10,2,83.85
18,207,705,115,10,2,83.4259
18,207,705,116,10,2,83.739
18,207,705,117,10,2,83.9476
18,207,705,118,10,2,84.3445
18,207,705,119,10,2,84.7857
18,207,705,120,10,2,84.9801
18,207,705,121,10,2,85.2201
18,207,705,122,10,2,85.6627
18,207,705,123,10,2,86.044
18,207,705,124,10,2,86.5097
18,207,705,125,10,2,86.8967
18,207,705,126,10,2,87.5205
18,207,705,127,10,2,87.7727
18,207,705,128,10,2,88.2739
18,207,705,129,10,2,88.5553
18,207,705,130,10,2,88.7763
18,206,705,101,10,2,68.1
18,206,705,102,10,2,70.5
18,206,705,103,10,2,72
18,206,705,104,10,2,72.6
18,206,705,105,10,2,73.5
18,206,705,106,10,2,74.8
18,206,705,107,10,2,75.21
18,206,705,108,10,2,76.61
18,206,705,109,10,2,77.62
18,206,705,110,10,2,79.04
18,206,705,111,10,2,80.41
18,206,705,112,10,2,81.98
18,206,705,113,10,2,83.13
18,206,705,114,10,2,83.85
18,206,705,115,10,2,85.6164
18,206,705,116,10,2,86.7324
18,206,705,117,10,2,87.5462
18,206,705,118,10,2,88.6036
18,206,705,119,10,2,89.5631
18,206,705,120,10,2,90.2692
18,206,705,121,10,2,91.1735
18,206,705,122,10,2,92.1016
18,206,705,123,10,2,92.9746
18,206,705,124,10,2,93.7129
18,206,705,125,10,2,94.3548
18,206,705,126,10,2,95.1647
18,206,705,127,10,2,95.9509
18,206,705,128,10,2,96.8018
18,206,705,129,10,2,97.4926
18,206,705,130,10,2,98.0784
18,8,705,101,10,2,68.1
18,8,705,102,10,2,70.5
18,8,705,103,10,2,72
18,8,705,104,10,2,72.6
18,8,705,105,10,2,73.5
18,8,705,106,10,2,74.8
18,8,705,107,10,2,75.21
18,8,705,108,10,2,76.61
18,8,705,109,10,2,77.62
18,8,705,110,10,2,79.04
18,8,705,111,10,2,80.41
18,8,705,112,10,2,81.98
18,8,705,113,10,2,83.13
18,8,705,114,10,2,83.85
18,8,705,115,10,2,83.85
18,8,705,116,10,2,83.85
18,8,705,117,10,2,83.85
18,8,705,118,10,2,83.85
18,8,705,119,10,2,83.85
18,8,705,120,10,2,83.85
18,8,705,121,10,2,83.85
18,8,705,122,10,2,83.85
18,8,705,123,10,2,83.85
18,8,705,124,10,2,83.85
18,8,705,125,10,2,83.85
18,8,705,126,10,2,83.85
18,8,705,127,10,2,83.85
18,8,705,128,10,2,83.85
18,8,705,129,10,2,83.85
18,8,705,130,10,2,83.85
18,202,724,101,10,2,66.82
18,202,724,102,10,2,70.05
18,202,724,103,10,2,72.42
18,202,724,104,10,2,74.06
18,202,724,105,10,2,75.44
18,202,724,106,10,2,77.37
18,202,724,107,10,2,79.2
18,202,724,108,10,2,80.2
18,202,724,109,10,2,81.25
18,202,724,110,10,2,82.31
18,202,724,111,10,2,83.28
18,202,724,112,10,2,84.35
18,202,724,113,10,2,85.32
18,202,724,114,10,2,86.05
18,202,724,115,10,2,86.7222
18,202,724,116,10,2,87.3648
18,202,724,117,10,2,88.0523
18,202,724,118,10,2,88.6305
18,202,724,119,10,2,89.3363
18,202,724,120,10,2,89.936
18,202,724,121,10,2,90.5753
18,202,724,122,10,2,91.1495
18,202,724,123,10,2,91.7903
18,202,724,124,10,2,92.3725
18,202,724,125,10,2,92.9356
18,202,724,126,10,2,93.4956
18,202,724,127,10,2,94.0356
18,202,724,128,10,2,94.6341
18,202,724,129,10,2,95.2097
18,202,724,130,10,2,95.7798
18,204,724,101,10,2,66.82
18,204,724,102,10,2,70.05
18,204,724,103,10,2,72.42
18,204,724,104,10,2,74.06
18,204,724,105,10,2,75.44
18,204,724,106,10,2,77.37
18,204,724,107,10,2,79.2
18,204,724,108,10,2,80.2
18,204,724,109,10,2,81.25
18,204,724,110,10,2,82.31
18,204,724,111,10,2,83.28
18,204,724,112,10,2,84.35
18,204,724,113,10,2,85.32
18,204,724,114,10,2,86.05
18,204,724,115,10,2,86.0559
18,204,724,116,10,2,86.3615
18,204,724,117,10,2,86.8875
18,204,724,118,10,2,87.2982
18,204,724,119,10,2,87.7849
18,204,724,120,10,2,88.1586
18,204,724,121,10,2,88.7117
18,204,724,122,10,2,89.1561
18,204,724,123,10,2,89.6348
18,204,724,124,10,2,90.1557
18,204,724,125,10,2,90.6121
18,204,724,126,10,2,91.0798
18,204,724,127,10,2,91.4868
18,204,724,128,10,2,91.9204
18,204,724,129,10,2,92.3618
18,204,724,130,10,2,92.8265
18,203,724,101,10,2,66.82
18,203,724,102,10,2,70.05
18,203,724,103,10,2,72.42
18,203,724,104,10,2,74.06
18,203,724,105,10,2,75.44
18,203,724,106,10,2,77.37
18,203,724,107,10,2,79.2
18,203,724,108,10,2,80.2
18,203,724,109,10,2,81.25
18,203,724,110,10,2,82.31
18,203,724,111,10,2,83.28
18,203,724,112,10,2,84.35
18,203,724,113,10,2,85.32
18,203,724,114,10,2,86.05
18,203,724,115,10,2,87.3699
18,203,724,116,10,2,88.3473
18,203,724,117,10,2,89.2457
18,203,724,118,10,2,90.1112
18,203,724,119,10,2,90.9138
18,203,724,120,10,2,91.6664
18,203,724,121,10,2,92.4422
18,203,724,122,10,2,93.1187
18,203,724,123,10,2,93.8636
18,203,724,124,10,2,94.4526
18,203,724,125,10,2,95.2245
18,203,724,126,10,2,95.9108
18,203,724,127,10,2,96.7137
18,203,724,128,10,2,97.5197
18,203,724,129,10,2,98.1229
18,203,724,130,10,2,98.787
18,207,724,101,10,2,66.82
18,207,724,102,10,2,70.05
18,207,724,103,10,2,72.42
18,207,724,104,10,2,74.06
18,207,724,105,10,2,75.44
18,207,724,106,10,2,77.37
18,207,724,107,10,2,79.2
18,207,724,108,10,2,80.2
18,207,724,109,10,2,81.25
18,207,724,110,10,2,82.31
18,207,724,111,10,2,83.28
18,207,724,112,10,2,84.35
18,207,724,113,10,2,85.32
18,207,724,114,10,2,86.05
18,207,724,115,10,2,85.6596
18,207,724,116,10,2,85.9329
18,207,724,117,10,2,86.204
18,207,724,118,10,2,86.5943
18,207,724,119,10,2,87.0306
18,207,724,120,10,2,87.1719
18,207,724,121,10,2,87.596
18,207,724,122,10,2,88.1471
18,207,724,123,10,2,88.7208
18,207,724,124,10,2,89.0031
18,207,724,125,10,2,89.5542
18,207,724,126,10,2,89.9345
18,207,724,127,10,2,90.164
18,207,724,128,10,2,90.5067
18,207,724,129,10,2,90.9453
18,207,724,130,10,2,91.3229
18,206,724,101,10,2,66.82
18,206,724,102,10,2,70.05
18,206,724,103,10,2,72.42
18,206,724,104,10,2,74.06
18,206,724,105,10,2,75.44
18,206,724,106,10,2,77.37
18,206,724,107,10,2,79.2
18,206,724,108,10,2,80.2
18,206,724,109,10,2,81.25
18,206,724,110,10,2,82.31
18,206,724,111,10,2,83.28
18,206,724,112,10,2,84.35
18,206,724,113,10,2,85.32
18,206,724,114,10,2,86.05
18,206,724,115,10,2,87.7374
18,206,724,116,10,2,88.8339
18,206,724,117,10,2,89.8183
18,206,724,118,10,2,90.8904
18,206,724,119,10,2,91.749
18,206,724,120,10,2,92.4002
18,206,724,121,10,2,93.383
18,206,724,122,10,2,94.1664
18,206,724,123,10,2,94.7685
18,206,724,124,10,2,95.699
18,206,724,125,10,2,96.6598
18,206,724,126,10,2,97.4609
18,206,724,127,10,2,98.2389
18,206,724,128,10,2,98.8274
18,206,724,129,10,2,99.6435
18,206,724,130,10,2,100.3973
18,8,724,101,10,2,66.82
18,8,724,102,10,2,70.05
18,8,724,103,10,2,72.42
18,8,724,104,10,2,74.06
18,8,724,105,10,2,75.44
18,8,724,106,10,2,77.37
18,8,724,107,10,2,79.2
18,8,724,108,10,2,80.2
18,8,724,109,10,2,81.25
18,8,724,110,10,2,82.31
18,8,724,111,10,2,83.28
18,8,724,112,10,2,84.35
18,8,724,113,10,2,85.32
18,8,724,114,10,2,86.05
18,8,724,115,10,2,86.05
18,8,724,116,10,2,86.05
18,8,724,117,10,2,86.05
18,8,724,118,10,2,86.05
18,8,724,119,10,2,86.05
18,8,724,120,10,2,86.05
18,8,724,121,10,2,86.05
18,8,724,122,10,2,86.05
18,8,724,123,10,2,86.05
18,8,724,124,10,2,86.05
18,8,724,125,10,2,86.05
18,8,724,126,10,2,86.05
18,8,724,127,10,2,86.05
18,8,724,128,10,2,86.05
18,8,724,129,10,2,86.05
18,8,724,130,10,2,86.05
18,202,40,101,10,2,69.09
18,202,40,102,10,2,70.98
18,202,40,103,10,2,72.71
18,202,40,104,10,2,73.34
18,202,40,105,10,2,74.19
18,202,40,106,10,2,75.5
18,202,40,107,10,2,76.68
18,202,40,108,10,2,78.18
18,202,40,109,10,2,79.3
18,202,40,110,10,2,80.56
18,202,40,111,10,2,81.7
18,202,40,112,10,2,82.79
18,202,40,113,10,2,83.48
18,202,40,114,10,2,83.75
18,202,40,115,10,2,84.4196
18,202,40,116,10,2,85.0806
18,202,40,117,10,2,85.7084
18,202,40,118,10,2,86.3432
18,202,40,119,10,2,86.9392
18,202,40,120,10,2,87.5614
18,202,40,121,10,2,88.2255
18,202,40,122,10,2,88.8472
18,202,40,123,10,2,89.3979
18,202,40,124,10,2,90.0603
18,202,40,125,10,2,90.6265
18,202,40,126,10,2,91.2184
18,202,40,127,10,2,91.7494
18,202,40,128,10,2,92.3475
18,202,40,129,10,2,92.8323
18,202,40,130,10,2,93.5472
18,204,40,101,10,2,69.09
18,204,40,102,10,2,70.98
18,204,40,103,10,2,72.71
18,204,40,104,10,2,73.34
18,204,40,105,10,2,74.19
18,204,40,106,10,2,75.5
18,204,40,107,10,2,76.68
18,204,40,108,10,2,78.18
18,204,40,109,10,2,79.3
18,204,40,110,10,2,80.56
18,204,40,111,10,2,81.7
18,204,40,112,10,2,82.79
18,204,40,113,10,2,83.48
18,204,40,114,10,2,83.75
18,204,40,115,10,2,83.7767
18,204,40,116,10,2,84.0876
18,204,40,117,10,2,84.4673
18,204,40,118,10,2,84.9652
18,204,40,119,10,2,85.4866
18,204,40,120,10,2,85.8575
18,204,40,121,10,2,86.3342
18,204,40,122,10,2,86.8544
18,204,40,123,10,2,87.2877
18,204,40,124,10,2,87.7048
18,204,40,125,10,2,88.2155
18,204,40,126,10,2,88.6805
18,204,40,127,10,2,89.1604
18,204,40,128,10,2,89.5518
18,204,40,129,10,2,89.9301
18,204,40,130,10,2,90.3653
18,203,40,101,10,2,69.09
18,203,40,102,10,2,70.98
18,203,40,103,10,2,72.71
18,203,40,104,10,2,73.34
18,203,40,105,10,2,74.19
18,203,40,106,10,2,75.5
18,203,40,107,10,2,76.68
18,203,40,108,10,2,78.18
18,203,40,109,10,2,79.3
18,203,40,110,10,2,80.56
18,203,40,111,10,2,81.7
18,203,40,112,10,2,82.79
18,203,40,113,10,2,83.48
18,203,40,114,10,2,83.75
18,203,40,115,10,2,85.0555
18,203,40,116,10,2,86.051
18,203,40,117,10,2,86.8247
18,203,40,118,10,2,87.7018
18,203,40,119,10,2,88.4835
18,203,40,120,10,2,89.3061
18,203,40,121,10,2,90.057
18,203,40,122,10,2,90.8034
18,203,40,123,10,2,91.503
18,203,40,124,10,2,92.3067
18,203,40,125,10,2,92.9816
18,203,40,126,10,2,93.7241
18,203,40,127,10,2,94.4851
18,203,40,128,10,2,95.1101
18,203,40,129,10,2,95.8578
18,203,40,130,10,2,96.5171
18,207,40,101,10,2,69.09
18,207,40,102,10,2,70.98
18,207,40,103,10,2,72.71
18,207,40,104,10,2,73.34
18,207,40,105,10,2,74.19
18,207,40,106,10,2,75.5
18,207,40,107,10,2,76.68
18,207,40,108,10,2,78.18
18,207,40,109,10,2,79.3
18,207,40,110,10,2,80.56
18,207,40,111,10,2,81.7
18,207,40,112,10,2,82.79
18,207,40,113,10,2,83.48
18,207,40,114,10,2,83.75
18,207,40,115,10,2,83.4798
18,207,40,116,10,2,83.5492
18,207,40,117,10,2,83.9126
18,207,40,118,10,2,84.2285
18,207,40,119,10,2,84.6542
18,207,40,120,10,2,84.9845
18,207,40,121,10,2,85.3355
18,207,40,122,10,2,85.8031
18,207,40,123,10,2,86.0571
18,207,40,124,10,2,86.3386
18,207,40,125,10,2,86.6496
18,207,40,126,10,2,87.3127
18,207,40,127,10,2,87.6377
18,207,40,128,10,2,87.935
18,207,40,129,10,2,88.3374
18,207,40,130,10,2,88.7203
18,206,40,101,10,2,69.09
18,206,40,102,10,2,70.98
18,206,40,103,10,2,72.71
18,206,40,104,10,2,73.34
18,206,40,105,10,2,74.19
18,206,40,106,10,2,75.5
18,206,40,107,10,2,76.68
18,206,40,108,10,2,78.18
18,206,40,109,10,2,79.3
18,206,40,110,10,2,80.56
18,206,40,111,10,2,81.7
18,206,40,112,10,2,82.79
18,206,40,113,10,2,83.48
18,206,40,114,10,2,83.75
18,206,40,115,10,2,85.3864
18,206,40,116,10,2,86.5522
18,206,40,117,10,2,87.5175
18,206,40,118,10,2,88.4976
18,206,40,119,10,2,89.3646
18,206,40,120,10,2,90.2355
18,206,40,121,10,2,90.9672
18,206,40,122,10,2,91.7772
18,206,40,123,10,2,92.6872
18,206,40,124,10,2,93.3583
18,206,40,125,10,2,94.258
18,206,40,126,10,2,94.8666
18,206,40,127,10,2,95.8528
18,206,40,128,10,2,96.4333
18,206,40,129,10,2,97.0882
18,206,40,130,10,2,97.6941
18,8,40,101,10,2,69.09
18,8,40,102,10,2,70.98
18,8,40,103,10,2,72.71
18,8,40,104,10,2,73.34
18,8,40,105,10,2,74.19
18,8,40,106,10,2,75.5
18,8,40,107,10,2,76.68
18,8,40,108,10,2,78.18
18,8,40,109,10,2,79.3
18,8,40,110,10,2,80.56
18,8,40,111,10,2,81.7
18,8,40,112,10,2,82.79
18,8,40,113,10,2,83.48
18,8,40,114,10,2,83.75
18,8,40,115,10,2,83.75
18,8,40,116,10,2,83.75
18,8,40,117,10,2,83.75
18,8,40,118,10,2,83.75
18,8,40,119,10,2,83.75
18,8,40,120,10,2,83.75
18,8,40,121,10,2,83.75
18,8,40,122,10,2,83.75
18,8,40,123,10,2,83.75
18,8,40,124,10,2,83.75
18,8,40,125,10,2,83.75
18,8,40,126,10,2,83.75
18,8,40,127,10,2,83.75
18,8,40,128,10,2,83.75
18,8,40,129,10,2,83.75
18,8,40,130,10,2,83.75
18,202,56,101,10,2,70.36
18,202,56,102,10,2,72.21
18,202,56,103,10,2,73.33
18,202,56,104,10,2,73.88
18,202,56,105,10,2,74.78
18,202,56,106,10,2,75.99
18,202,56,107,10,2,77.28
18,202,56,108,10,2,78.6
18,202,56,109,10,2,79.73
18,202,56,110,10,2,80.6
18,202,56,111,10,2,81.36
18,202,56,112,10,2,82.27
18,202,56,113,10,2,83
18,202,56,114,10,2,83.69
18,202,56,115,10,2,84.3266
18,202,56,116,10,2,84.9885
18,202,56,117,10,2,85.5967
18,202,56,118,10,2,86.2067
18,202,56,119,10,2,86.8038
18,202,56,120,10,2,87.4288
18,202,56,121,10,2,87.9752
18,202,56,122,10,2,88.5597
18,202,56,123,10,2,89.1227
18,202,56,124,10,2,89.674
18,202,56,125,10,2,90.2534
18,202,56,126,10,2,90.8709
18,202,56,127,10,2,91.4491
18,202,56,128,10,2,92.0574
18,202,56,129,10,2,92.5922
18,202,56,130,10,2,93.1028
18,204,56,101,10,2,70.36
18,204,56,102,10,2,72.21
18,204,56,103,10,2,73.33
18,204,56,104,10,2,73.88
18,204,56,105,10,2,74.78
18,204,56,106,10,2,75.99
18,204,56,107,10,2,77.28
18,204,56,108,10,2,78.6
18,204,56,109,10,2,79.73
18,204,56,110,10,2,80.6
18,204,56,111,10,2,81.36
18,204,56,112,10,2,82.27
18,204,56,113,10,2,83
18,204,56,114,10,2,83.69
18,204,56,115,10,2,83.5813
18,204,56,116,10,2,83.9787
18,204,56,117,10,2,84.3557
18,204,56,118,10,2,84.8171
18,204,56,119,10,2,85.2022
18,204,56,120,10,2,85.5844
18,204,56,121,10,2,86.059
18,204,56,122,10,2,86.5646
18,204,56,123,10,2,87.0576
18,204,56,124,10,2,87.4292
18,204,56,125,10,2,87.7473
18,204,56,126,10,2,88.1047
18,204,56,127,10,2,88.5371
18,204,56,128,10,2,89.0258
18,204,56,129,10,2,89.4056
18,204,56,130,10,2,89.7824
18,203,56,101,10,2,70.36
18,203,56,102,10,2,72.21
18,203,56,103,10,2,73.33
18,203,56,104,10,2,73.88
18,203,56,105,10,2,74.78
18,203,56,106,10,2,75.99
18,203,56,107,10,2,77.28
18,203,56,108,10,2,78.6
18,203,56,109,10,2,79.73
18,203,56,110,10,2,80.6
18,203,56,111,10,2,81.36
18,203,56,112,10,2,82.27
18,203,56,113,10,2,83
18,203,56,114,10,2,83.69
18,203,56,115,10,2,85.0717
18,203,56,116,10,2,85.9919
18,203,56,117,10,2,86.8317
18,203,56,118,10,2,87.7409
18,203,56,119,10,2,88.4687
18,203,56,120,10,2,89.2325
18,203,56,121,10,2,89.9958
18,203,56,122,10,2,90.6686
18,203,56,123,10,2,91.4606
18,203,56,124,10,2,92.2042
18,203,56,125,10,2,92.8227
18,203,56,126,10,2,93.5558
18,203,56,127,10,2,94.2356
18,203,56,128,10,2,94.8585
18,203,56,129,10,2,95.6446
18,203,56,130,10,2,96.2777
18,207,56,101,10,2,70.36
18,207,56,102,10,2,72.21
18,207,56,103,10,2,73.33
18,207,56,104,10,2,73.88
18,207,56,105,10,2,74.78
18,207,56,106,10,2,75.99
18,207,56,107,10,2,77.28
18,207,56,108,10,2,78.6
18,207,56,109,10,2,79.73
18,207,56,110,10,2,80.6
18,207,56,111,10,2,81.36
18,207,56,112,10,2,82.27
18,207,56,113,10,2,83
18,207,56,114,10,2,83.69
18,207,56,115,10,2,83.1877
18,207,56,116,10,2,83.4235
18,207,56,117,10,2,83.775
18,207,56,118,10,2,84.168
18,207,56,119,10,2,84.3753
18,207,56,120,10,2,84.687
18,207,56,121,10,2,85.025
18,207,56,122,10,2,85.3873
18,207,56,123,10,2,85.7148
18,207,56,124,10,2,86.0093
18,207,56,125,10,2,86.3236
18,207,56,126,10,2,86.562
18,207,56,127,10,2,86.8665
18,207,56,128,10,2,87.2133
18,207,56,129,10,2,87.4086
18,207,56,130,10,2,88.0893
18,206,56,101,10,2,70.36
18,206,56,102,10,2,72.21
18,206,56,103,10,2,73.33
18,206,56,104,10,2,73.88
18,206,56,105,10,2,74.78
18,206,56,106,10,2,75.99
18,206,56,107,10,2,77.28
18,206,56,108,10,2,78.6
18,206,56,109,10,2,79.73
18,206,56,110,10,2,80.6
18,206,56,111,10,2,81.36
18,206,56,112,10,2,82.27
18,206,56,113,10,2,83
18,206,56,114,10,2,83.69
18,206,56,115,10,2,85.4262
18,206,56,116,10,2,86.436
18,206,56,117,10,2,87.5635
18,206,56,118,10,2,88.3442
18,206,56,119,10,2,89.1371
18,206,56,120,10,2,90.1542
18,206,56,121,10,2,90.9133
18,206,56,122,10,2,91.7458
18,206,56,123,10,2,92.5374
18,206,56,124,10,2,93.2356
18,206,56,125,10,2,93.9866
18,206,56,126,10,2,94.7286
18,206,56,127,10,2,95.4707
18,206,56,128,10,2,96.3659
18,206,56,129,10,2,97.0219
18,206,56,130,10,2,97.732
18,8,56,101,10,2,70.36
18,8,56,102,10,2,72.21
18,8,56,103,10,2,73.33
18,8,56,104,10,2,73.88
18,8,56,105,10,2,74.78
18,8,56,106,10,2,75.99
18,8,56,107,10,2,77.28
18,8,56,108,10,2,78.6
18,8,56,109,10,2,79.73
18,8,56,110,10,2,80.6
18,8,56,111,10,2,81.36
18,8,56,112,10,2,82.27
18,8,56,113,10,2,83
18,8,56,114,10,2,83.69
18,8,56,115,10,2,83.69
18,8,56,116,10,2,83.69
18,8,56,117,10,2,83.69
18,8,56,118,10,2,83.69
18,8,56,119,10,2,83.69
18,8,56,120,10,2,83.69
18,8,56,121,10,2,83.69
18,8,56,122,10,2,83.69
18,8,56,123,10,2,83.69
18,8,56,124,10,2,83.69
18,8,56,125,10,2,83.69
18,8,56,126,10,2,83.69
18,8,56,127,10,2,83.69
18,8,56,128,10,2,83.69
18,8,56,129,10,2,83.69
18,8,56,130,10,2,83.69
18,202,250,101,10,2,70.17
18,202,250,102,10,2,72.6
18,202,250,103,10,2,74.2
18,202,250,104,10,2,75.18
18,202,250,105,10,2,76.29
18,202,250,106,10,2,77.77
18,202,250,107,10,2,78.89
18,202,250,108,10,2,80.26
18,202,250,109,10,2,81.48
18,202,250,110,10,2,82.33
18,202,250,111,10,2,83.21
18,202,250,112,10,2,84.31
18,202,250,113,10,2,85.04
18,202,250,114,10,2,85.36
18,202,250,115,10,2,86.0377
18,202,250,116,10,2,86.7061
18,202,250,117,10,2,87.3181
18,202,250,118,10,2,87.9741
18,202,250,119,10,2,88.6225
18,202,250,120,10,2,89.2605
18,202,250,121,10,2,89.8721
18,202,250,122,10,2,90.3943
18,202,250,123,10,2,90.989
18,202,250,124,10,2,91.5141
18,202,250,125,10,2,92.1578
18,202,250,126,10,2,92.7579
18,202,250,127,10,2,93.3347
18,202,250,128,10,2,93.8411
18,202,250,129,10,2,94.4057
18,202,250,130,10,2,94.9867
18,204,250,101,10,2,70.17
18,204,250,102,10,2,72.6
18,204,250,103,10,2,74.2
18,204,250,104,10,2,75.18
18,204,250,105,10,2,76.29
18,204,250,106,10,2,77.77
18,204,250,107,10,2,78.89
18,204,250,108,10,2,80.26
18,204,250,109,10,2,81.48
18,204,250,110,10,2,82.33
18,204,250,111,10,2,83.21
18,204,250,112,10,2,84.31
18,204,250,113,10,2,85.04
18,204,250,114,10,2,85.36
18,204,250,115,10,2,85.3269
18,204,250,116,10,2,85.6804
18,204,250,117,10,2,86.1252
18,204,250,118,10,2,86.5632
18,204,250,119,10,2,86.9876
18,204,250,120,10,2,87.4194
18,204,250,121,10,2,87.9162
18,204,250,122,10,2,88.3408
18,204,250,123,10,2,88.8015
18,204,250,124,10,2,89.3073
18,204,250,125,10,2,89.8221
18,204,250,126,10,2,90.209
18,204,250,127,10,2,90.5517
18,204,250,128,10,2,91.0766
18,204,250,129,10,2,91.5936
18,204,250,130,10,2,92.0563
18,203,250,101,10,2,70.17
18,203,250,102,10,2,72.6
18,203,250,103,10,2,74.2
18,203,250,104,10,2,75.18
18,203,250,105,10,2,76.29
18,203,250,106,10,2,77.77
18,203,250,107,10,2,78.89
18,203,250,108,10,2,80.26
18,203,250,109,10,2,81.48
18,203,250,110,10,2,82.33
18,203,250,111,10,2,83.21
18,203,250,112,10,2,84.31
18,203,250,113,10,2,85.04
18,203,250,114,10,2,85.36
18,203,250,115,10,2,86.756
18,203,250,116,10,2,87.7488
18,203,250,117,10,2,88.5698
18,203,250,118,10,2,89.3329
18,203,250,119,10,2,90.0365
18,203,250,120,10,2,90.9202
18,203,250,121,10,2,91.6481
18,203,250,122,10,2,92.3416
18,203,250,123,10,2,93.0898
18,203,250,124,10,2,93.8186
18,203,250,125,10,2,94.5442
18,203,250,126,10,2,95.2541
18,203,250,127,10,2,95.9637
18,203,250,128,10,2,96.6506
18,203,250,129,10,2,97.3965
18,203,250,130,10,2,98.116
18,207,250,101,10,2,70.17
18,207,250,102,10,2,72.6
18,207,250,103,10,2,74.2
18,207,250,104,10,2,75.18
18,207,250,105,10,2,76.29
18,207,250,106,10,2,77.77
18,207,250,107,10,2,78.89
18,207,250,108,10,2,80.26
18,207,250,109,10,2,81.48
18,207,250,110,10,2,82.33
18,207,250,111,10,2,83.21
18,207,250,112,10,2,84.31
18,207,250,113,10,2,85.04
18,207,250,114,10,2,85.36
18,207,250,115,10,2,84.9617
18,207,250,116,10,2,85.2392
18,207,250,117,10,2,85.4994
18,207,250,118,10,2,85.7849
18,207,250,119,10,2,86.2403
18,207,250,120,10,2,86.5656
18,207,250,121,10,2,86.7831
18,207,250,122,10,2,87.1252
18,207,250,123,10,2,87.5625
18,207,250,124,10,2,87.879
18,207,250,125,10,2,88.4155
18,207,250,126,10,2,88.699
18,207,250,127,10,2,89.0984
18,207,250,128,10,2,89.6763
18,207,250,129,10,2,90.0446
18,207,250,130,10,2,90.3601
18,206,250,101,10,2,70.17
18,206,250,102,10,2,72.6
18,206,250,103,10,2,74.2
18,206,250,104,10,2,75.18
18,206,250,105,10,2,76.29
18,206,250,106,10,2,77.77
18,206,250,107,10,2,78.89
18,206,250,108,10,2,80.26
18,206,250,109,10,2,81.48
18,206,250,110,10,2,82.33
18,206,250,111,10,2,83.21
18,206,250,112,10,2,84.31
18,206,250,113,10,2,85.04
18,206,250,114,10,2,85.36
18,206,250,115,10,2,87.0838
18,206,250,116,10,2,88.18
18,206,250,117,10,2,89.1957
18,206,250,118,10,2,90.0802
18,206,250,119,10,2,91.0561
18,206,250,120,10,2,91.8212
18,206,250,121,10,2,92.5106
18,206,250,122,10,2,93.3314
18,206,250,123,10,2,94.2814
18,206,250,124,10,2,95.1014
18,206,250,125,10,2,95.7551
18,206,250,126,10,2,96.5497
18,206,250,127,10,2,97.2041
18,206,250,128,10,2,98.0708
18,206,250,129,10,2,98.6844
18,206,250,130,10,2,99.3631
18,8,250,101,10,2,70.17
18,8,250,102,10,2,72.6
18,8,250,103,10,2,74.2
18,8,250,104,10,2,75.18
18,8,250,105,10,2,76.29
18,8,250,106,10,2,77.77
18,8,250,107,10,2,78.89
18,8,250,108,10,2,80.26
18,8,250,109,10,2,81.48
18,8,250,110,10,2,82.33
18,8,250,111,10,2,83.21
18,8,250,112,10,2,84.31
18,8,250,113,10,2,85.04
18,8,250,114,10,2,85.36
18,8,250,115,10,2,85.36
18,8,250,116,10,2,85.36
18,8,250,117,10,2,85.36
18,8,250,118,10,2,85.36
18,8,250,119,10,2,85.36
18,8,250,120,10,2,85.36
18,8,250,121,10,2,85.36
18,8,250,122,10,2,85.36
18,8,250,123,10,2,85.36
18,8,250,124,10,2,85.36
18,8,250,125,10,2,85.36
18,8,250,126,10,2,85.36
18,8,250,127,10,2,85.36
18,8,250,128,10,2,85.36
18,8,250,129,10,2,85.36
18,8,250,130,10,2,85.36
18,202,276,101,10,2,69.6
18,202,276,102,10,2,71.3
18,202,276,103,10,2,72.56
18,202,276,104,10,2,73.42
18,202,276,105,10,2,74.07
18,202,276,106,10,2,75.33
18,202,276,107,10,2,76.68
18,202,276,108,10,2,77.98
18,202,276,109,10,2,79.12
18,202,276,110,10,2,80.35
18,202,276,111,10,2,81.46
18,202,276,112,10,2,82.37
18,202,276,113,10,2,82.91
18,202,276,114,10,2,83.55
18,202,276,115,10,2,84.1853
18,202,276,116,10,2,84.8665
18,202,276,117,10,2,85.461
18,202,276,118,10,2,86.0954
18,202,276,119,10,2,86.6725
18,202,276,120,10,2,87.3051
18,202,276,121,10,2,87.996
18,202,276,122,10,2,88.4924
18,202,276,123,10,2,89.1408
18,202,276,124,10,2,89.7102
18,202,276,125,10,2,90.3277
18,202,276,126,10,2,90.9403
18,202,276,127,10,2,91.4737
18,202,276,128,10,2,92.1052
18,202,276,129,10,2,92.6867
18,202,276,130,10,2,93.1751
18,204,276,101,10,2,69.6
18,204,276,102,10,2,71.3
18,204,276,103,10,2,72.56
18,204,276,104,10,2,73.42
18,204,276,105,10,2,74.07
18,204,276,106,10,2,75.33
18,204,276,107,10,2,76.68
18,204,276,108,10,2,77.98
18,204,276,109,10,2,79.12
18,204,276,110,10,2,80.35
18,204,276,111,10,2,81.46
18,204,276,112,10,2,82.37
18,204,276,113,10,2,82.91
18,204,276,114,10,2,83.55
18,204,276,115,10,2,83.4854
18,204,276,116,10,2,83.9087
18,204,276,117,10,2,84.2744
18,204,276,118,10,2,84.7342
18,204,276,119,10,2,85.1719
18,204,276,120,10,2,85.5749
18,204,276,121,10,2,86.0549
18,204,276,122,10,2,86.4435
18,204,276,123,10,2,87.0091
18,204,276,124,10,2,87.401
18,204,276,125,10,2,87.9595
18,204,276,126,10,2,88.498
18,204,276,127,10,2,88.7368
18,204,276,128,10,2,88.9282
18,204,276,129,10,2,89.5408
18,204,276,130,10,2,90.0159
18,203,276,101,10,2,69.6
18,203,276,102,10,2,71.3
18,203,276,103,10,2,72.56
18,203,276,104,10,2,73.42
18,203,276,105,10,2,74.07
18,203,276,106,10,2,75.33
18,203,276,107,10,2,76.68
18,203,276,108,10,2,77.98
18,203,276,109,10,2,79.12
18,203,276,110,10,2,80.35
18,203,276,111,10,2,81.46
18,203,276,112,10,2,82.37
18,203,276,113,10,2,82.91
18,203,276,114,10,2,83.55
18,203,276,115,10,2,84.8792
18,203,276,116,10,2,85.8242
18,203,276,117,10,2,86.6771
18,203,276,118,10,2,87.506
18,203,276,119,10,2,88.2581
18,203,276,120,10,2,89.0118
18,203,276,121,10,2,89.7944
18,203,276,122,10,2,90.4732
18,203,276,123,10,2,91.2147
18,203,276,124,10,2,92.0135
18,203,276,125,10,2,92.6936
18,203,276,126,10,2,93.3375
18,203,276,127,10,2,94.1132
18,203,276,128,10,2,94.8385
18,203,276,129,10,2,95.5084
18,203,276,130,10,2,96.1114
18,207,276,101,10,2,69.6
18,207,276,102,10,2,71.3
18,207,276,103,10,2,72.56
18,207,276,104,10,2,73.42
18,207,276,105,10,2,74.07
18,207,276,106,10,2,75.33
18,207,276,107,10,2,76.68
18,207,276,108,10,2,77.98
18,207,276,109,10,2,79.12
18,207,276,110,10,2,80.35
18,207,276,111,10,2,81.46
18,207,276,112,10,2,82.37
18,207,276,113,10,2,82.91
18,207,276,114,10,2,83.55
18,207,276,115,10,2,83.1771
18,207,276,116,10,2,83.3899
18,207,276,117,10,2,83.7335
18,207,276,118,10,2,83.9649
18,207,276,119,10,2,84.2406
18,207,276,120,10,2,84.6338
18,207,276,121,10,2,85.0492
18,207,276,122,10,2,85.4292
18,207,276,123,10,2,85.6233
18,207,276,124,10,2,86.0272
18,207,276,125,10,2,86.2856
18,207,276,126,10,2,86.6848
18,207,276,127,10,2,87.092
18,207,276,128,10,2,87.4762
18,207,276,129,10,2,87.9033
18,207,276,130,10,2,88.3375
18,206,276,101,10,2,69.6
18,206,276,102,10,2,71.3
18,206,276,103,10,2,72.56
18,206,276,104,10,2,73.42
18,206,276,105,10,2,74.07
18,206,276,106,10,2,75.33
18,206,276,107,10,2,76.68
18,206,276,108,10,2,77.98
18,206,276,109,10,2,79.12
18,206,276,110,10,2,80.35
18,206,276,111,10,2,81.46
18,206,276,112,10,2,82.37
18,206,276,113,10,2,82.91
18,206,276,114,10,2,83.55
18,206,276,115,10,2,85.2243
18,206,276,116,10,2,86.33
18,206,276,117,10,2,87.2876
18,206,276,118,10,2,88.2822
18,206,276,119,10,2,89.0428
18,206,276,120,10,2,89.8568
18,206,276,121,10,2,90.7027
18,206,276,122,10,2,91.4745
18,206,276,123,10,2,92.2784
18,206,276,124,10,2,92.9575
18,206,276,125,10,2,93.7438
18,206,276,126,10,2,94.581
18,206,276,127,10,2,95.4322
18,206,276,128,10,2,96.1384
18,206,276,129,10,2,96.7029
18,206,276,130,10,2,97.4579
18,8,276,101,10,2,69.6
18,8,276,102,10,2,71.3
18,8,276,103,10,2,72.56
18,8,276,104,10,2,73.42
18,8,276,105,10,2,74.07
18,8,276,106,10,2,75.33
18,8,276,107,10,2,76.68
18,8,276,108,10,2,77.98
18,8,276,109,10,2,79.12
18,8,276,110,10,2,80.35
18,8,276,111,10,2,81.46
18,8,276,112,10,2,82.37
18,8,276,113,10,2,82.91
18,8,276,114,10,2,83.55
18,8,276,115,10,2,83.55
18,8,276,116,10,2,83.55
18,8,276,117,10,2,83.55
18,8,276,118,10,2,83.55
18,8,276,119,10,2,83.55
18,8,276,120,10,2,83.55
18,8,276,121,10,2,83.55
18,8,276,122,10,2,83.55
18,8,276,123,10,2,83.55
18,8,276,124,10,2,83.55
18,8,276,125,10,2,83.55
18,8,276,126,10,2,83.55
18,8,276,127,10,2,83.55
18,8,276,128,10,2,83.55
18,8,276,129,10,2,83.55
18,8,276,130,10,2,83.55
18,202,442,101,10,2,69.04
18,202,442,102,10,2,70.76
18,202,442,103,10,2,72.46
18,202,442,104,10,2,73.22
18,202,442,105,10,2,73.85
18,202,442,106,10,2,75.22
18,202,442,107,10,2,76.41
18,202,442,108,10,2,78.18
18,202,442,109,10,2,79.14
18,202,442,110,10,2,80.23
18,202,442,111,10,2,81.37
18,202,442,112,10,2,82.17
18,202,442,113,10,2,83.45
18,202,442,114,10,2,84.15
18,202,442,115,10,2,84.8309
18,202,442,116,10,2,85.4795
18,202,442,117,10,2,86.1592
18,202,442,118,10,2,86.7611
18,202,442,119,10,2,87.3588
18,202,442,120,10,2,87.9452
18,202,442,121,10,2,88.6595
18,202,442,122,10,2,89.2907
18,202,442,123,10,2,89.9454
18,202,442,124,10,2,90.5106
18,202,442,125,10,2,91.112
18,202,442,126,10,2,91.6747
18,202,442,127,10,2,92.312
18,202,442,128,10,2,92.827
18,202,442,129,10,2,93.4479
18,202,442,130,10,2,93.9817
18,204,442,101,10,2,69.04
18,204,442,102,10,2,70.76
18,204,442,103,10,2,72.46
18,204,442,104,10,2,73.22
18,204,442,105,10,2,73.85
18,204,442,106,10,2,75.22
18,204,442,107,10,2,76.41
18,204,442,108,10,2,78.18
18,204,442,109,10,2,79.14
18,204,442,110,10,2,80.23
18,204,442,111,10,2,81.37
18,204,442,112,10,2,82.17
18,204,442,113,10,2,83.45
18,204,442,114,10,2,84.15
18,204,442,115,10,2,84.1325
18,204,442,116,10,2,84.4927
18,204,442,117,10,2,84.9438
18,204,442,118,10,2,85.4066
18,204,442,119,10,2,85.8907
18,204,442,120,10,2,86.2695
18,204,442,121,10,2,86.7567
18,204,442,122,10,2,87.1861
18,204,442,123,10,2,87.6763
18,204,442,124,10,2,88.23
18,204,442,125,10,2,88.6712
18,204,442,126,10,2,89.164
18,204,442,127,10,2,89.6511
18,204,442,128,10,2,90.1437
18,204,442,129,10,2,90.5612
18,204,442,130,10,2,91.0996
18,203,442,101,10,2,69.04
18,203,442,102,10,2,70.76
18,203,442,103,10,2,72.46
18,203,442,104,10,2,73.22
18,203,442,105,10,2,73.85
18,203,442,106,10,2,75.22
18,203,442,107,10,2,76.41
18,203,442,108,10,2,78.18
18,203,442,109,10,2,79.14
18,203,442,110,10,2,80.23
18,203,442,111,10,2,81.37
18,203,442,112,10,2,82.17
18,203,442,113,10,2,83.45
18,203,442,114,10,2,84.15
18,203,442,115,10,2,85.4439
18,203,442,116,10,2,86.4511
18,203,442,117,10,2,87.3428
18,203,442,118,10,2,88.1649
18,203,442,119,10,2,88.9654
18,203,442,120,10,2,89.7969
18,203,442,121,10,2,90.5649
18,203,442,122,10,2,91.2971
18,203,442,123,10,2,91.9783
18,203,442,124,10,2,92.7565
18,203,442,125,10,2,93.5166
18,203,442,126,10,2,94.2685
18,203,442,127,10,2,94.9868
18,203,442,128,10,2,95.6976
18,203,442,129,10,2,96.5512
18,203,442,130,10,2,97.2327
18,207,442,101,10,2,69.04
18,207,442,102,10,2,70.76
18,207,442,103,10,2,72.46
18,207,442,104,10,2,73.22
18,207,442,105,10,2,73.85
18,207,442,106,10,2,75.22
18,207,442,107,10,2,76.41
18,207,442,108,10,2,78.18
18,207,442,109,10,2,79.14
18,207,442,110,10,2,80.23
18,207,442,111,10,2,81.37
18,207,442,112,10,2,82.17
18,207,442,113,10,2,83.45
18,207,442,114,10,2,84.15
18,207,442,115,10,2,83.7936
18,207,442,116,10,2,83.9551
18,207,442,117,10,2,84.4276
18,207,442,118,10,2,84.5857
18,207,442,119,10,2,85.0373
18,207,442,120,10,2,85.4216
18,207,442,121,10,2,85.8549
18,207,442,122,10,2,86.1586
18,207,442,123,10,2,86.3744
18,207,442,124,10,2,86.9817
18,207,442,125,10,2,87.281
18,207,442,126,10,2,87.5952
18,207,442,127,10,2,88.2498
18,207,442,128,10,2,88.5745
18,207,442,129,10,2,88.9294
18,207,442,130,10,2,89.1595
18,206,442,101,10,2,69.04
18,206,442,102,10,2,70.76
18,206,442,103,10,2,72.46
18,206,442,104,10,2,73.22
18,206,442,105,10,2,73.85
18,206,442,106,10,2,75.22
18,206,442,107,10,2,76.41
18,206,442,108,10,2,78.18
18,206,442,109,10,2,79.14
18,206,442,110,10,2,80.23
18,206,442,111,10,2,81.37
18,206,442,112,10,2,82.17
18,206,442,113,10,2,83.45
18,206,442,114,10,2,84.15
18,206,442,115,10,2,85.8451
18,206,442,116,10,2,86.9159
18,206,442,117,10,2,87.9398
18,206,442,118,10,2,88.9019
18,206,442,119,10,2,89.785
18,206,442,120,10,2,90.6864
18,206,442,121,10,2,91.5809
18,206,442,122,10,2,92.3333
18,206,442,123,10,2,93.2728
18,206,442,124,10,2,93.9632
18,206,442,125,10,2,94.6977
18,206,442,126,10,2,95.5733
18,206,442,127,10,2,96.2953
18,206,442,128,10,2,97.1479
18,206,442,129,10,2,98.0124
18,206,442,130,10,2,98.9067
18,8,442,101,10,2,69.04
18,8,442,102,10,2,70.76
18,8,442,103,10,2,72.46
18,8,442,104,10,2,73.22
18,8,442,105,10,2,73.85
18,8,442,106,10,2,75.22
18,8,442,107,10,2,76.41
18,8,442,108,10,2,78.18
18,8,442,109,10,2,79.14
18,8,442,110,10,2,80.23
18,8,442,111,10,2,81.37
18,8,442,112,10,2,82.17
18,8,442,113,10,2,83.45
18,8,442,114,10,2,84.15
18,8,442,115,10,2,84.15
18,8,442,116,10,2,84.15
18,8,442,117,10,2,84.15
18,8,442,118,10,2,84.15
18,8,442,119,10,2,84.15
18,8,442,120,10,2,84.15
18,8,442,121,10,2,84.15
18,8,442,122,10,2,84.15
18,8,442,123,10,2,84.15
18,8,442,124,10,2,84.15
18,8,442,125,10,2,84.15
18,8,442,126,10,2,84.15
18,8,442,127,10,2,84.15
18,8,442,128,10,2,84.15
18,8,442,129,10,2,84.15
18,8,442,130,10,2,84.15
18,202,528,101,10,2,73.24
18,202,528,102,10,2,74.67
18,202,528,103,10,2,75.81
18,202,528,104,10,2,76.36
18,202,528,105,10,2,77.11
18,202,528,106,10,2,78.43
18,202,528,107,10,2,79.45
18,202,528,108,10,2,79.92
18,202,528,109,10,2,80.19
18,202,528,110,10,2,80.49
18,202,528,111,10,2,80.96
18,202,528,112,10,2,82.2
18,202,528,113,10,2,83.14
18,202,528,114,10,2,83.77
18,202,528,115,10,2,84.3227
18,202,528,116,10,2,84.9328
18,202,528,117,10,2,85.4985
18,202,528,118,10,2,86.1057
18,202,528,119,10,2,86.7257
18,202,528,120,10,2,87.3145
18,202,528,121,10,2,87.9081
18,202,528,122,10,2,88.5156
18,202,528,123,10,2,89.0767
18,202,528,124,10,2,89.6307
18,202,528,125,10,2,90.2378
18,202,528,126,10,2,90.7702
18,202,528,127,10,2,91.3669
18,202,528,128,10,2,91.9233
18,202,528,129,10,2,92.4535
18,202,528,130,10,2,92.9987
18,204,528,101,10,2,73.24
18,204,528,102,10,2,74.67
18,204,528,103,10,2,75.81
18,204,528,104,10,2,76.36
18,204,528,105,10,2,77.11
18,204,528,106,10,2,78.43
18,204,528,107,10,2,79.45
18,204,528,108,10,2,79.92
18,204,528,109,10,2,80.19
18,204,528,110,10,2,80.49
18,204,528,111,10,2,80.96
18,204,528,112,10,2,82.2
18,204,528,113,10,2,83.14
18,204,528,114,10,2,83.77
18,204,528,115,10,2,83.6835
18,204,528,116,10,2,84.0105
18,204,528,117,10,2,84.3778
18,204,528,118,10,2,84.736
18,204,528,119,10,2,85.1389
18,204,528,120,10,2,85.6263
18,204,528,121,10,2,86.0209
18,204,528,122,10,2,86.5016
18,204,528,123,10,2,86.8923
18,204,528,124,10,2,87.2873
18,204,528,125,10,2,87.791
18,204,528,126,10,2,88.1658
18,204,528,127,10,2,88.5688
18,204,528,128,10,2,89.0201
18,204,528,129,10,2,89.5414
18,204,528,130,10,2,90.0501
18,203,528,101,10,2,73.24
18,203,528,102,10,2,74.67
18,203,528,103,10,2,75.81
18,203,528,104,10,2,76.36
18,203,528,105,10,2,77.11
18,203,528,106,10,2,78.43
18,203,528,107,10,2,79.45
18,203,528,108,10,2,79.92
18,203,528,109,10,2,80.19
18,203,528,110,10,2,80.49
18,203,528,111,10,2,80.96
18,203,528,112,10,2,82.2
18,203,528,113,10,2,83.14
18,203,528,114,10,2,83.77
18,203,528,115,10,2,85.0269
18,203,528,116,10,2,85.9054
18,203,528,117,10,2,86.7456
18,203,528,118,10,2,87.5539
18,203,528,119,10,2,88.2877
18,203,528,120,10,2,89.0384
18,203,528,121,10,2,89.8913
18,203,528,122,10,2,90.5648
18,203,528,123,10,2,91.36
18,203,528,124,10,2,92.0454
18,203,528,125,10,2,92.7259
18,203,528,126,10,2,93.3976
18,203,528,127,10,2,94.0556
18,203,528,128,10,2,94.699
18,203,528,129,10,2,95.3884
18,203,528,130,10,2,96.2298
18,207,528,101,10,2,73.24
18,207,528,102,10,2,74.67
18,207,528,103,10,2,75.81
18,207,528,104,10,2,76.36
18,207,528,105,10,2,77.11
18,207,528,106,10,2,78.43
18,207,528,107,10,2,79.45
18,207,528,108,10,2,79.92
18,207,528,109,10,2,80.19
18,207,528,110,10,2,80.49
18,207,528,111,10,2,80.96
18,207,528,112,10,2,82.2
18,207,528,113,10,2,83.14
18,207,528,114,10,2,83.77
18,207,528,115,10,2,83.3671
18,207,528,116,10,2,83.5218
18,207,528,117,10,2,83.8005
18,207,528,118,10,2,84.0986
18,207,528,119,10,2,84.4737
18,207,528,120,10,2,84.688
18,207,528,121,10,2,85.1072
18,207,528,122,10,2,85.361
18,207,528,123,10,2,85.9011
18,207,528,124,10,2,86.1193
18,207,528,125,10,2,86.6649
18,207,528,126,10,2,86.9673
18,207,528,127,10,2,87.2741
18,207,528,128,10,2,87.4039
18,207,528,129,10,2,87.7958
18,207,528,130,10,2,88.126
18,206,528,101,10,2,73.24
18,206,528,102,10,2,74.67
18,206,528,103,10,2,75.81
18,206,528,104,10,2,76.36
18,206,528,105,10,2,77.11
18,206,528,106,10,2,78.43
18,206,528,107,10,2,79.45
18,206,528,108,10,2,79.92
18,206,528,109,10,2,80.19
18,206,528,110,10,2,80.49
18,206,528,111,10,2,80.96
18,206,528,112,10,2,82.2
18,206,528,113,10,2,83.14
18,206,528,114,10,2,83.77
18,206,528,115,10,2,85.3823
18,206,528,116,10,2,86.5155
18,206,528,117,10,2,87.5107
18,206,528,118,10,2,88.3103
18,206,528,119,10,2,89.346
18,206,528,120,10,2,90.0006
18,206,528,121,10,2,90.8068
18,206,528,122,10,2,91.6061
18,206,528,123,10,2,92.5561
18,206,528,124,10,2,93.4202
18,206,528,125,10,2,94.1549
18,206,528,126,10,2,94.8962
18,206,528,127,10,2,95.4874
18,206,528,128,10,2,96.0756
18,206,528,129,10,2,97.0642
18,206,528,130,10,2,97.7767
18,8,528,101,10,2,73.24
18,8,528,102,10,2,74.67
18,8,528,103,10,2,75.81
18,8,528,104,10,2,76.36
18,8,528,105,10,2,77.11
18,8,528,106,10,2,78.43
18,8,528,107,10,2,79.45
18,8,528,108,10,2,79.92
18,8,528,109,10,2,80.19
18,8,528,110,10,2,80.49
18,8,528,111,10,2,80.96
18,8,528,112,10,2,82.2
18,8,528,113,10,2,83.14
18,8,528,114,10,2,83.77
18,8,528,115,10,2,83.77
18,8,528,116,10,2,83.77
18,8,528,117,10,2,83.77
18,8,528,118,10,2,83.77
18,8,528,119,10,2,83.77
18,8,528,120,10,2,83.77
18,8,528,121,10,2,83.77
18,8,528,122,10,2,83.77
18,8,528,123,10,2,83.77
18,8,528,124,10,2,83.77
18,8,528,125,10,2,83.77
18,8,528,126,10,2,83.77
18,8,528,127,10,2,83.77
18,8,528,128,10,2,83.77
18,8,528,129,10,2,83.77
18,8,528,130,10,2,83.77
18,202,756,101,10,2,71.63
18,202,756,102,10,2,73.24
18,202,756,103,10,2,74.43
18,202,756,104,10,2,75.44
18,202,756,105,10,2,76.77
18,202,756,106,10,2,78.45
18,202,756,107,10,2,79.4
18,202,756,108,10,2,80.56
18,202,756,109,10,2,81.25
18,202,756,110,10,2,82.16
18,202,756,111,10,2,83.08
18,202,756,112,10,2,84.09
18,202,756,113,10,2,84.75
18,202,756,114,10,2,85.41
18,202,756,115,10,2,86.0663
18,202,756,116,10,2,86.731
18,202,756,117,10,2,87.3873
18,202,756,118,10,2,87.9384
18,202,756,119,10,2,88.5269
18,202,756,120,10,2,89.1236
18,202,756,121,10,2,89.6927
18,202,756,122,10,2,90.328
18,202,756,123,10,2,90.9005
18,202,756,124,10,2,91.4323
18,202,756,125,10,2,92.0076
18,202,756,126,10,2,92.5832
18,202,756,127,10,2,93.195
18,202,756,128,10,2,93.7807
18,202,756,129,10,2,94.3745
18,202,756,130,10,2,94.9449
18,204,756,101,10,2,71.63
18,204,756,102,10,2,73.24
18,204,756,103,10,2,74.43
18,204,756,104,10,2,75.44
18,204,756,105,10,2,76.77
18,204,756,106,10,2,78.45
18,204,756,107,10,2,79.4
18,204,756,108,10,2,80.56
18,204,756,109,10,2,81.25
18,204,756,110,10,2,82.16
18,204,756,111,10,2,83.08
18,204,756,112,10,2,84.09
18,204,756,113,10,2,84.75
18,204,756,114,10,2,85.41
18,204,756,115,10,2,85.3492
18,204,756,116,10,2,85.6187
18,204,756,117,10,2,86.0596
18,204,756,118,10,2,86.5021
18,204,756,119,10,2,86.8591
18,204,756,120,10,2,87.3561
18,204,756,121,10,2,87.8607
18,204,756,122,10,2,88.3063
18,204,756,123,10,2,88.6974
18,204,756,124,10,2,89.1849
18,204,756,125,10,2,89.6386
18,204,756,126,10,2,90.0686
18,204,756,127,10,2,90.5229
18,204,756,128,10,2,91.0755
18,204,756,129,10,2,91.5788
18,204,756,130,10,2,92.0281
18,203,756,101,10,2,71.63
18,203,756,102,10,2,73.24
18,203,756,103,10,2,74.43
18,203,756,104,10,2,75.44
18,203,756,105,10,2,76.77
18,203,756,106,10,2,78.45
18,203,756,107,10,2,79.4
18,203,756,108,10,2,80.56
18,203,756,109,10,2,81.25
18,203,756,110,10,2,82.16
18,203,756,111,10,2,83.08
18,203,756,112,10,2,84.09
18,203,756,113,10,2,84.75
18,203,756,114,10,2,85.41
18,203,756,115,10,2,86.8079
18,203,756,116,10,2,87.7125
18,203,756,117,10,2,88.566
18,203,756,118,10,2,89.32
18,203,756,119,10,2,90.0952
18,203,756,120,10,2,90.7972
18,203,756,121,10,2,91.5965
18,203,756,122,10,2,92.2576
18,203,756,123,10,2,93.0478
18,203,756,124,10,2,93.7399
18,203,756,125,10,2,94.5731
18,203,756,126,10,2,95.2118
18,203,756,127,10,2,95.896
18,203,756,128,10,2,96.4666
18,203,756,129,10,2,97.0744
18,203,756,130,10,2,97.8239
18,207,756,101,10,2,71.63
18,207,756,102,10,2,73.24
18,207,756,103,10,2,74.43
18,207,756,104,10,2,75.44
18,207,756,105,10,2,76.77
18,207,756,106,10,2,78.45
18,207,756,107,10,2,79.4
18,207,756,108,10,2,80.56
18,207,756,109,10,2,81.25
18,207,756,110,10,2,82.16
18,207,756,111,10,2,83.08
18,207,756,112,10,2,84.09
18,207,756,113,10,2,84.75
18,207,756,114,10,2,85.41
18,207,756,115,10,2,84.9886
18,207,756,116,10,2,85.1268
18,207,756,117,10,2,85.4313
18,207,756,118,10,2,85.7699
18,207,756,119,10,2,86.1387
18,207,756,120,10,2,86.5554
18,207,756,121,10,2,86.9087
18,207,756,122,10,2,87.3479
18,207,756,123,10,2,87.6939
18,207,756,124,10,2,87.9921
18,207,756,125,10,2,88.321
18,207,756,126,10,2,88.8095
18,207,756,127,10,2,89.0527
18,207,756,128,10,2,89.4525
18,207,756,129,10,2,90.0414
18,207,756,130,10,2,90.3036
18,206,756,101,10,2,71.63
18,206,756,102,10,2,73.24
18,206,756,103,10,2,74.43
18,206,756,104,10,2,75.44
18,206,756,105,10,2,76.77
18,206,756,106,10,2,78.45
18,206,756,107,10,2,79.4
18,206,756,108,10,2,80.56
18,206,756,109,10,2,81.25
18,206,756,110,10,2,82.16
18,206,756,111,10,2,83.08
18,206,756,112,10,2,84.09
18,206,756,113,10,2,84.75
18,206,756,114,10,2,85.41
18,206,756,115,10,2,87.2375
18,206,756,116,10,2,88.2446
18,206,756,117,10,2,89.2493
18,206,756,118,10,2,89.961
18,206,756,119,10,2,90.9181
18,206,756,120,10,2,91.6376
18,206,756,121,10,2,92.5451
18,206,756,122,10,2,93.1907
18,206,756,123,10,2,94.1125
18,206,756,124,10,2,94.9519
18,206,756,125,10,2,95.9007
18,206,756,126,10,2,96.6396
18,206,756,127,10,2,97.3544
18,206,756,128,10,2,98.0516
18,206,756,129,10,2,98.8018
18,206,756,130,10,2,99.3523
18,8,756,101,10,2,71.63
18,8,756,102,10,2,73.24
18,8,756,103,10,2,74.43
18,8,756,104,10,2,75.44
18,8,756,105,10,2,76.77
18,8,756,106,10,2,78.45
18,8,756,107,10,2,79.4
18,8,756,108,10,2,80.56
18,8,756,109,10,2,81.25
18,8,756,110,10,2,82.16
18,8,756,111,10,2,83.08
18,8,756,112,10,2,84.09
18,8,756,113,10,2,84.75
18,8,756,114,10,2,85.41
18,8,756,115,10,2,85.41
18,8,756,116,10,2,85.41
18,8,756,117,10,2,85.41
18,8,756,118,10,2,85.41
18,8,756,119,10,2,85.41
18,8,756,120,10,2,85.41
18,8,756,121,10,2,85.41
18,8,756,122,10,2,85.41
18,8,756,123,10,2,85.41
18,8,756,124,10,2,85.41
18,8,756,125,10,2,85.41
18,8,756,126,10,2,85.41
18,8,756,127,10,2,85.41
18,8,756,128,10,2,85.41
18,8,756,129,10,2,85.41
18,8,756,130,10,2,85.41
18,202,124,101,10,2,71.68
18,202,124,102,10,2,73.32
18,202,124,103,10,2,74.63
18,202,124,104,10,2,75.71
18,202,124,105,10,2,76.73
18,202,124,106,10,2,78.1
18,202,124,107,10,2,79.38
18,202,124,108,10,2,80.13
18,202,124,109,10,2,80.83
18,202,124,110,10,2,81.32
18,202,124,111,10,2,82.1
18,202,124,112,10,2,82.99
18,202,124,113,10,2,83.85
18,202,124,114,10,2,84.25
18,202,124,115,10,2,84.887
18,202,124,116,10,2,85.4681
18,202,124,117,10,2,86.0702
18,202,124,118,10,2,86.7119
18,202,124,119,10,2,87.3075
18,202,124,120,10,2,87.8371
18,202,124,121,10,2,88.4008
18,202,124,122,10,2,89.0277
18,202,124,123,10,2,89.56
18,202,124,124,10,2,90.1292
18,202,124,125,10,2,90.6725
18,202,124,126,10,2,91.2568
18,202,124,127,10,2,91.6983
18,202,124,128,10,2,92.3248
18,202,124,129,10,2,92.8945
18,202,124,130,10,2,93.4944
18,204,124,101,10,2,71.68
18,204,124,102,10,2,73.32
18,204,124,103,10,2,74.63
18,204,124,104,10,2,75.71
18,204,124,105,10,2,76.73
18,204,124,106,10,2,78.1
18,204,124,107,10,2,79.38
18,204,124,108,10,2,80.13
18,204,124,109,10,2,80.83
18,204,124,110,10,2,81.32
18,204,124,111,10,2,82.1
18,204,124,112,10,2,82.99
18,204,124,113,10,2,83.85
18,204,124,114,10,2,84.25
18,204,124,115,10,2,84.2342
18,204,124,116,10,2,84.5499
18,204,124,117,10,2,84.9264
18,204,124,118,10,2,85.2816
18,204,124,119,10,2,85.7966
18,204,124,120,10,2,86.178
18,204,124,121,10,2,86.6302
18,204,124,122,10,2,87.0312
18,204,124,123,10,2,87.5088
18,204,124,124,10,2,87.8382
18,204,124,125,10,2,88.3063
18,204,124,126,10,2,88.7337
18,204,124,127,10,2,89.197
18,204,124,128,10,2,89.7002
18,204,124,129,10,2,90.0677
18,204,124,130,10,2,90.4504
18,203,124,101,10,2,71.68
18,203,124,102,10,2,73.32
18,203,124,103,10,2,74.63
18,203,124,104,10,2,75.71
18,203,124,105,10,2,76.73
18,203,124,106,10,2,78.1
18,203,124,107,10,2,79.38
18,203,124,108,10,2,80.13
18,203,124,109,10,2,80.83
18,203,124,110,10,2,81.32
18,203,124,111,10,2,82.1
18,203,124,112,10,2,82.99
18,203,124,113,10,2,83.85
18,203,124,114,10,2,84.25
18,203,124,115,10,2,85.6109
18,203,124,116,10,2,86.4683
18,203,124,117,10,2,87.2679
18,203,124,118,10,2,87.992
18,203,124,119,10,2,88.8108
18,203,124,120,10,2,89.6022
18,203,124,121,10,2,90.3824
18,203,124,122,10,2,91.0981
18,203,124,123,10,2,91.7862
18,203,124,124,10,2,92.4452
18,203,124,125,10,2,93.0305
18,203,124,126,10,2,93.8367
18,203,124,127,10,2,94.5166
18,203,124,128,10,2,95.0873
18,203,124,129,10,2,95.8392
18,203,124,130,10,2,96.5925
18,207,124,101,10,2,71.68
18,207,124,102,10,2,73.32
18,207,124,103,10,2,74.63
18,207,124,104,10,2,75.71
18,207,124,105,10,2,76.73
18,207,124,106,10,2,78.1
18,207,124,107,10,2,79.38
18,207,124,108,10,2,80.13
18,207,124,109,10,2,80.83
18,207,124,110,10,2,81.32
18,207,124,111,10,2,82.1
18,207,124,112,10,2,82.99
18,207,124,113,10,2,83.85
18,207,124,114,10,2,84.25
18,207,124,115,10,2,83.9015
18,207,124,116,10,2,83.9981
18,207,124,117,10,2,84.2732
18,207,124,118,10,2,84.6134
18,207,124,119,10,2,84.9677
18,207,124,120,10,2,85.3691
18,207,124,121,10,2,85.7503
18,207,124,122,10,2,85.9703
18,207,124,123,10,2,86.3357
18,207,124,124,10,2,86.6446
18,207,124,125,10,2,86.9338
18,207,124,126,10,2,87.2695
18,207,124,127,10,2,87.6435
18,207,124,128,10,2,88.0602
18,207,124,129,10,2,88.5126
18,207,124,130,10,2,88.8831
18,206,124,101,10,2,71.68
18,206,124,102,10,2,73.32
18,206,124,103,10,2,74.63
18,206,124,104,10,2,75.71
18,206,124,105,10,2,76.73
18,206,124,106,10,2,78.1
18,206,124,107,10,2,79.38
18,206,124,108,10,2,80.13
18,206,124,109,10,2,80.83
18,206,124,110,10,2,81.32
18,206,124,111,10,2,82.1
18,206,124,112,10,2,82.99
18,206,124,113,10,2,83.85
18,206,124,114,10,2,84.25
18,206,124,115,10,2,85.9243
18,206,124,116,10,2,86.9275
18,206,124,117,10,2,87.8019
18,206,124,118,10,2,88.7329
18,206,124,119,10,2,89.5337
18,206,124,120,10,2,90.5024
18,206,124,121,10,2,91.2865
18,206,124,122,10,2,91.9813
18,206,124,123,10,2,92.7951
18,206,124,124,10,2,93.803
18,206,124,125,10,2,94.6271
18,206,124,126,10,2,95.5617
18,206,124,127,10,2,96.2231
18,206,124,128,10,2,96.8476
18,206,124,129,10,2,97.3994
18,206,124,130,10,2,98.1761
18,8,124,101,10,2,71.68
18,8,124,102,10,2,73.32
18,8,124,103,10,2,74.63
18,8,124,104,10,2,75.71
18,8,124,105,10,2,76.73
18,8,124,106,10,2,78.1
18,8,124,107,10,2,79.38
18,8,124,108,10,2,80.13
18,8,124,109,10,2,80.83
18,8,124,110,10,2,81.32
18,8,124,111,10,2,82.1
18,8,124,112,10,2,82.99
18,8,124,113,10,2,83.85
18,8,124,114,10,2,84.25
18,8,124,115,10,2,84.25
18,8,124,116,10,2,84.25
18,8,124,117,10,2,84.25
18,8,124,118,10,2,84.25
18,8,124,119,10,2,84.25
18,8,124,120,10,2,84.25
18,8,124,121,10,2,84.25
18,8,124,122,10,2,84.25
18,8,124,123,10,2,84.25
18,8,124,124,10,2,84.25
18,8,124,125,10,2,84.25
18,8,124,126,10,2,84.25
18,8,124,127,10,2,84.25
18,8,124,128,10,2,84.25
18,8,124,129,10,2,84.25
18,8,124,130,10,2,84.25
18,202,840,101,10,2,71.84
18,202,840,102,10,2,73.01
18,202,840,103,10,2,73.65
18,202,840,104,10,2,74.21
18,202,840,105,10,2,75.35
18,202,840,106,10,2,77.12
18,202,840,107,10,2,77.99
18,202,840,108,10,2,78.4
18,202,840,109,10,2,79.02
18,202,840,110,10,2,79.33
18,202,840,111,10,2,79.74
18,202,840,112,10,2,80.66
18,202,840,113,10,2,81.32
18,202,840,114,10,2,81.34
18,202,840,115,10,2,81.9878
18,202,840,116,10,2,82.6063
18,202,840,117,10,2,83.166
18,202,840,118,10,2,83.7281
18,202,840,119,10,2,84.2988
18,202,840,120,10,2,84.8566
18,202,840,121,10,2,85.3814
18,202,840,122,10,2,85.9445
18,202,840,123,10,2,86.4993
18,202,840,124,10,2,86.9914
18,202,840,125,10,2,87.5942
18,202,840,126,10,2,88.1752
18,202,840,127,10,2,88.6144
18,202,840,128,10,2,89.1159
18,202,840,129,10,2,89.7019
18,202,840,130,10,2,90.2152
18,204,840,101,10,2,71.84
18,204,840,102,10,2,73.01
18,204,840,103,10,2,73.65
18,204,840,104,10,2,74.21
18,204,840,105,10,2,75.35
18,204,840,106,10,2,77.12
18,204,840,107,10,2,77.99
18,204,840,108,10,2,78.4
18,204,840,109,10,2,79.02
18,204,840,110,10,2,79.33
18,204,840,111,10,2,79.74
18,204,840,112,10,2,80.66
18,204,840,113,10,2,81.32
18,204,840,114,10,2,81.34
18,204,840,115,10,2,81.2049
18,204,840,116,10,2,81.5059
18,204,840,117,10,2,81.8547
18,204,840,118,10,2,82.2419
18,204,840,119,10,2,82.618
18,204,840,120,10,2,83.0414
18,204,840,121,10,2,83.3205
18,204,840,122,10,2,83.8238
18,204,840,123,10,2,84.2803
18,204,840,124,10,2,84.7076
18,204,840,125,10,2,85.0686
18,204,840,126,10,2,85.527
18,204,840,127,10,2,85.823
18,204,840,128,10,2,86.2803
18,204,840,129,10,2,86.6695
18,204,840,130,10,2,87.1
18,203,840,101,10,2,71.84
18,203,840,102,10,2,73.01
18,203,840,103,10,2,73.65
18,203,840,104,10,2,74.21
18,203,840,105,10,2,75.35
18,203,840,106,10,2,77.12
18,203,840,107,10,2,77.99
18,203,840,108,10,2,78.4
18,203,840,109,10,2,79.02
18,203,840,110,10,2,79.33
18,203,840,111,10,2,79.74
18,203,840,112,10,2,80.66
18,203,840,113,10,2,81.32
18,203,840,114,10,2,81.34
18,203,840,115,10,2,82.6946
18,203,840,116,10,2,83.5845
18,203,840,117,10,2,84.3607
18,203,840,118,10,2,85.2084
18,203,840,119,10,2,85.9679
18,203,840,120,10,2,86.7057
18,203,840,121,10,2,87.4651
18,203,840,122,10,2,88.1759
18,203,840,123,10,2,88.8989
18,203,840,124,10,2,89.5039
18,203,840,125,10,2,90.1629
18,203,840,126,10,2,90.7375
18,203,840,127,10,2,91.4328
18,203,840,128,10,2,92.0508
18,203,840,129,10,2,92.6791
18,203,840,130,10,2,93.3268
18,207,840,101,10,2,71.84
18,207,840,102,10,2,73.01
18,207,840,103,10,2,73.65
18,207,840,104,10,2,74.21
18,207,840,105,10,2,75.35
18,207,840,106,10,2,77.12
18,207,840,107,10,2,77.99
18,207,840,108,10,2,78.4
18,207,840,109,10,2,79.02
18,207,840,110,10,2,79.33
18,207,840,111,10,2,79.74
18,207,840,112,10,2,80.66
18,207,840,113,10,2,81.32
18,207,840,114,10,2,81.34
18,207,840,115,10,2,80.7784
18,207,840,116,10,2,80.9387
18,207,840,117,10,2,81.1633
18,207,840,118,10,2,81.4068
18,207,840,119,10,2,81.7271
18,207,840,120,10,2,81.9001
18,207,840,121,10,2,82.3335
18,207,840,122,10,2,82.5593
18,207,840,123,10,2,83.0621
18,207,840,124,10,2,83.3732
18,207,840,125,10,2,83.7655
18,207,840,126,10,2,83.796
18,207,840,127,10,2,84.446
18,207,840,128,10,2,84.4092
18,207,840,129,10,2,84.7482
18,207,840,130,10,2,85.0171
18,206,840,101,10,2,71.84
18,206,840,102,10,2,73.01
18,206,840,103,10,2,73.65
18,206,840,104,10,2,74.21
18,206,840,105,10,2,75.35
18,206,840,106,10,2,77.12
18,206,840,107,10,2,77.99
18,206,840,108,10,2,78.4
18,206,840,109,10,2,79.02
18,206,840,110,10,2,79.33
18,206,840,111,10,2,79.74
18,206,840,112,10,2,80.66
18,206,840,113,10,2,81.32
18,206,840,114,10,2,81.34
18,206,840,115,10,2,83.1243
18,206,840,116,10,2,84.14
18,206,840,117,10,2,84.9979
18,206,840,118,10,2,85.9288
18,206,840,119,10,2,86.8343
18,206,840,120,10,2,87.8297
18,206,840,121,10,2,88.3698
18,206,840,122,10,2,89.2466
18,206,840,123,10,2,90.143
18,206,840,124,10,2,90.7905
18,206,840,125,10,2,91.6264
18,206,840,126,10,2,92.2835
18,206,840,127,10,2,92.9658
18,206,840,128,10,2,93.5698
18,206,840,129,10,2,94.4274
18,206,840,130,10,2,94.8893
18,8,840,101,10,2,71.84
18,8,840,102,10,2,73.01
18,8,840,103,10,2,73.65
18,8,840,104,10,2,74.21
18,8,840,105,10,2,75.35
18,8,840,106,10,2,77.12
18,8,840,107,10,2,77.99
18,8,840,108,10,2,78.4
18,8,840,109,10,2,79.02
18,8,840,110,10,2,79.33
18,8,840,111,10,2,79.74
18,8,840,112,10,2,80.66
18,8,840,113,10,2,81.32
18,8,840,114,10,2,81.34
18,8,840,115,10,2,81.34
18,8,840,116,10,2,81.34
18,8,840,117,10,2,81.34
18,8,840,118,10,2,81.34
18,8,840,119,10,2,81.34
18,8,840,120,10,2,81.34
18,8,840,121,10,2,81.34
18,8,840,122,10,2,81.34
18,8,840,123,10,2,81.34
18,8,840,124,10,2,81.34
18,8,840,125,10,2,81.34
18,8,840,126,10,2,81.34
18,8,840,127,10,2,81.34
18,8,840,128,10,2,81.34
18,8,840,129,10,2,81.34
18,8,840,130,10,2,81.34
18,202,404,101,10,2,44.37
18,202,404,102,10,2,46.85
18,202,404,103,10,2,50.5
18,202,404,104,10,2,53.17
18,202,404,105,10,2,55.98
18,202,404,106,10,2,58.37
18,202,404,107,10,2,60.67
18,202,404,108,10,2,60.8
18,202,404,109,10,2,58.34
18,202,404,110,10,2,54.37
18,202,404,111,10,2,53.89
18,202,404,112,10,2,60.28
18,202,404,113,10,2,65.17
18,202,404,114,10,2,68.5
18,202,404,115,10,2,69.1308
18,202,404,116,10,2,69.6522
18,202,404,117,10,2,70.2321
18,202,404,118,10,2,70.9546
18,202,404,119,10,2,71.5624
18,202,404,120,10,2,72.1533
18,202,404,121,10,2,72.6179
18,202,404,122,10,2,73.2591
18,202,404,123,10,2,73.728
18,202,404,124,10,2,74.2814
18,202,404,125,10,2,74.859
18,202,404,126,10,2,75.3673
18,202,404,127,10,2,75.9444
18,202,404,128,10,2,76.4002
18,202,404,129,10,2,77.0026
18,202,404,130,10,2,77.4492
18,204,404,101,10,2,44.37
18,204,404,102,10,2,46.85
18,204,404,103,10,2,50.5
18,204,404,104,10,2,53.17
18,204,404,105,10,2,55.98
18,204,404,106,10,2,58.37
18,204,404,107,10,2,60.67
18,204,404,108,10,2,60.8
18,204,404,109,10,2,58.34
18,204,404,110,10,2,54.37
18,204,404,111,10,2,53.89
18,204,404,112,10,2,60.28
18,204,404,113,10,2,65.17
18,204,404,114,10,2,68.5
18,204,404,115,10,2,67.9245
18,204,404,116,10,2,68.0579
18,204,404,117,10,2,68.3052
18,204,404,118,10,2,68.586
18,204,404,119,10,2,68.7992
18,204,404,120,10,2,69.0672
18,204,404,121,10,2,69.5539
18,204,404,122,10,2,70.0684
18,204,404,123,10,2,70.3824
18,204,404,124,10,2,70.6341
18,204,404,125,10,2,71.0268
18,204,404,126,10,2,71.3614
18,204,404,127,10,2,71.7932
18,204,404,128,10,2,72.2359
18,204,404,129,10,2,72.7149
18,204,404,130,10,2,73.0897
18,203,404,101,10,2,44.37
18,203,404,102,10,2,46.85
18,203,404,103,10,2,50.5
18,203,404,104,10,2,53.17
18,203,404,105,10,2,55.98
18,203,404,106,10,2,58.37
18,203,404,107,10,2,60.67
18,203,404,108,10,2,60.8
18,203,404,109,10,2,58.34
18,203,404,110,10,2,54.37
18,203,404,111,10,2,53.89
18,203,404,112,10,2,60.28
18,203,404,113,10,2,65.17
18,203,404,114,10,2,68.5
18,203,404,115,10,2,70.2932
18,203,404,116,10,2,71.3368
18,203,404,117,10,2,72.304
18,203,404,118,10,2,73.1412
18,203,404,119,10,2,73.9205
18,203,404,120,10,2,74.745
18,203,404,121,10,2,75.627
18,203,404,122,10,2,76.4252
18,203,404,123,10,2,77.1696
18,203,404,124,10,2,77.8838
18,203,404,125,10,2,78.5392
18,203,404,126,10,2,79.2828
18,203,404,127,10,2,79.7072
18,203,404,128,10,2,80.4563
18,203,404,129,10,2,81.0307
18,203,404,130,10,2,81.8252
18,207,404,101,10,2,44.37
18,207,404,102,10,2,46.85
18,207,404,103,10,2,50.5
18,207,404,104,10,2,53.17
18,207,404,105,10,2,55.98
18,207,404,106,10,2,58.37
18,207,404,107,10,2,60.67
18,207,404,108,10,2,60.8
18,207,404,109,10,2,58.34
18,207,404,110,10,2,54.37
18,207,404,111,10,2,53.89
18,207,404,112,10,2,60.28
18,207,404,113,10,2,65.17
18,207,404,114,10,2,68.5
18,207,404,115,10,2,67.2482
18,207,404,116,10,2,67.2879
18,207,404,117,10,2,67.4825
18,207,404,118,10,2,67.3697
18,207,404,119,10,2,67.3852
18,207,404,120,10,2,67.6891
18,207,404,121,10,2,67.8988
18,207,404,122,10,2,68.3488
18,207,404,123,10,2,68.6615
18,207,404,124,10,2,68.9939
18,207,404,125,10,2,69.2804
18,207,404,126,10,2,69.7182
18,207,404,127,10,2,70.0566
18,207,404,128,10,2,70.5611
18,207,404,129,10,2,70.6359
18,207,404,130,10,2,70.7788
18,206,404,101,10,2,44.37
18,206,404,102,10,2,46.85
18,206,404,103,10,2,50.5
18,206,404,104,10,2,53.17
18,206,404,105,10,2,55.98
18,206,404,106,10,2,58.37
18,206,404,107,10,2,60.67
18,206,404,108,10,2,60.8
18,206,404,109,10,2,58.34
18,206,404,110,10,2,54.37
18,206,404,111,10,2,53.89
18,206,404,112,10,2,60.28
18,206,404,113,10,2,65.17
18,206,404,114,10,2,68.5
18,206,404,115,10,2,71.0124
18,206,404,116,10,2,72.2077
18,206,404,117,10,2,73.3993
18,206,404,118,10,2,74.4343
18,206,404,119,10,2,75.3314
18,206,404,120,10,2,76.2683
18,206,404,121,10,2,77.1992
18,206,404,122,10,2,78.1121
18,206,404,123,10,2,78.8965
18,206,404,124,10,2,79.451
18,206,404,125,10,2,80.1925
18,206,404,126,10,2,80.8181
18,206,404,127,10,2,81.7663
18,206,404,128,10,2,82.7853
18,206,404,129,10,2,83.1921
18,206,404,130,10,2,83.6957
18,8,404,101,10,2,44.37
18,8,404,102,10,2,46.85
18,8,404,103,10,2,50.5
18,8,404,104,10,2,53.17
18,8,404,105,10,2,55.98
18,8,404,106,10,2,58.37
18,8,404,107,10,2,60.67
18,8,404,108,10,2,60.8
18,8,404,109,10,2,58.34
18,8,404,110,10,2,54.37
18,8,404,111,10,2,53.89
18,8,404,112,10,2,60.28
18,8,404,113,10,2,65.17
18,8,404,114,10,2,68.5
18,8,404,115,10,2,68.5
18,8,404,116,10,2,68.5
18,8,404,117,10,2,68.5
18,8,404,118,10,2,68.5
18,8,404,119,10,2,68.5
18,8,404,120,10,2,68.5
18,8,404,121,10,2,68.5
18,8,404,122,10,2,68.5
18,8,404,123,10,2,68.5
18,8,404,124,10,2,68.5
18,8,404,125,10,2,68.5
18,8,404,126,10,2,68.5
18,8,404,127,10,2,68.5
18,8,404,128,10,2,68.5
18,8,404,129,10,2,68.5
18,8,404,130,10,2,68.5
18,202,454,101,10,2,34.69
18,202,454,102,10,2,35.92
18,202,454,103,10,2,37.46
18,202,454,104,10,2,38.79
18,202,454,105,10,2,41.41
18,202,454,106,10,2,43.79
18,202,454,107,10,2,46.04
18,202,454,108,10,2,47.54
18,202,454,109,10,2,48.65
18,202,454,110,10,2,48.24
18,202,454,111,10,2,48.04
18,202,454,112,10,2,54.02
18,202,454,113,10,2,62.51
18,202,454,114,10,2,66.57
18,202,454,115,10,2,69.6447
18,202,454,116,10,2,72.421
18,202,454,117,10,2,74.3794
18,202,454,118,10,2,76.1234
18,202,454,119,10,2,77.3925
18,202,454,120,10,2,78.5829
18,202,454,121,10,2,79.6174
18,202,454,122,10,2,80.5658
18,202,454,123,10,2,81.4296
18,202,454,124,10,2,82.2258
18,202,454,125,10,2,82.8983
18,202,454,126,10,2,83.59
18,202,454,127,10,2,84.3572
18,202,454,128,10,2,84.9816
18,202,454,129,10,2,85.6338
18,202,454,130,10,2,86.2148
18,204,454,101,10,2,34.69
18,204,454,102,10,2,35.92
18,204,454,103,10,2,37.46
18,204,454,104,10,2,38.79
18,204,454,105,10,2,41.41
18,204,454,106,10,2,43.79
18,204,454,107,10,2,46.04
18,204,454,108,10,2,47.54
18,204,454,109,10,2,48.65
18,204,454,110,10,2,48.24
18,204,454,111,10,2,48.04
18,204,454,112,10,2,54.02
18,204,454,113,10,2,62.51
18,204,454,114,10,2,66.57
18,204,454,115,10,2,68.1841
18,204,454,116,10,2,69.8724
18,204,454,117,10,2,71.2594
18,204,454,118,10,2,72.3836
18,204,454,119,10,2,73.4281
18,204,454,120,10,2,74.2917
18,204,454,121,10,2,74.9834
18,204,454,122,10,2,75.7232
18,204,454,123,10,2,76.5581
18,204,454,124,10,2,77.0409
18,204,454,125,10,2,77.4957
18,204,454,126,10,2,78.0935
18,204,454,127,10,2,78.6478
18,204,454,128,10,2,79.2444
18,204,454,129,10,2,79.8211
18,204,454,130,10,2,80.321
18,203,454,101,10,2,34.69
18,203,454,102,10,2,35.92
18,203,454,103,10,2,37.46
18,203,454,104,10,2,38.79
18,203,454,105,10,2,41.41
18,203,454,106,10,2,43.79
18,203,454,107,10,2,46.04
18,203,454,108,10,2,47.54
18,203,454,109,10,2,48.65
18,203,454,110,10,2,48.24
18,203,454,111,10,2,48.04
18,203,454,112,10,2,54.02
18,203,454,113,10,2,62.51
18,203,454,114,10,2,66.57
18,203,454,115,10,2,71.2873
18,203,454,116,10,2,74.7538
18,203,454,117,10,2,77.5115
18,203,454,118,10,2,79.7652
18,203,454,119,10,2,81.3346
18,203,454,120,10,2,82.5492
18,203,454,121,10,2,83.6088
18,203,454,122,10,2,84.7265
18,203,454,123,10,2,85.5776
18,203,454,124,10,2,86.3318
18,203,454,125,10,2,87.1212
18,203,454,126,10,2,87.7094
18,203,454,127,10,2,88.5262
18,203,454,128,10,2,89.1592
18,203,454,129,10,2,89.7432
18,203,454,130,10,2,90.3748
18,207,454,101,10,2,34.69
18,207,454,102,10,2,35.92
18,207,454,103,10,2,37.46
18,207,454,104,10,2,38.79
18,207,454,105,10,2,41.41
18,207,454,106,10,2,43.79
18,207,454,107,10,2,46.04
18,207,454,108,10,2,47.54
18,207,454,109,10,2,48.65
18,207,454,110,10,2,48.24
18,207,454,111,10,2,48.04
18,207,454,112,10,2,54.02
18,207,454,113,10,2,62.51
18,207,454,114,10,2,66.57
18,207,454,115,10,2,67.1796
18,207,454,116,10,2,68.48
18,207,454,117,10,2,69.344
18,207,454,118,10,2,70.4088
18,207,454,119,10,2,71.1768
18,207,454,120,10,2,71.9916
18,207,454,121,10,2,72.4181
18,207,454,122,10,2,73.1953
18,207,454,123,10,2,73.9201
18,207,454,124,10,2,74.1324
18,207,454,125,10,2,74.7547
18,207,454,126,10,2,75.2131
18,207,454,127,10,2,75.8075
18,207,454,128,10,2,75.8914
18,207,454,129,10,2,76.4892
18,207,454,130,10,2,76.8781
18,206,454,101,10,2,34.69
18,206,454,102,10,2,35.92
18,206,454,103,10,2,37.46
18,206,454,104,10,2,38.79
18,206,454,105,10,2,41.41
18,206,454,106,10,2,43.79
18,206,454,107,10,2,46.04
18,206,454,108,10,2,47.54
18,206,454,109,10,2,48.65
18,206,454,110,10,2,48.24
18,206,454,111,10,2,48.04
18,206,454,112,10,2,54.02
18,206,454,113,10,2,62.51
18,206,454,114,10,2,66.57
18,206,454,115,10,2,72.0427
18,206,454,116,10,2,75.909
18,206,454,117,10,2,79.0739
18,206,454,118,10,2,81.4036
18,206,454,119,10,2,82.924
18,206,454,120,10,2,84.2024
18,206,454,121,10,2,85.2679
18,206,454,122,10,2,86.1222
18,206,454,123,10,2,87.0609
18,206,454,124,10,2,87.8636
18,206,454,125,10,2,88.6334
18,206,454,126,10,2,89.6402
18,206,454,127,10,2,90.2007
18,206,454,128,10,2,90.8347
18,206,454,129,10,2,91.5011
18,206,454,130,10,2,92.3328
18,8,454,101,10,2,34.69
18,8,454,102,10,2,35.92
18,8,454,103,10,2,37.46
18,8,454,104,10,2,38.79
18,8,454,105,10,2,41.41
18,8,454,106,10,2,43.79
18,8,454,107,10,2,46.04
18,8,454,108,10,2,47.54
18,8,454,109,10,2,48.65
18,8,454,110,10,2,48.24
18,8,454,111,10,2,48.04
18,8,454,112,10,2,54.02
18,8,454,113,10,2,62.51
18,8,454,114,10,2,66.57
18,8,454,115,10,2,66.57
18,8,454,116,10,2,66.57
18,8,454,117,10,2,66.57
18,8,454,118,10,2,66.57
18,8,454,119,10,2,66.57
18,8,454,120,10,2,66.57
18,8,454,121,10,2,66.57
18,8,454,122,10,2,66.57
18,8,454,123,10,2,66.57
18,8,454,124,10,2,66.57
18,8,454,125,10,2,66.57
18,8,454,126,10,2,66.57
18,8,454,127,10,2,66.57
18,8,454,128,10,2,66.57
18,8,454,129,10,2,66.57
18,8,454,130,10,2,66.57
18,202,508,101,10,2,35.99
18,202,508,102,10,2,39.12
18,202,508,103,10,2,41.73
18,202,508,104,10,2,42.18
18,202,508,105,10,2,43.08
18,202,508,106,10,2,44.44
18,202,508,107,10,2,44.71
18,202,508,108,10,2,45.96
18,202,508,109,10,2,47.86
18,202,508,110,10,2,50.02
18,202,508,111,10,2,51.93
18,202,508,112,10,2,53.29
18,202,508,113,10,2,56.79
18,202,508,114,10,2,62.85
18,202,508,115,10,2,65.5403
18,202,508,116,10,2,68.0529
18,202,508,117,10,2,70.3282
18,202,508,118,10,2,72.1392
18,202,508,119,10,2,73.8183
18,202,508,120,10,2,75.0942
18,202,508,121,10,2,76.2995
18,202,508,122,10,2,77.3625
18,202,508,123,10,2,78.441
18,202,508,124,10,2,79.3016
18,202,508,125,10,2,79.9824
18,202,508,126,10,2,80.7739
18,202,508,127,10,2,81.5755
18,202,508,128,10,2,82.3356
18,202,508,129,10,2,83.0108
18,202,508,130,10,2,83.5548
18,204,508,101,10,2,35.99
18,204,508,102,10,2,39.12
18,204,508,103,10,2,41.73
18,204,508,104,10,2,42.18
18,204,508,105,10,2,43.08
18,204,508,106,10,2,44.44
18,204,508,107,10,2,44.71
18,204,508,108,10,2,45.96
18,204,508,109,10,2,47.86
18,204,508,110,10,2,50.02
18,204,508,111,10,2,51.93
18,204,508,112,10,2,53.29
18,204,508,113,10,2,56.79
18,204,508,114,10,2,62.85
18,204,508,115,10,2,63.9838
18,204,508,116,10,2,65.4764
18,204,508,117,10,2,66.9238
18,204,508,118,10,2,68.0609
18,204,508,119,10,2,69.1398
18,204,508,120,10,2,70.093
18,204,508,121,10,2,70.8342
18,204,508,122,10,2,71.691
18,204,508,123,10,2,72.2945
18,204,508,124,10,2,73.0436
18,204,508,125,10,2,73.9102
18,204,508,126,10,2,74.4907
18,204,508,127,10,2,74.9754
18,204,508,128,10,2,75.5202
18,204,508,129,10,2,76.3255
18,204,508,130,10,2,76.8152
18,203,508,101,10,2,35.99
18,203,508,102,10,2,39.12
18,203,508,103,10,2,41.73
18,203,508,104,10,2,42.18
18,203,508,105,10,2,43.08
18,203,508,106,10,2,44.44
18,203,508,107,10,2,44.71
18,203,508,108,10,2,45.96
18,203,508,109,10,2,47.86
18,203,508,110,10,2,50.02
18,203,508,111,10,2,51.93
18,203,508,112,10,2,53.29
18,203,508,113,10,2,56.79
18,203,508,114,10,2,62.85
18,203,508,115,10,2,66.9444
18,203,508,116,10,2,70.3606
18,203,508,117,10,2,73.4555
18,203,508,118,10,2,75.8535
18,203,508,119,10,2,77.8907
18,203,508,120,10,2,79.3788
18,203,508,121,10,2,80.8424
18,203,508,122,10,2,82.0441
18,203,508,123,10,2,83.2619
18,203,508,124,10,2,84.2101
18,203,508,125,10,2,85.0649
18,203,508,126,10,2,85.8112
18,203,508,127,10,2,86.4694
18,203,508,128,10,2,87.2663
18,203,508,129,10,2,87.8504
18,203,508,130,10,2,88.5372
18,207,508,101,10,2,35.99
18,207,508,102,10,2,39.12
18,207,508,103,10,2,41.73
18,207,508,104,10,2,42.18
18,207,508,105,10,2,43.08
18,207,508,106,10,2,44.44
18,207,508,107,10,2,44.71
18,207,508,108,10,2,45.96
18,207,508,109,10,2,47.86
18,207,508,110,10,2,50.02
18,207,508,111,10,2,51.93
18,207,508,112,10,2,53.29
18,207,508,113,10,2,56.79
18,207,508,114,10,2,62.85
18,207,508,115,10,2,63.2444
18,207,508,116,10,2,64.1542
18,207,508,117,10,2,65.1385
18,207,508,118,10,2,66.0754
18,207,508,119,10,2,67.1314
18,207,508,120,10,2,67.6247
18,207,508,121,10,2,68.1334
18,207,508,122,10,2,69.1006
18,207,508,123,10,2,69.5697
18,207,508,124,10,2,70.0536
18,207,508,125,10,2,70.5262
18,207,508,126,10,2,71.0781
18,207,508,127,10,2,71.5636
18,207,508,128,10,2,71.7703
18,207,508,129,10,2,72.4886
18,207,508,130,10,2,72.9836
18,206,508,101,10,2,35.99
18,206,508,102,10,2,39.12
18,206,508,103,10,2,41.73
18,206,508,104,10,2,42.18
18,206,508,105,10,2,43.08
18,206,508,106,10,2,44.44
18,206,508,107,10,2,44.71
18,206,508,108,10,2,45.96
18,206,508,109,10,2,47.86
18,206,508,110,10,2,50.02
18,206,508,111,10,2,51.93
18,206,508,112,10,2,53.29
18,206,508,113,10,2,56.79
18,206,508,114,10,2,62.85
18,206,508,115,10,2,67.7502
18,206,508,116,10,2,71.4522
18,206,508,117,10,2,75.22
18,206,508,118,10,2,77.9599
18,206,508,119,10,2,79.9089
18,206,508,120,10,2,81.937
18,206,508,121,10,2,83.3075
18,206,508,122,10,2,84.3391
18,206,508,123,10,2,85.2442
18,206,508,124,10,2,86.354
18,206,508,125,10,2,87.3187
18,206,508,126,10,2,88.0844
18,206,508,127,10,2,88.915
18,206,508,128,10,2,89.5995
18,206,508,129,10,2,90.2088
18,206,508,130,10,2,90.9781
18,8,508,101,10,2,35.99
18,8,508,102,10,2,39.12
18,8,508,103,10,2,41.73
18,8,508,104,10,2,42.18
18,8,508,105,10,2,43.08
18,8,508,106,10,2,44.44
18,8,508,107,10,2,44.71
18,8,508,108,10,2,45.96
18,8,508,109,10,2,47.86
18,8,508,110,10,2,50.02
18,8,508,111,10,2,51.93
18,8,508,112,10,2,53.29
18,8,508,113,10,2,56.79
18,8,508,114,10,2,62.85
18,8,508,115,10,2,62.85
18,8,508,116,10,2,62.85
18,8,508,117,10,2,62.85
18,8,508,118,10,2,62.85
18,8,508,119,10,2,62.85
18,8,508,120,10,2,62.85
18,8,508,121,10,2,62.85
18,8,508,122,10,2,62.85
18,8,508,123,10,2,62.85
18,8,508,124,10,2,62.85
18,8,508,125,10,2,62.85
18,8,508,126,10,2,62.85
18,8,508,127,10,2,62.85
18,8,508,128,10,2,62.85
18,8,508,129,10,2,62.85
18,8,508,130,10,2,62.85
18,202,646,101,10,2,41.6
18,202,646,102,10,2,43.23
18,202,646,103,10,2,44.82
18,202,646,104,10,2,45.99
18,202,646,105,10,2,46.47
18,202,646,106,10,2,47.61
18,202,646,107,10,2,51.67
18,202,646,108,10,2,50.16
18,202,646,109,10,2,23.29
18,202,646,110,10,2,45.99
18,202,646,111,10,2,51.37
18,202,646,112,10,2,61.49
18,202,646,113,10,2,67.64
18,202,646,114,10,2,70.51
18,202,646,115,10,2,72.9365
18,202,646,116,10,2,74.9924
18,202,646,117,10,2,76.632
18,202,646,118,10,2,78.0149
18,202,646,119,10,2,79.109
18,202,646,120,10,2,80.1646
18,202,646,121,10,2,81.0217
18,202,646,122,10,2,81.8797
18,202,646,123,10,2,82.6156
18,202,646,124,10,2,83.4095
18,202,646,125,10,2,84.1888
18,202,646,126,10,2,84.8508
18,202,646,127,10,2,85.6076
18,202,646,128,10,2,86.1723
18,202,646,129,10,2,86.7025
18,202,646,130,10,2,87.3072
18,204,646,101,10,2,41.6
18,204,646,102,10,2,43.23
18,204,646,103,10,2,44.82
18,204,646,104,10,2,45.99
18,204,646,105,10,2,46.47
18,204,646,106,10,2,47.61
18,204,646,107,10,2,51.67
18,204,646,108,10,2,50.16
18,204,646,109,10,2,23.29
18,204,646,110,10,2,45.99
18,204,646,111,10,2,51.37
18,204,646,112,10,2,61.49
18,204,646,113,10,2,67.64
18,204,646,114,10,2,70.51
18,204,646,115,10,2,71.5842
18,204,646,116,10,2,72.9685
18,204,646,117,10,2,74.014
18,204,646,118,10,2,75.0367
18,204,646,119,10,2,75.8667
18,204,646,120,10,2,76.4453
18,204,646,121,10,2,77.2357
18,204,646,122,10,2,77.9662
18,204,646,123,10,2,78.3643
18,204,646,124,10,2,79.1407
18,204,646,125,10,2,79.5599
18,204,646,126,10,2,80.1822
18,204,646,127,10,2,80.7152
18,204,646,128,10,2,81.0637
18,204,646,129,10,2,81.8725
18,204,646,130,10,2,82.4045
18,203,646,101,10,2,41.6
18,203,646,102,10,2,43.23
18,203,646,103,10,2,44.82
18,203,646,104,10,2,45.99
18,203,646,105,10,2,46.47
18,203,646,106,10,2,47.61
18,203,646,107,10,2,51.67
18,203,646,108,10,2,50.16
18,203,646,109,10,2,23.29
18,203,646,110,10,2,45.99
18,203,646,111,10,2,51.37
18,203,646,112,10,2,61.49
18,203,646,113,10,2,67.64
18,203,646,114,10,2,70.51
18,203,646,115,10,2,74.3805
18,203,646,116,10,2,77.0314
18,203,646,117,10,2,79.1574
18,203,646,118,10,2,80.6926
18,203,646,119,10,2,82.1774
18,203,646,120,10,2,83.2566
18,203,646,121,10,2,84.2912
18,203,646,122,10,2,85.192
18,203,646,123,10,2,85.9596
18,203,646,124,10,2,86.74
18,203,646,125,10,2,87.6102
18,203,646,126,10,2,88.1772
18,203,646,127,10,2,88.8768
18,203,646,128,10,2,89.6694
18,203,646,129,10,2,90.4088
18,203,646,130,10,2,91.0366
18,207,646,101,10,2,41.6
18,207,646,102,10,2,43.23
18,207,646,103,10,2,44.82
18,207,646,104,10,2,45.99
18,207,646,105,10,2,46.47
18,207,646,106,10,2,47.61
18,207,646,107,10,2,51.67
18,207,646,108,10,2,50.16
18,207,646,109,10,2,23.29
18,207,646,110,10,2,45.99
18,207,646,111,10,2,51.37
18,207,646,112,10,2,61.49
18,207,646,113,10,2,67.64
18,207,646,114,10,2,70.51
18,207,646,115,10,2,70.8998
18,207,646,116,10,2,71.9347
18,207,646,117,10,2,72.6086
18,207,646,118,10,2,73.2251
18,207,646,119,10,2,74.0886
18,207,646,120,10,2,74.6633
18,207,646,121,10,2,75.1655
18,207,646,122,10,2,75.6305
18,207,646,123,10,2,76.1599
18,207,646,124,10,2,76.6578
18,207,646,125,10,2,77.2547
18,207,646,126,10,2,77.7251
18,207,646,127,10,2,78.2738
18,207,646,128,10,2,79.0254
18,207,646,129,10,2,79.1734
18,207,646,130,10,2,80.0026
18,206,646,101,10,2,41.6
18,206,646,102,10,2,43.23
18,206,646,103,10,2,44.82
18,206,646,104,10,2,45.99
18,206,646,105,10,2,46.47
18,206,646,106,10,2,47.61
18,206,646,107,10,2,51.67
18,206,646,108,10,2,50.16
18,206,646,109,10,2,23.29
18,206,646,110,10,2,45.99
18,206,646,111,10,2,51.37
18,206,646,112,10,2,61.49
18,206,646,113,10,2,67.64
18,206,646,114,10,2,70.51
18,206,646,115,10,2,75.0883
18,206,646,116,10,2,78.1364
18,206,646,117,10,2,80.5173
18,206,646,118,10,2,82.197
18,206,646,119,10,2,83.5277
18,206,646,120,10,2,84.9016
18,206,646,121,10,2,85.6081
18,206,646,122,10,2,86.5718
18,206,646,123,10,2,87.5
18,206,646,124,10,2,88.5069
18,206,646,125,10,2,89.4526
18,206,646,126,10,2,90.1882
18,206,646,127,10,2,90.956
18,206,646,128,10,2,91.594
18,206,646,129,10,2,92.3743
18,206,646,130,10,2,92.9984
18,8,646,101,10,2,41.6
18,8,646,102,10,2,43.23
18,8,646,103,10,2,44.82
18,8,646,104,10,2,45.99
18,8,646,105,10,2,46.47
18,8,646,106,10,2,47.61
18,8,646,107,10,2,51.67
18,8,646,108,10,2,50.16
18,8,646,109,10,2,23.29
18,8,646,110,10,2,45.99
18,8,646,111,10,2,51.37
18,8,646,112,10,2,61.49
18,8,646,113,10,2,67.64
18,8,646,114,10,2,70.51
18,8,646,115,10,2,70.51
18,8,646,116,10,2,70.51
18,8,646,117,10,2,70.51
18,8,646,118,10,2,70.51
18,8,646,119,10,2,70.51
18,8,646,120,10,2,70.51
18,8,646,121,10,2,70.51
18,8,646,122,10,2,70.51
18,8,646,123,10,2,70.51
18,8,646,124,10,2,70.51
18,8,646,125,10,2,70.51
18,8,646,126,10,2,70.51
18,8,646,127,10,2,70.51
18,8,646,128,10,2,70.51
18,8,646,129,10,2,70.51
18,8,646,130,10,2,70.51
18,202,800,101,10,2,41.63
18,202,800,102,10,2,44.4
18,202,800,103,10,2,47.29
18,202,800,104,10,2,49.99
18,202,800,105,10,2,50.97
18,202,800,106,10,2,51.2
18,202,800,107,10,2,51.39
18,202,800,108,10,2,50.28
18,202,800,109,10,2,48.16
18,202,800,110,10,2,47.73
18,202,800,111,10,2,51.72
18,202,800,112,10,2,56.2
18,202,800,113,10,2,61.14
18,202,800,114,10,2,64.97
18,202,800,115,10,2,66.8086
18,202,800,116,10,2,68.5209
18,202,800,117,10,2,70.146
18,202,800,118,10,2,71.6257
18,202,800,119,10,2,72.9542
18,202,800,120,10,2,74.0866
18,202,800,121,10,2,75.2968
18,202,800,122,10,2,76.219
18,202,800,123,10,2,77.1809
18,202,800,124,10,2,77.9255
18,202,800,125,10,2,78.5703
18,202,800,126,10,2,79.3918
18,202,800,127,10,2,80.1898
18,202,800,128,10,2,80.8311
18,202,800,129,10,2,81.5089
18,202,800,130,10,2,82.1969
18,204,800,101,10,2,41.63
18,204,800,102,10,2,44.4
18,204,800,103,10,2,47.29
18,204,800,104,10,2,49.99
18,204,800,105,10,2,50.97
18,204,800,106,10,2,51.2
18,204,800,107,10,2,51.39
18,204,800,108,10,2,50.28
18,204,800,109,10,2,48.16
18,204,800,110,10,2,47.73
18,204,800,111,10,2,51.72
18,204,800,112,10,2,56.2
18,204,800,113,10,2,61.14
18,204,800,114,10,2,64.97
18,204,800,115,10,2,65.4565
18,204,800,116,10,2,66.3686
18,204,800,117,10,2,67.3504
18,204,800,118,10,2,68.2437
18,204,800,119,10,2,69.08
18,204,800,120,10,2,69.8777
18,204,800,121,10,2,70.5331
18,204,800,122,10,2,71.1726
18,204,800,123,10,2,72.0304
18,204,800,124,10,2,72.6016
18,204,800,125,10,2,73.1527
18,204,800,126,10,2,73.7847
18,204,800,127,10,2,74.5886
18,204,800,128,10,2,74.7804
18,204,800,129,10,2,75.4742
18,204,800,130,10,2,75.9576
18,203,800,101,10,2,41.63
18,203,800,102,10,2,44.4
18,203,800,103,10,2,47.29
18,203,800,104,10,2,49.99
18,203,800,105,10,2,50.97
18,203,800,106,10,2,51.2
18,203,800,107,10,2,51.39
18,203,800,108,10,2,50.28
18,203,800,109,10,2,48.16
18,203,800,110,10,2,47.73
18,203,800,111,10,2,51.72
18,203,800,112,10,2,56.2
18,203,800,113,10,2,61.14
18,203,800,114,10,2,64.97
18,203,800,115,10,2,68.3185
18,203,800,116,10,2,70.8574
18,203,800,117,10,2,73.0119
18,203,800,118,10,2,75.0021
18,203,800,119,10,2,76.6738
18,203,800,120,10,2,78.1719
18,203,800,121,10,2,79.4357
18,203,800,122,10,2,80.5767
18,203,800,123,10,2,81.6265
18,203,800,124,10,2,82.4851
18,203,800,125,10,2,83.24
18,203,800,126,10,2,84.2048
18,203,800,127,10,2,84.9152
18,203,800,128,10,2,85.7697
18,203,800,129,10,2,86.5625
18,203,800,130,10,2,87.1523
18,207,800,101,10,2,41.63
18,207,800,102,10,2,44.4
18,207,800,103,10,2,47.29
18,207,800,104,10,2,49.99
18,207,800,105,10,2,50.97
18,207,800,106,10,2,51.2
18,207,800,107,10,2,51.39
18,207,800,108,10,2,50.28
18,207,800,109,10,2,48.16
18,207,800,110,10,2,47.73
18,207,800,111,10,2,51.72
18,207,800,112,10,2,56.2
18,207,800,113,10,2,61.14
18,207,800,114,10,2,64.97
18,207,800,115,10,2,64.6142
18,207,800,116,10,2,65.0769
18,207,800,117,10,2,65.721
18,207,800,118,10,2,66.3257
18,207,800,119,10,2,66.6783
18,207,800,120,10,2,67.2476
18,207,800,121,10,2,67.5656
18,207,800,122,10,2,68.2717
18,207,800,123,10,2,68.94
18,207,800,124,10,2,69.5409
18,207,800,125,10,2,69.9744
18,207,800,126,10,2,70.7655
18,207,800,127,10,2,71.0332
18,207,800,128,10,2,71.3522
18,207,800,129,10,2,71.5848
18,207,800,130,10,2,72.3087
18,206,800,101,10,2,41.63
18,206,800,102,10,2,44.4
18,206,800,103,10,2,47.29
18,206,800,104,10,2,49.99
18,206,800,105,10,2,50.97
18,206,800,106,10,2,51.2
18,206,800,107,10,2,51.39
18,206,800,108,10,2,50.28
18,206,800,109,10,2,48.16
18,206,800,110,10,2,47.73
18,206,800,111,10,2,51.72
18,206,800,112,10,2,56.2
18,206,800,113,10,2,61.14
18,206,800,114,10,2,64.97
18,206,800,115,10,2,69.0897
18,206,800,116,10,2,72.1379
18,206,800,117,10,2,74.8689
18,206,800,118,10,2,76.8698
18,206,800,119,10,2,78.7749
18,206,800,120,10,2,80.1996
18,206,800,121,10,2,81.5902
18,206,800,122,10,2,82.7305
18,206,800,123,10,2,83.4655
18,206,800,124,10,2,84.5318
18,206,800,125,10,2,85.4347
18,206,800,126,10,2,86.1468
18,206,800,127,10,2,86.879
18,206,800,128,10,2,87.505
18,206,800,129,10,2,88.3094
18,206,800,130,10,2,89.1356
18,8,800,101,10,2,41.63
18,8,800,102,10,2,44.4
18,8,800,103,10,2,47.29
18,8,800,104,10,2,49.99
18,8,800,105,10,2,50.97
18,8,800,106,10,2,51.2
18,8,800,107,10,2,51.39
18,8,800,108,10,2,50.28
18,8,800,109,10,2,48.16
18,8,800,110,10,2,47.73
18,8,800,111,10,2,51.72
18,8,800,112,10,2,56.2
18,8,800,113,10,2,61.14
18,8,800,114,10,2,64.97
18,8,800,115,10,2,64.97
18,8,800,116,10,2,64.97
18,8,800,117,10,2,64.97
18,8,800,118,10,2,64.97
18,8,800,119,10,2,64.97
18,8,800,120,10,2,64.97
18,8,800,121,10,2,64.97
18,8,800,122,10,2,64.97
18,8,800,123,10,2,64.97
18,8,800,124,10,2,64.97
18,8,800,125,10,2,64.97
18,8,800,126,10,2,64.97
18,8,800,127,10,2,64.97
18,8,800,128,10,2,64.97
18,8,800,129,10,2,64.97
18,8,800,130,10,2,64.97
18,202,834,101,10,2,42.11
18,202,834,102,10,2,44.08
18,202,834,103,10,2,45.52
18,202,834,104,10,2,47.03
18,202,834,105,10,2,48.98
18,202,834,106,10,2,51.06
18,202,834,107,10,2,51.83
18,202,834,108,10,2,52.49
18,202,834,109,10,2,51.63
18,202,834,110,10,2,51.51
18,202,834,111,10,2,54.44
18,202,834,112,10,2,57.68
18,202,834,113,10,2,63.09
18,202,834,114,10,2,66.6
18,202,834,115,10,2,68.6027
18,202,834,116,10,2,70.5106
18,202,834,117,10,2,72.1841
18,202,834,118,10,2,73.6625
18,202,834,119,10,2,74.96
18,202,834,120,10,2,76.0155
18,202,834,121,10,2,77.0133
18,202,834,122,10,2,77.9781
18,202,834,123,10,2,78.9303
18,202,834,124,10,2,79.6769
18,202,834,125,10,2,80.4543
18,202,834,126,10,2,81.1801
18,202,834,127,10,2,81.8486
18,202,834,128,10,2,82.5699
18,202,834,129,10,2,83.1857
18,202,834,130,10,2,83.8123
18,204,834,101,10,2,42.11
18,204,834,102,10,2,44.08
18,204,834,103,10,2,45.52
18,204,834,104,10,2,47.03
18,204,834,105,10,2,48.98
18,204,834,106,10,2,51.06
18,204,834,107,10,2,51.83
18,204,834,108,10,2,52.49
18,204,834,109,10,2,51.63
18,204,834,110,10,2,51.51
18,204,834,111,10,2,54.44
18,204,834,112,10,2,57.68
18,204,834,113,10,2,63.09
18,204,834,114,10,2,66.6
18,204,834,115,10,2,67.3097
18,204,834,116,10,2,68.3703
18,204,834,117,10,2,69.4813
18,204,834,118,10,2,70.6496
18,204,834,119,10,2,71.3829
18,204,834,120,10,2,72.2863
18,204,834,121,10,2,72.9215
18,204,834,122,10,2,73.6864
18,204,834,123,10,2,74.2809
18,204,834,124,10,2,74.9228
18,204,834,125,10,2,75.5117
18,204,834,126,10,2,75.9973
18,204,834,127,10,2,76.321
18,204,834,128,10,2,77.0199
18,204,834,129,10,2,77.6122
18,204,834,130,10,2,78.117
18,203,834,101,10,2,42.11
18,203,834,102,10,2,44.08
18,203,834,103,10,2,45.52
18,203,834,104,10,2,47.03
18,203,834,105,10,2,48.98
18,203,834,106,10,2,51.06
18,203,834,107,10,2,51.83
18,203,834,108,10,2,52.49
18,203,834,109,10,2,51.63
18,203,834,110,10,2,51.51
18,203,834,111,10,2,54.44
18,203,834,112,10,2,57.68
18,203,834,113,10,2,63.09
18,203,834,114,10,2,66.6
18,203,834,115,10,2,69.9619
18,203,834,116,10,2,72.6307
18,203,834,117,10,2,74.9475
18,203,834,118,10,2,76.8472
18,203,834,119,10,2,78.4726
18,203,834,120,10,2,79.7387
18,203,834,121,10,2,80.9335
18,203,834,122,10,2,81.8904
18,203,834,123,10,2,82.8774
18,203,834,124,10,2,83.7519
18,203,834,125,10,2,84.4556
18,203,834,126,10,2,85.3266
18,203,834,127,10,2,86.0633
18,203,834,128,10,2,86.7305
18,203,834,129,10,2,87.4811
18,203,834,130,10,2,88.0391
18,207,834,101,10,2,42.11
18,207,834,102,10,2,44.08
18,207,834,103,10,2,45.52
18,207,834,104,10,2,47.03
18,207,834,105,10,2,48.98
18,207,834,106,10,2,51.06
18,207,834,107,10,2,51.83
18,207,834,108,10,2,52.49
18,207,834,109,10,2,51.63
18,207,834,110,10,2,51.51
18,207,834,111,10,2,54.44
18,207,834,112,10,2,57.68
18,207,834,113,10,2,63.09
18,207,834,114,10,2,66.6
18,207,834,115,10,2,66.6787
18,207,834,116,10,2,67.4146
18,207,834,117,10,2,68.1158
18,207,834,118,10,2,68.7478
18,207,834,119,10,2,69.3803
18,207,834,120,10,2,70.0346
18,207,834,121,10,2,70.8801
18,207,834,122,10,2,71.4967
18,207,834,123,10,2,72.1549
18,207,834,124,10,2,72.5222
18,207,834,125,10,2,72.8883
18,207,834,126,10,2,73.4387
18,207,834,127,10,2,73.7771
18,207,834,128,10,2,74.3645
18,207,834,129,10,2,74.8672
18,207,834,130,10,2,75.1417
18,206,834,101,10,2,42.11
18,206,834,102,10,2,44.08
18,206,834,103,10,2,45.52
18,206,834,104,10,2,47.03
18,206,834,105,10,2,48.98
18,206,834,106,10,2,51.06
18,206,834,107,10,2,51.83
18,206,834,108,10,2,52.49
18,206,834,109,10,2,51.63
18,206,834,110,10,2,51.51
18,206,834,111,10,2,54.44
18,206,834,112,10,2,57.68
18,206,834,113,10,2,63.09
18,206,834,114,10,2,66.6
18,206,834,115,10,2,70.8123
18,206,834,116,10,2,73.6462
18,206,834,117,10,2,76.2629
18,206,834,118,10,2,78.5437
18,206,834,119,10,2,80.0578
18,206,834,120,10,2,81.4649
18,206,834,121,10,2,83.1268
18,206,834,122,10,2,84.0172
18,206,834,123,10,2,84.9458
18,206,834,124,10,2,85.5408
18,206,834,125,10,2,86.4194
18,206,834,126,10,2,87.007
18,206,834,127,10,2,87.7014
18,206,834,128,10,2,88.4789
18,206,834,129,10,2,89.3453
18,206,834,130,10,2,89.9706
18,8,834,101,10,2,42.11
18,8,834,102,10,2,44.08
18,8,834,103,10,2,45.52
18,8,834,104,10,2,47.03
18,8,834,105,10,2,48.98
18,8,834,106,10,2,51.06
18,8,834,107,10,2,51.83
18,8,834,108,10,2,52.49
18,8,834,109,10,2,51.63
18,8,834,110,10,2,51.51
18,8,834,111,10,2,54.44
18,8,834,112,10,2,57.68
18,8,834,113,10,2,63.09
18,8,834,114,10,2,66.6
18,8,834,115,10,2,66.6
18,8,834,116,10,2,66.6
18,8,834,117,10,2,66.6
18,8,834,118,10,2,66.6
18,8,834,119,10,2,66.6
18,8,834,120,10,2,66.6
18,8,834,121,10,2,66.6
18,8,834,122,10,2,66.6
18,8,834,123,10,2,66.6
18,8,834,124,10,2,66.6
18,8,834,125,10,2,66.6
18,8,834,126,10,2,66.6
18,8,834,127,10,2,66.6
18,8,834,128,10,2,66.6
18,8,834,129,10,2,66.6
18,8,834,130,10,2,66.6
18,202,894,101,10,2,44.62
18,202,894,102,10,2,46.97
18,202,894,103,10,2,49.09
18,202,894,104,10,2,50.43
18,202,894,105,10,2,52.63
18,202,894,106,10,2,54.06
18,202,894,107,10,2,54.02
18,202,894,108,10,2,52.93
18,202,894,109,10,2,47.96
18,202,894,110,10,2,45.59
18,202,894,111,10,2,48.14
18,202,894,112,10,2,53.95
18,202,894,113,10,2,61.46
18,202,894,114,10,2,66.22
18,202,894,115,10,2,67.7352
18,202,894,116,10,2,69.1182
18,202,894,117,10,2,70.3273
18,202,894,118,10,2,71.4818
18,202,894,119,10,2,72.6452
18,202,894,120,10,2,73.6195
18,202,894,121,10,2,74.4868
18,202,894,122,10,2,75.3425
18,202,894,123,10,2,76.123
18,202,894,124,10,2,76.8091
18,202,894,125,10,2,77.5372
18,202,894,126,10,2,78.145
18,202,894,127,10,2,78.7741
18,202,894,128,10,2,79.5871
18,202,894,129,10,2,80.265
18,202,894,130,10,2,80.9222
18,204,894,101,10,2,44.62
18,204,894,102,10,2,46.97
18,204,894,103,10,2,49.09
18,204,894,104,10,2,50.43
18,204,894,105,10,2,52.63
18,204,894,106,10,2,54.06
18,204,894,107,10,2,54.02
18,204,894,108,10,2,52.93
18,204,894,109,10,2,47.96
18,204,894,110,10,2,45.59
18,204,894,111,10,2,48.14
18,204,894,112,10,2,53.95
18,204,894,113,10,2,61.46
18,204,894,114,10,2,66.22
18,204,894,115,10,2,66.2584
18,204,894,116,10,2,66.8489
18,204,894,117,10,2,67.4799
18,204,894,118,10,2,67.9503
18,204,894,119,10,2,68.6508
18,204,894,120,10,2,69.4119
18,204,894,121,10,2,69.9585
18,204,894,122,10,2,70.5958
18,204,894,123,10,2,71.3098
18,204,894,124,10,2,71.8978
18,204,894,125,10,2,72.2326
18,204,894,126,10,2,72.6952
18,204,894,127,10,2,73.2944
18,204,894,128,10,2,73.7823
18,204,894,129,10,2,74.2334
18,204,894,130,10,2,74.6941
18,203,894,101,10,2,44.62
18,203,894,102,10,2,46.97
18,203,894,103,10,2,49.09
18,203,894,104,10,2,50.43
18,203,894,105,10,2,52.63
18,203,894,106,10,2,54.06
18,203,894,107,10,2,54.02
18,203,894,108,10,2,52.93
18,203,894,109,10,2,47.96
18,203,894,110,10,2,45.59
18,203,894,111,10,2,48.14
18,203,894,112,10,2,53.95
18,203,894,113,10,2,61.46
18,203,894,114,10,2,66.22
18,203,894,115,10,2,69.1576
18,203,894,116,10,2,71.4014
18,203,894,117,10,2,73.2811
18,203,894,118,10,2,74.8645
18,203,894,119,10,2,76.3942
18,203,894,120,10,2,77.6782
18,203,894,121,10,2,78.8983
18,203,894,122,10,2,79.9014
18,203,894,123,10,2,81.0487
18,203,894,124,10,2,81.9512
18,203,894,125,10,2,82.6598
18,203,894,126,10,2,83.492
18,203,894,127,10,2,84.3191
18,203,894,128,10,2,85.012
18,203,894,129,10,2,85.7025
18,203,894,130,10,2,86.3881
18,207,894,101,10,2,44.62
18,207,894,102,10,2,46.97
18,207,894,103,10,2,49.09
18,207,894,104,10,2,50.43
18,207,894,105,10,2,52.63
18,207,894,106,10,2,54.06
18,207,894,107,10,2,54.02
18,207,894,108,10,2,52.93
18,207,894,109,10,2,47.96
18,207,894,110,10,2,45.59
18,207,894,111,10,2,48.14
18,207,894,112,10,2,53.95
18,207,894,113,10,2,61.46
18,207,894,114,10,2,66.22
18,207,894,115,10,2,65.58
18,207,894,116,10,2,65.7268
18,207,894,117,10,2,65.9706
18,207,894,118,10,2,66.6312
18,207,894,119,10,2,67.1117
18,207,894,120,10,2,67.6207
18,207,894,121,10,2,68.2126
18,207,894,122,10,2,68.5934
18,207,894,123,10,2,69.0519
18,207,894,124,10,2,69.6901
18,207,894,125,10,2,70.1922
18,207,894,126,10,2,70.4951
18,207,894,127,10,2,71.0267
18,207,894,128,10,2,71.2386
18,207,894,129,10,2,71.6562
18,207,894,130,10,2,72.0462
18,206,894,101,10,2,44.62
18,206,894,102,10,2,46.97
18,206,894,103,10,2,49.09
18,206,894,104,10,2,50.43
18,206,894,105,10,2,52.63
18,206,894,106,10,2,54.06
18,206,894,107,10,2,54.02
18,206,894,108,10,2,52.93
18,206,894,109,10,2,47.96
18,206,894,110,10,2,45.59
18,206,894,111,10,2,48.14
18,206,894,112,10,2,53.95
18,206,894,113,10,2,61.46
18,206,894,114,10,2,66.22
18,206,894,115,10,2,69.916
18,206,894,116,10,2,72.3665
18,206,894,117,10,2,74.4732
18,206,894,118,10,2,76.4267
18,206,894,119,10,2,78.01
18,206,894,120,10,2,79.3796
18,206,894,121,10,2,80.7897
18,206,894,122,10,2,81.8579
18,206,894,123,10,2,82.9628
18,206,894,124,10,2,83.7692
18,206,894,125,10,2,84.5218
18,206,894,126,10,2,85.4335
18,206,894,127,10,2,86.0089
18,206,894,128,10,2,86.718
18,206,894,129,10,2,87.5639
18,206,894,130,10,2,88.1755
18,8,894,101,10,2,44.62
18,8,894,102,10,2,46.97
18,8,894,103,10,2,49.09
18,8,894,104,10,2,50.43
18,8,894,105,10,2,52.63
18,8,894,106,10,2,54.06
18,8,894,107,10,2,54.02
18,8,894,108,10,2,52.93
18,8,894,109,10,2,47.96
18,8,894,110,10,2,45.59
18,8,894,111,10,2,48.14
18,8,894,112,10,2,53.95
18,8,894,113,10,2,61.46
18,8,894,114,10,2,66.22
18,8,894,115,10,2,66.22
18,8,894,116,10,2,66.22
18,8,894,117,10,2,66.22
18,8,894,118,10,2,66.22
18,8,894,119,10,2,66.22
18,8,894,120,10,2,66.22
18,8,894,121,10,2,66.22
18,8,894,122,10,2,66.22
18,8,894,123,10,2,66.22
18,8,894,124,10,2,66.22
18,8,894,125,10,2,66.22
18,8,894,126,10,2,66.22
18,8,894,127,10,2,66.22
18,8,894,128,10,2,66.22
18,8,894,129,10,2,66.22
18,8,894,130,10,2,66.22
18,202,716,101,10,2,51.27
18,202,716,102,10,2,53.5
18,202,716,103,10,2,55.82
18,202,716,104,10,2,57.92
18,202,716,105,10,2,59.18
18,202,716,106,10,2,60.2
18,202,716,107,10,2,62.65
18,202,716,108,10,2,63.5
18,202,716,109,10,2,57.84
18,202,716,110,10,2,49.66
18,202,716,111,10,2,45.62
18,202,716,112,10,2,46.68
18,202,716,113,10,2,58.26
18,202,716,114,10,2,62.22
18,202,716,115,10,2,63.6946
18,202,716,116,10,2,65.0906
18,202,716,117,10,2,66.3823
18,202,716,118,10,2,67.6643
18,202,716,119,10,2,68.8037
18,202,716,120,10,2,69.9455
18,202,716,121,10,2,70.9643
18,202,716,122,10,2,71.8903
18,202,716,123,10,2,72.9078
18,202,716,124,10,2,73.7636
18,202,716,125,10,2,74.5863
18,202,716,126,10,2,75.4766
18,202,716,127,10,2,76.1364
18,202,716,128,10,2,76.7685
18,202,716,129,10,2,77.5103
18,202,716,130,10,2,78.1339
18,204,716,101,10,2,51.27
18,204,716,102,10,2,53.5
18,204,716,103,10,2,55.82
18,204,716,104,10,2,57.92
18,204,716,105,10,2,59.18
18,204,716,106,10,2,60.2
18,204,716,107,10,2,62.65
18,204,716,108,10,2,63.5
18,204,716,109,10,2,57.84
18,204,716,110,10,2,49.66
18,204,716,111,10,2,45.62
18,204,716,112,10,2,46.68
18,204,716,113,10,2,58.26
18,204,716,114,10,2,62.22
18,204,716,115,10,2,62.3905
18,204,716,116,10,2,63.1691
18,204,716,117,10,2,63.9321
18,204,716,118,10,2,64.72
18,204,716,119,10,2,65.5479
18,204,716,120,10,2,65.9577
18,204,716,121,10,2,66.561
18,204,716,122,10,2,67.1038
18,204,716,123,10,2,67.8434
18,204,716,124,10,2,68.5557
18,204,716,125,10,2,69.1784
18,204,716,126,10,2,69.6606
18,204,716,127,10,2,70.3102
18,204,716,128,10,2,70.8206
18,204,716,129,10,2,71.455
18,204,716,130,10,2,71.9642
18,203,716,101,10,2,51.27
18,203,716,102,10,2,53.5
18,203,716,103,10,2,55.82
18,203,716,104,10,2,57.92
18,203,716,105,10,2,59.18
18,203,716,106,10,2,60.2
18,203,716,107,10,2,62.65
18,203,716,108,10,2,63.5
18,203,716,109,10,2,57.84
18,203,716,110,10,2,49.66
18,203,716,111,10,2,45.62
18,203,716,112,10,2,46.68
18,203,716,113,10,2,58.26
18,203,716,114,10,2,62.22
18,203,716,115,10,2,65.0074
18,203,716,116,10,2,67.0392
18,203,716,117,10,2,68.8228
18,203,716,118,10,2,70.6149
18,203,716,119,10,2,72.2395
18,203,716,120,10,2,73.5974
18,203,716,121,10,2,74.8799
18,203,716,122,10,2,76.1008
18,203,716,123,10,2,77.0058
18,203,716,124,10,2,78.2406
18,203,716,125,10,2,79.1556
18,203,716,126,10,2,80.1006
18,203,716,127,10,2,80.8744
18,203,716,128,10,2,81.6814
18,203,716,129,10,2,82.4207
18,203,716,130,10,2,83.1128
18,207,716,101,10,2,51.27
18,207,716,102,10,2,53.5
18,207,716,103,10,2,55.82
18,207,716,104,10,2,57.92
18,207,716,105,10,2,59.18
18,207,716,106,10,2,60.2
18,207,716,107,10,2,62.65
18,207,716,108,10,2,63.5
18,207,716,109,10,2,57.84
18,207,716,110,10,2,49.66
18,207,716,111,10,2,45.62
18,207,716,112,10,2,46.68
18,207,716,113,10,2,58.26
18,207,716,114,10,2,62.22
18,207,716,115,10,2,61.7036
18,207,716,116,10,2,62.1121
18,207,716,117,10,2,62.6184
18,207,716,118,10,2,63.1134
18,207,716,119,10,2,63.5965
18,207,716,120,10,2,64.2117
18,207,716,121,10,2,64.5296
18,207,716,122,10,2,65.0742
18,207,716,123,10,2,65.6289
18,207,716,124,10,2,66.1664
18,207,716,125,10,2,66.585
18,207,716,126,10,2,67.2235
18,207,716,127,10,2,67.9625
18,207,716,128,10,2,68.1665
18,207,716,129,10,2,68.9283
18,207,716,130,10,2,69.1971
18,206,716,101,10,2,51.27
18,206,716,102,10,2,53.5
18,206,716,103,10,2,55.82
18,206,716,104,10,2,57.92
18,206,716,105,10,2,59.18
18,206,716,106,10,2,60.2
18,206,716,107,10,2,62.65
18,206,716,108,10,2,63.5
18,206,716,109,10,2,57.84
18,206,716,110,10,2,49.66
18,206,716,111,10,2,45.62
18,206,716,112,10,2,46.68
18,206,716,113,10,2,58.26
18,206,716,114,10,2,62.22
18,206,716,115,10,2,65.6847
18,206,716,116,10,2,68.0588
18,206,716,117,10,2,69.9848
18,206,716,118,10,2,72.2233
18,206,716,119,10,2,73.7126
18,206,716,120,10,2,75.128
18,206,716,121,10,2,76.7086
18,206,716,122,10,2,77.9447
18,206,716,123,10,2,79.3427
18,206,716,124,10,2,80.0495
18,206,716,125,10,2,81.3519
18,206,716,126,10,2,82.1176
18,206,716,127,10,2,82.7335
18,206,716,128,10,2,83.5804
18,206,716,129,10,2,84.2646
18,206,716,130,10,2,85.3219
18,8,716,101,10,2,51.27
18,8,716,102,10,2,53.5
18,8,716,103,10,2,55.82
18,8,716,104,10,2,57.92
18,8,716,105,10,2,59.18
18,8,716,106,10,2,60.2
18,8,716,107,10,2,62.65
18,8,716,108,10,2,63.5
18,8,716,109,10,2,57.84
18,8,716,110,10,2,49.66
18,8,716,111,10,2,45.62
18,8,716,112,10,2,46.68
18,8,716,113,10,2,58.26
18,8,716,114,10,2,62.22
18,8,716,115,10,2,62.22
18,8,716,116,10,2,62.22
18,8,716,117,10,2,62.22
18,8,716,118,10,2,62.22
18,8,716,119,10,2,62.22
18,8,716,120,10,2,62.22
18,8,716,121,10,2,62.22
18,8,716,122,10,2,62.22
18,8,716,123,10,2,62.22
18,8,716,124,10,2,62.22
18,8,716,125,10,2,62.22
18,8,716,126,10,2,62.22
18,8,716,127,10,2,62.22
18,8,716,128,10,2,62.22
18,8,716,129,10,2,62.22
18,8,716,130,10,2,62.22
18,202,120,101,10,2,39.75
18,202,120,102,10,2,41.84
18,202,120,103,10,2,44.21
18,202,120,104,10,2,46.46
18,202,120,105,10,2,49.27
18,202,120,106,10,2,51.88
18,202,120,107,10,2,53.85
18,202,120,108,10,2,55.22
18,202,120,109,10,2,54.12
18,202,120,110,10,2,52.55
18,202,120,111,10,2,53.07
18,202,120,112,10,2,55.04
18,202,120,113,10,2,57.65
18,202,120,114,10,2,60.02
18,202,120,115,10,2,60.9566
18,202,120,116,10,2,61.8267
18,202,120,117,10,2,62.6682
18,202,120,118,10,2,63.3546
18,202,120,119,10,2,64.1732
18,202,120,120,10,2,64.8873
18,202,120,121,10,2,65.6235
18,202,120,122,10,2,66.3213
18,202,120,123,10,2,66.9458
18,202,120,124,10,2,67.5731
18,202,120,125,10,2,68.1426
18,202,120,126,10,2,68.8006
18,202,120,127,10,2,69.5122
18,202,120,128,10,2,70.0335
18,202,120,129,10,2,70.6132
18,202,120,130,10,2,71.2675
18,204,120,101,10,2,39.75
18,204,120,102,10,2,41.84
18,204,120,103,10,2,44.21
18,204,120,104,10,2,46.46
18,204,120,105,10,2,49.27
18,204,120,106,10,2,51.88
18,204,120,107,10,2,53.85
18,204,120,108,10,2,55.22
18,204,120,109,10,2,54.12
18,204,120,110,10,2,52.55
18,204,120,111,10,2,53.07
18,204,120,112,10,2,55.04
18,204,120,113,10,2,57.65
18,204,120,114,10,2,60.02
18,204,120,115,10,2,59.6288
18,204,120,116,10,2,59.8114
18,204,120,117,10,2,60.2443
18,204,120,118,10,2,60.6204
18,204,120,119,10,2,61.0286
18,204,120,120,10,2,61.3274
18,204,120,121,10,2,61.8131
18,204,120,122,10,2,62.1722
18,204,120,123,10,2,62.45
18,204,120,124,10,2,62.6944
18,204,120,125,10,2,63.0794
18,204,120,126,10,2,63.7162
18,204,120,127,10,2,64.0893
18,204,120,128,10,2,64.5177
18,204,120,129,10,2,64.8798
18,204,120,130,10,2,65.4656
18,203,120,101,10,2,39.75
18,203,120,102,10,2,41.84
18,203,120,103,10,2,44.21
18,203,120,104,10,2,46.46
18,203,120,105,10,2,49.27
18,203,120,106,10,2,51.88
18,203,120,107,10,2,53.85
18,203,120,108,10,2,55.22
18,203,120,109,10,2,54.12
18,203,120,110,10,2,52.55
18,203,120,111,10,2,53.07
18,203,120,112,10,2,55.04
18,203,120,113,10,2,57.65
18,203,120,114,10,2,60.02
18,203,120,115,10,2,62.3532
18,203,120,116,10,2,63.841
18,203,120,117,10,2,65.133
18,203,120,118,10,2,66.6748
18,203,120,119,10,2,67.9417
18,203,120,120,10,2,68.8695
18,203,120,121,10,2,70.2142
18,203,120,122,10,2,71.2165
18,203,120,123,10,2,72.1868
18,203,120,124,10,2,72.9166
18,203,120,125,10,2,73.8849
18,203,120,126,10,2,74.7435
18,203,120,127,10,2,75.4317
18,203,120,128,10,2,76.3755
18,203,120,129,10,2,77.094
18,203,120,130,10,2,77.884
18,207,120,101,10,2,39.75
18,207,120,102,10,2,41.84
18,207,120,103,10,2,44.21
18,207,120,104,10,2,46.46
18,207,120,105,10,2,49.27
18,207,120,106,10,2,51.88
18,207,120,107,10,2,53.85
18,207,120,108,10,2,55.22
18,207,120,109,10,2,54.12
18,207,120,110,10,2,52.55
18,207,120,111,10,2,53.07
18,207,120,112,10,2,55.04
18,207,120,113,10,2,57.65
18,207,120,114,10,2,60.02
18,207,120,115,10,2,58.8379
18,207,120,116,10,2,58.873
18,207,120,117,10,2,59.0551
18,207,120,118,10,2,59.3289
18,207,120,119,10,2,59.1998
18,207,120,120,10,2,59.548
18,207,120,121,10,2,59.582
18,207,120,122,10,2,59.8373
18,207,120,123,10,2,60.3252
18,207,120,124,10,2,60.5589
18,207,120,125,10,2,60.4972
18,207,120,126,10,2,60.8378
18,207,120,127,10,2,61.3665
18,207,120,128,10,2,61.2464
18,207,120,129,10,2,61.5703
18,207,120,130,10,2,61.7321
18,206,120,101,10,2,39.75
18,206,120,102,10,2,41.84
18,206,120,103,10,2,44.21
18,206,120,104,10,2,46.46
18,206,120,105,10,2,49.27
18,206,120,106,10,2,51.88
18,206,120,107,10,2,53.85
18,206,120,108,10,2,55.22
18,206,120,109,10,2,54.12
18,206,120,110,10,2,52.55
18,206,120,111,10,2,53.07
18,206,120,112,10,2,55.04
18,206,120,113,10,2,57.65
18,206,120,114,10,2,60.02
18,206,120,115,10,2,63.1334
18,206,120,116,10,2,65.1126
18,206,120,117,10,2,66.7075
18,206,120,118,10,2,68.6004
18,206,120,119,10,2,69.9357
18,206,120,120,10,2,71.6211
18,206,120,121,10,2,72.9297
18,206,120,122,10,2,74.0287
18,206,120,123,10,2,75.5868
18,206,120,124,10,2,76.7995
18,206,120,125,10,2,77.5854
18,206,120,126,10,2,78.616
18,206,120,127,10,2,79.0516
18,206,120,128,10,2,79.8799
18,206,120,129,10,2,80.922
18,206,120,130,10,2,81.4955
18,8,120,101,10,2,39.75
18,8,120,102,10,2,41.84
18,8,120,103,10,2,44.21
18,8,120,104,10,2,46.46
18,8,120,105,10,2,49.27
18,8,120,106,10,2,51.88
18,8,120,107,10,2,53.85
18,8,120,108,10,2,55.22
18,8,120,109,10,2,54.12
18,8,120,110,10,2,52.55
18,8,120,111,10,2,53.07
18,8,120,112,10,2,55.04
18,8,120,113,10,2,57.65
18,8,120,114,10,2,60.02
18,8,120,115,10,2,60.02
18,8,120,116,10,2,60.02
18,8,120,117,10,2,60.02
18,8,120,118,10,2,60.02
18,8,120,119,10,2,60.02
18,8,120,120,10,2,60.02
18,8,120,121,10,2,60.02
18,8,120,122,10,2,60.02
18,8,120,123,10,2,60.02
18,8,120,124,10,2,60.02
18,8,120,125,10,2,60.02
18,8,120,126,10,2,60.02
18,8,120,127,10,2,60.02
18,8,120,128,10,2,60.02
18,8,120,129,10,2,60.02
18,8,120,130,10,2,60.02
18,202,140,101,10,2,34.04
18,202,140,102,10,2,36.56
18,202,140,103,10,2,39.01
18,202,140,104,10,2,41.99
18,202,140,105,10,2,46.14
18,202,140,106,10,2,50.07
18,202,140,107,10,2,51.76
18,202,140,108,10,2,51.63
18,202,140,109,10,2,50.09
18,202,140,110,10,2,46.92
18,202,140,111,10,2,45.27
18,202,140,112,10,2,47.42
18,202,140,113,10,2,50.51
18,202,140,114,10,2,54.87
18,202,140,115,10,2,55.5415
18,202,140,116,10,2,56.1297
18,202,140,117,10,2,56.8018
18,202,140,118,10,2,57.4399
18,202,140,119,10,2,58.0903
18,202,140,120,10,2,58.4916
18,202,140,121,10,2,59.125
18,202,140,122,10,2,59.7107
18,202,140,123,10,2,60.3328
18,202,140,124,10,2,60.8357
18,202,140,125,10,2,61.3295
18,202,140,126,10,2,61.822
18,202,140,127,10,2,62.2784
18,202,140,128,10,2,62.6381
18,202,140,129,10,2,63.3797
18,202,140,130,10,2,63.7807
18,204,140,101,10,2,34.04
18,204,140,102,10,2,36.56
18,204,140,103,10,2,39.01
18,204,140,104,10,2,41.99
18,204,140,105,10,2,46.14
18,204,140,106,10,2,50.07
18,204,140,107,10,2,51.76
18,204,140,108,10,2,51.63
18,204,140,109,10,2,50.09
18,204,140,110,10,2,46.92
18,204,140,111,10,2,45.27
18,204,140,112,10,2,47.42
18,204,140,113,10,2,50.51
18,204,140,114,10,2,54.87
18,204,140,115,10,2,54.0636
18,204,140,116,10,2,54.1731
18,204,140,117,10,2,54.3433
18,204,140,118,10,2,54.4069
18,204,140,119,10,2,54.86
18,204,140,120,10,2,55.0042
18,204,140,121,10,2,55.2061
18,204,140,122,10,2,55.3834
18,204,140,123,10,2,55.6799
18,204,140,124,10,2,55.9064
18,204,140,125,10,2,56.4945
18,204,140,126,10,2,56.6567
18,204,140,127,10,2,57.1082
18,204,140,128,10,2,57.3846
18,204,140,129,10,2,57.8899
18,204,140,130,10,2,58.2421
18,203,140,101,10,2,34.04
18,203,140,102,10,2,36.56
18,203,140,103,10,2,39.01
18,203,140,104,10,2,41.99
18,203,140,105,10,2,46.14
18,203,140,106,10,2,50.07
18,203,140,107,10,2,51.76
18,203,140,108,10,2,51.63
18,203,140,109,10,2,50.09
18,203,140,110,10,2,46.92
18,203,140,111,10,2,45.27
18,203,140,112,10,2,47.42
18,203,140,113,10,2,50.51
18,203,140,114,10,2,54.87
18,203,140,115,10,2,56.9445
18,203,140,116,10,2,58.2238
18,203,140,117,10,2,59.3482
18,203,140,118,10,2,60.2853
18,203,140,119,10,2,61.2465
18,203,140,120,10,2,62.3044
18,203,140,121,10,2,63.1549
18,203,140,122,10,2,63.9717
18,203,140,123,10,2,64.9089
18,203,140,124,10,2,65.7186
18,203,140,125,10,2,66.1708
18,203,140,126,10,2,66.8583
18,203,140,127,10,2,67.6647
18,203,140,128,10,2,68.4161
18,203,140,129,10,2,68.942
18,203,140,130,10,2,69.725
18,207,140,101,10,2,34.04
18,207,140,102,10,2,36.56
18,207,140,103,10,2,39.01
18,207,140,104,10,2,41.99
18,207,140,105,10,2,46.14
18,207,140,106,10,2,50.07
18,207,140,107,10,2,51.76
18,207,140,108,10,2,51.63
18,207,140,109,10,2,50.09
18,207,140,110,10,2,46.92
18,207,140,111,10,2,45.27
18,207,140,112,10,2,47.42
18,207,140,113,10,2,50.51
18,207,140,114,10,2,54.87
18,207,140,115,10,2,53.4856
18,207,140,116,10,2,53.1433
18,207,140,117,10,2,53.1587
18,207,140,118,10,2,53.0503
18,207,140,119,10,2,53.1229
18,207,140,120,10,2,53.0863
18,207,140,121,10,2,53.2708
18,207,140,122,10,2,53.57
18,207,140,123,10,2,53.2226
18,207,140,124,10,2,53.7075
18,207,140,125,10,2,53.8269
18,207,140,126,10,2,53.878
18,207,140,127,10,2,54.1738
18,207,140,128,10,2,54.8099
18,207,140,129,10,2,54.6133
18,207,140,130,10,2,55.4387
18,206,140,101,10,2,34.04
18,206,140,102,10,2,36.56
18,206,140,103,10,2,39.01
18,206,140,104,10,2,41.99
18,206,140,105,10,2,46.14
18,206,140,106,10,2,50.07
18,206,140,107,10,2,51.76
18,206,140,108,10,2,51.63
18,206,140,109,10,2,50.09
18,206,140,110,10,2,46.92
18,206,140,111,10,2,45.27
18,206,140,112,10,2,47.42
18,206,140,113,10,2,50.51
18,206,140,114,10,2,54.87
18,206,140,115,10,2,57.7408
18,206,140,116,10,2,59.4357
18,206,140,117,10,2,60.9347
18,206,140,118,10,2,62.0363
18,206,140,119,10,2,63.71
18,206,140,120,10,2,64.5395
18,206,140,121,10,2,65.855
18,206,140,122,10,2,66.7769
18,206,140,123,10,2,68.2354
18,206,140,124,10,2,69.1114
18,206,140,125,10,2,69.8408
18,206,140,126,10,2,70.6666
18,206,140,127,10,2,71.5128
18,206,140,128,10,2,72.4193
18,206,140,129,10,2,73.068
18,206,140,130,10,2,73.7638
18,8,140,101,10,2,34.04
18,8,140,102,10,2,36.56
18,8,140,103,10,2,39.01
18,8,140,104,10,2,41.99
18,8,140,105,10,2,46.14
18,8,140,106,10,2,50.07
18,8,140,107,10,2,51.76
18,8,140,108,10,2,51.63
18,8,140,109,10,2,50.09
18,8,140,110,10,2,46.92
18,8,140,111,10,2,45.27
18,8,140,112,10,2,47.42
18,8,140,113,10,2,50.51
18,8,140,114,10,2,54.87
18,8,140,115,10,2,54.87
18,8,140,116,10,2,54.87
18,8,140,117,10,2,54.87
18,8,140,118,10,2,54.87
18,8,140,119,10,2,54.87
18,8,140,120,10,2,54.87
18,8,140,121,10,2,54.87
18,8,140,122,10,2,54.87
18,8,140,123,10,2,54.87
18,8,140,124,10,2,54.87
18,8,140,125,10,2,54.87
18,8,140,126,10,2,54.87
18,8,140,127,10,2,54.87
18,8,140,128,10,2,54.87
18,8,140,129,10,2,54.87
18,8,140,130,10,2,54.87
18,202,178,101,10,2,42.77
18,202,178,102,10,2,46.58
18,202,178,103,10,2,49.93
18,202,178,104,10,2,52.54
18,202,178,105,10,2,54.56
18,202,178,106,10,2,56.34
18,202,178,107,10,2,57.85
18,202,178,108,10,2,58.48
18,202,178,109,10,2,56.63
18,202,178,110,10,2,53.68
18,202,178,111,10,2,54.34
18,202,178,112,10,2,59.24
18,202,178,113,10,2,62.74
18,202,178,114,10,2,65.57
18,202,178,115,10,2,66.2006
18,202,178,116,10,2,66.7764
18,202,178,117,10,2,67.2839
18,202,178,118,10,2,67.9724
18,202,178,119,10,2,68.6032
18,202,178,120,10,2,69.1973
18,202,178,121,10,2,69.7922
18,202,178,122,10,2,70.2898
18,202,178,123,10,2,70.949
18,202,178,124,10,2,71.42
18,202,178,125,10,2,71.9642
18,202,178,126,10,2,72.5505
18,202,178,127,10,2,72.9286
18,202,178,128,10,2,73.4957
18,202,178,129,10,2,74.1468
18,202,178,130,10,2,74.7269
18,204,178,101,10,2,42.77
18,204,178,102,10,2,46.58
18,204,178,103,10,2,49.93
18,204,178,104,10,2,52.54
18,204,178,105,10,2,54.56
18,204,178,106,10,2,56.34
18,204,178,107,10,2,57.85
18,204,178,108,10,2,58.48
18,204,178,109,10,2,56.63
18,204,178,110,10,2,53.68
18,204,178,111,10,2,54.34
18,204,178,112,10,2,59.24
18,204,178,113,10,2,62.74
18,204,178,114,10,2,65.57
18,204,178,115,10,2,64.9499
18,204,178,116,10,2,64.9957
18,204,178,117,10,2,65.3701
18,204,178,118,10,2,65.5569
18,204,178,119,10,2,65.8028
18,204,178,120,10,2,66.2096
18,204,178,121,10,2,66.4479
18,204,178,122,10,2,66.846
18,204,178,123,10,2,67.2366
18,204,178,124,10,2,67.6167
18,204,178,125,10,2,67.9032
18,204,178,126,10,2,68.4144
18,204,178,127,10,2,68.737
18,204,178,128,10,2,69.0267
18,204,178,129,10,2,69.2535
18,204,178,130,10,2,69.8191
18,203,178,101,10,2,42.77
18,203,178,102,10,2,46.58
18,203,178,103,10,2,49.93
18,203,178,104,10,2,52.54
18,203,178,105,10,2,54.56
18,203,178,106,10,2,56.34
18,203,178,107,10,2,57.85
18,203,178,108,10,2,58.48
18,203,178,109,10,2,56.63
18,203,178,110,10,2,53.68
18,203,178,111,10,2,54.34
18,203,178,112,10,2,59.24
18,203,178,113,10,2,62.74
18,203,178,114,10,2,65.57
18,203,178,115,10,2,67.3751
18,203,178,116,10,2,68.4314
18,203,178,117,10,2,69.4965
18,203,178,118,10,2,70.3567
18,203,178,119,10,2,71.1615
18,203,178,120,10,2,72.0541
18,203,178,121,10,2,72.9137
18,203,178,122,10,2,73.7319
18,203,178,123,10,2,74.4881
18,203,178,124,10,2,75.1635
18,203,178,125,10,2,75.9654
18,203,178,126,10,2,76.684
18,203,178,127,10,2,77.4212
18,203,178,128,10,2,78.0473
18,203,178,129,10,2,78.6858
18,203,178,130,10,2,79.3328
18,207,178,101,10,2,42.77
18,207,178,102,10,2,46.58
18,207,178,103,10,2,49.93
18,207,178,104,10,2,52.54
18,207,178,105,10,2,54.56
18,207,178,106,10,2,56.34
18,207,178,107,10,2,57.85
18,207,178,108,10,2,58.48
18,207,178,109,10,2,56.63
18,207,178,110,10,2,53.68
18,207,178,111,10,2,54.34
18,207,178,112,10,2,59.24
18,207,178,113,10,2,62.74
18,207,178,114,10,2,65.57
18,207,178,115,10,2,64.4897
18,207,178,116,10,2,64.1326
18,207,178,117,10,2,64.2062
18,207,178,118,10,2,64.3065
18,207,178,119,10,2,64.4778
18,207,178,120,10,2,64.5754
18,207,178,121,10,2,64.4192
18,207,178,122,10,2,64.9014
18,207,178,123,10,2,65.4365
18,207,178,124,10,2,65.5767
18,207,178,125,10,2,65.9976
18,207,178,126,10,2,66.1491
18,207,178,127,10,2,66.6035
18,207,178,128,10,2,66.7571
18,207,178,129,10,2,67.0768
18,207,178,130,10,2,67.0712
18,206,178,101,10,2,42.77
18,206,178,102,10,2,46.58
18,206,178,103,10,2,49.93
18,206,178,104,10,2,52.54
18,206,178,105,10,2,54.56
18,206,178,106,10,2,56.34
18,206,178,107,10,2,57.85
18,206,178,108,10,2,58.48
18,206,178,109,10,2,56.63
18,206,178,110,10,2,53.68
18,206,178,111,10,2,54.34
18,206,178,112,10,2,59.24
18,206,178,113,10,2,62.74
18,206,178,114,10,2,65.57
18,206,178,115,10,2,68.0528
18,206,178,116,10,2,69.3819
18,206,178,117,10,2,70.6843
18,206,178,118,10,2,71.853
18,206,178,119,10,2,73.0072
18,206,178,120,10,2,73.9377
18,206,178,121,10,2,74.8261
18,206,178,122,10,2,75.4128
18,206,178,123,10,2,76.315
18,206,178,124,10,2,77.0695
18,206,178,125,10,2,77.9516
18,206,178,126,10,2,78.648
18,206,178,127,10,2,79.4896
18,206,178,128,10,2,80.1953
18,206,178,129,10,2,80.8147
18,206,178,130,10,2,81.3873
18,8,178,101,10,2,42.77
18,8,178,102,10,2,46.58
18,8,178,103,10,2,49.93
18,8,178,104,10,2,52.54
18,8,178,105,10,2,54.56
18,8,178,106,10,2,56.34
18,8,178,107,10,2,57.85
18,8,178,108,10,2,58.48
18,8,178,109,10,2,56.63
18,8,178,110,10,2,53.68
18,8,178,111,10,2,54.34
18,8,178,112,10,2,59.24
18,8,178,113,10,2,62.74
18,8,178,114,10,2,65.57
18,8,178,115,10,2,65.57
18,8,178,116,10,2,65.57
18,8,178,117,10,2,65.57
18,8,178,118,10,2,65.57
18,8,178,119,10,2,65.57
18,8,178,120,10,2,65.57
18,8,178,121,10,2,65.57
18,8,178,122,10,2,65.57
18,8,178,123,10,2,65.57
18,8,178,124,10,2,65.57
18,8,178,125,10,2,65.57
18,8,178,126,10,2,65.57
18,8,178,127,10,2,65.57
18,8,178,128,10,2,65.57
18,8,178,129,10,2,65.57
18,8,178,130,10,2,65.57
18,202,226,101,10,2,35.33
18,202,226,102,10,2,37.1
18,202,226,103,10,2,38.81
18,202,226,104,10,2,40.49
18,202,226,105,10,2,42.14
18,202,226,106,10,2,43.8
18,202,226,107,10,2,47.49
18,202,226,108,10,2,49.19
18,202,226,109,10,2,51.46
18,202,226,110,10,2,53.78
18,202,226,111,10,2,55.23
18,202,226,112,10,2,56.04
18,202,226,113,10,2,57.79
18,202,226,114,10,2,59.41
18,202,226,115,10,2,61.0376
18,202,226,116,10,2,62.4352
18,202,226,117,10,2,63.6689
18,202,226,118,10,2,64.8369
18,202,226,119,10,2,65.7956
18,202,226,120,10,2,66.7847
18,202,226,121,10,2,67.6575
18,202,226,122,10,2,68.6328
18,202,226,123,10,2,69.5122
18,202,226,124,10,2,70.4011
18,202,226,125,10,2,71.093
18,202,226,126,10,2,71.7712
18,202,226,127,10,2,72.37
18,202,226,128,10,2,72.9785
18,202,226,129,10,2,73.5563
18,202,226,130,10,2,74.3343
18,204,226,101,10,2,35.33
18,204,226,102,10,2,37.1
18,204,226,103,10,2,38.81
18,204,226,104,10,2,40.49
18,204,226,105,10,2,42.14
18,204,226,106,10,2,43.8
18,204,226,107,10,2,47.49
18,204,226,108,10,2,49.19
18,204,226,109,10,2,51.46
18,204,226,110,10,2,53.78
18,204,226,111,10,2,55.23
18,204,226,112,10,2,56.04
18,204,226,113,10,2,57.79
18,204,226,114,10,2,59.41
18,204,226,115,10,2,59.4419
18,204,226,116,10,2,60.063
18,204,226,117,10,2,60.8514
18,204,226,118,10,2,61.5075
18,204,226,119,10,2,62.1562
18,204,226,120,10,2,62.6723
18,204,226,121,10,2,63.3328
18,204,226,122,10,2,63.9118
18,204,226,123,10,2,64.4484
18,204,226,124,10,2,65.0339
18,204,226,125,10,2,65.5088
18,204,226,126,10,2,65.8668
18,204,226,127,10,2,66.1596
18,204,226,128,10,2,66.6337
18,204,226,129,10,2,67.0426
18,204,226,130,10,2,67.5862
18,203,226,101,10,2,35.33
18,203,226,102,10,2,37.1
18,203,226,103,10,2,38.81
18,203,226,104,10,2,40.49
18,203,226,105,10,2,42.14
18,203,226,106,10,2,43.8
18,203,226,107,10,2,47.49
18,203,226,108,10,2,49.19
18,203,226,109,10,2,51.46
18,203,226,110,10,2,53.78
18,203,226,111,10,2,55.23
18,203,226,112,10,2,56.04
18,203,226,113,10,2,57.79
18,203,226,114,10,2,59.41
18,203,226,115,10,2,62.4882
18,203,226,116,10,2,64.7924
18,203,226,117,10,2,66.7611
18,203,226,118,10,2,68.3412
18,203,226,119,10,2,70.0321
18,203,226,120,10,2,71.7272
18,203,226,121,10,2,73.1175
18,203,226,122,10,2,74.3965
18,203,226,123,10,2,75.7857
18,203,226,124,10,2,76.7294
18,203,226,125,10,2,77.669
18,203,226,126,10,2,78.5585
18,203,226,127,10,2,79.2675
18,203,226,128,10,2,80.0695
18,203,226,129,10,2,80.8688
18,203,226,130,10,2,81.654
18,207,226,101,10,2,35.33
18,207,226,102,10,2,37.1
18,207,226,103,10,2,38.81
18,207,226,104,10,2,40.49
18,207,226,105,10,2,42.14
18,207,226,106,10,2,43.8
18,207,226,107,10,2,47.49
18,207,226,108,10,2,49.19
18,207,226,109,10,2,51.46
18,207,226,110,10,2,53.78
18,207,226,111,10,2,55.23
18,207,226,112,10,2,56.04
18,207,226,113,10,2,57.79
18,207,226,114,10,2,59.41
18,207,226,115,10,2,58.7249
18,207,226,116,10,2,59.1496
18,207,226,117,10,2,59.5818
18,207,226,118,10,2,60.2234
18,207,226,119,10,2,60.4621
18,207,226,120,10,2,60.8046
18,207,226,121,10,2,61.5726
18,207,226,122,10,2,61.7467
18,207,226,123,10,2,61.9788
18,207,226,124,10,2,62.6691
18,207,226,125,10,2,62.9596
18,207,226,126,10,2,63.0973
18,207,226,127,10,2,63.4136
18,207,226,128,10,2,64.0284
18,207,226,129,10,2,64.4223
18,207,226,130,10,2,64.6115
18,206,226,101,10,2,35.33
18,206,226,102,10,2,37.1
18,206,226,103,10,2,38.81
18,206,226,104,10,2,40.49
18,206,226,105,10,2,42.14
18,206,226,106,10,2,43.8
18,206,226,107,10,2,47.49
18,206,226,108,10,2,49.19
18,206,226,109,10,2,51.46
18,206,226,110,10,2,53.78
18,206,226,111,10,2,55.23
18,206,226,112,10,2,56.04
18,206,226,113,10,2,57.79
18,206,226,114,10,2,59.41
18,206,226,115,10,2,63.3649
18,206,226,116,10,2,66.0613
18,206,226,117,10,2,68.3992
18,206,226,118,10,2,70.835
18,206,226,119,10,2,72.7806
18,206,226,120,10,2,74.5502
18,206,226,121,10,2,76.013
18,206,226,122,10,2,77.6333
18,206,226,123,10,2,78.6928
18,206,226,124,10,2,79.958
18,206,226,125,10,2,81.0917
18,206,226,126,10,2,81.7957
18,206,226,127,10,2,82.7872
18,206,226,128,10,2,83.8814
18,206,226,129,10,2,84.6604
18,206,226,130,10,2,85.0789
18,8,226,101,10,2,35.33
18,8,226,102,10,2,37.1
18,8,226,103,10,2,38.81
18,8,226,104,10,2,40.49
18,8,226,105,10,2,42.14
18,8,226,106,10,2,43.8
18,8,226,107,10,2,47.49
18,8,226,108,10,2,49.19
18,8,226,109,10,2,51.46
18,8,226,110,10,2,53.78
18,8,226,111,10,2,55.23
18,8,226,112,10,2,56.04
18,8,226,113,10,2,57.79
18,8,226,114,10,2,59.41
18,8,226,115,10,2,59.41
18,8,226,116,10,2,59.41
18,8,226,117,10,2,59.41
18,8,226,118,10,2,59.41
18,8,226,119,10,2,59.41
18,8,226,120,10,2,59.41
18,8,226,121,10,2,59.41
18,8,226,122,10,2,59.41
18,8,226,123,10,2,59.41
18,8,226,124,10,2,59.41
18,8,226,125,10,2,59.41
18,8,226,126,10,2,59.41
18,8,226,127,10,2,59.41
18,8,226,128,10,2,59.41
18,8,226,129,10,2,59.41
18,8,226,130,10,2,59.41
18,202,266,101,10,2,38.28
18,202,266,102,10,2,40.53
18,202,266,103,10,2,42.17
18,202,266,104,10,2,46.52
18,202,266,105,10,2,50.67
18,202,266,106,10,2,54.67
18,202,266,107,10,2,58.59
18,202,266,108,10,2,61.92
18,202,266,109,10,2,61.92
18,202,266,110,10,2,60.44
18,202,266,111,10,2,58.88
18,202,266,112,10,2,60.96
18,202,266,113,10,2,64.8
18,202,266,114,10,2,68.21
18,202,266,115,10,2,68.9154
18,202,266,116,10,2,69.5481
18,202,266,117,10,2,70.1848
18,202,266,118,10,2,70.8444
18,202,266,119,10,2,71.4825
18,202,266,120,10,2,71.9857
18,202,266,121,10,2,72.5922
18,202,266,122,10,2,73.1091
18,202,266,123,10,2,73.6914
18,202,266,124,10,2,74.3318
18,202,266,125,10,2,74.8808
18,202,266,126,10,2,75.477
18,202,266,127,10,2,76.0999
18,202,266,128,10,2,76.6819
18,202,266,129,10,2,77.3148
18,202,266,130,10,2,77.8791
18,204,266,101,10,2,38.28
18,204,266,102,10,2,40.53
18,204,266,103,10,2,42.17
18,204,266,104,10,2,46.52
18,204,266,105,10,2,50.67
18,204,266,106,10,2,54.67
18,204,266,107,10,2,58.59
18,204,266,108,10,2,61.92
18,204,266,109,10,2,61.92
18,204,266,110,10,2,60.44
18,204,266,111,10,2,58.88
18,204,266,112,10,2,60.96
18,204,266,113,10,2,64.8
18,204,266,114,10,2,68.21
18,204,266,115,10,2,67.7382
18,204,266,116,10,2,67.9732
18,204,266,117,10,2,68.1883
18,204,266,118,10,2,68.5516
18,204,266,119,10,2,68.9246
18,204,266,120,10,2,69.2586
18,204,266,121,10,2,69.7375
18,204,266,122,10,2,70.0104
18,204,266,123,10,2,70.4241
18,204,266,124,10,2,70.886
18,204,266,125,10,2,71.2083
18,204,266,126,10,2,71.7065
18,204,266,127,10,2,71.9478
18,204,266,128,10,2,72.3843
18,204,266,129,10,2,72.7696
18,204,266,130,10,2,73.0782
18,203,266,101,10,2,38.28
18,203,266,102,10,2,40.53
18,203,266,103,10,2,42.17
18,203,266,104,10,2,46.52
18,203,266,105,10,2,50.67
18,203,266,106,10,2,54.67
18,203,266,107,10,2,58.59
18,203,266,108,10,2,61.92
18,203,266,109,10,2,61.92
18,203,266,110,10,2,60.44
18,203,266,111,10,2,58.88
18,203,266,112,10,2,60.96
18,203,266,113,10,2,64.8
18,203,266,114,10,2,68.21
18,203,266,115,10,2,70.095
18,203,266,116,10,2,71.2971
18,203,266,117,10,2,72.3207
18,203,266,118,10,2,73.2643
18,203,266,119,10,2,74.2183
18,203,266,120,10,2,75.1227
18,203,266,121,10,2,75.8611
18,203,266,122,10,2,76.6781
18,203,266,123,10,2,77.3805
18,203,266,124,10,2,78.1065
18,203,266,125,10,2,78.7481
18,203,266,126,10,2,79.3725
18,203,266,127,10,2,80.1238
18,203,266,128,10,2,80.9816
18,203,266,129,10,2,81.7043
18,203,266,130,10,2,82.28
18,207,266,101,10,2,38.28
18,207,266,102,10,2,40.53
18,207,266,103,10,2,42.17
18,207,266,104,10,2,46.52
18,207,266,105,10,2,50.67
18,207,266,106,10,2,54.67
18,207,266,107,10,2,58.59
18,207,266,108,10,2,61.92
18,207,266,109,10,2,61.92
18,207,266,110,10,2,60.44
18,207,266,111,10,2,58.88
18,207,266,112,10,2,60.96
18,207,266,113,10,2,64.8
18,207,266,114,10,2,68.21
18,207,266,115,10,2,67.1795
18,207,266,116,10,2,67.1194
18,207,266,117,10,2,66.9707
18,207,266,118,10,2,67.0925
18,207,266,119,10,2,67.4318
18,207,266,120,10,2,67.4877
18,207,266,121,10,2,67.962
18,207,266,122,10,2,68.328
18,207,266,123,10,2,68.5344
18,207,266,124,10,2,68.9276
18,207,266,125,10,2,69.2838
18,207,266,126,10,2,69.8657
18,207,266,127,10,2,70.082
18,207,266,128,10,2,70.1877
18,207,266,129,10,2,70.6394
18,207,266,130,10,2,70.7781
18,206,266,101,10,2,38.28
18,206,266,102,10,2,40.53
18,206,266,103,10,2,42.17
18,206,266,104,10,2,46.52
18,206,266,105,10,2,50.67
18,206,266,106,10,2,54.67
18,206,266,107,10,2,58.59
18,206,266,108,10,2,61.92
18,206,266,109,10,2,61.92
18,206,266,110,10,2,60.44
18,206,266,111,10,2,58.88
18,206,266,112,10,2,60.96
18,206,266,113,10,2,64.8
18,206,266,114,10,2,68.21
18,206,266,115,10,2,70.7989
18,206,266,116,10,2,72.0278
18,206,266,117,10,2,73.2508
18,206,266,118,10,2,74.4792
18,206,266,119,10,2,75.5358
18,206,266,120,10,2,76.6022
18,206,266,121,10,2,77.6178
18,206,266,122,10,2,78.7418
18,206,266,123,10,2,79.7945
18,206,266,124,10,2,80.4372
18,206,266,125,10,2,81.0211
18,206,266,126,10,2,82.0329
18,206,266,127,10,2,82.5369
18,206,266,128,10,2,83.4029
18,206,266,129,10,2,83.9788
18,206,266,130,10,2,84.4667
18,8,266,101,10,2,38.28
18,8,266,102,10,2,40.53
18,8,266,103,10,2,42.17
18,8,266,104,10,2,46.52
18,8,266,105,10,2,50.67
18,8,266,106,10,2,54.67
18,8,266,107,10,2,58.59
18,8,266,108,10,2,61.92
18,8,266,109,10,2,61.92
18,8,266,110,10,2,60.44
18,8,266,111,10,2,58.88
18,8,266,112,10,2,60.96
18,8,266,113,10,2,64.8
18,8,266,114,10,2,68.21
18,8,266,115,10,2,68.21
18,8,266,116,10,2,68.21
18,8,266,117,10,2,68.21
18,8,266,118,10,2,68.21
18,8,266,119,10,2,68.21
18,8,266,120,10,2,68.21
18,8,266,121,10,2,68.21
18,8,266,122,10,2,68.21
18,8,266,123,10,2,68.21
18,8,266,124,10,2,68.21
18,8,266,125,10,2,68.21
18,8,266,126,10,2,68.21
18,8,266,127,10,2,68.21
18,8,266,128,10,2,68.21
18,8,266,129,10,2,68.21
18,8,266,130,10,2,68.21
18,202,72,101,10,2,47.56
18,202,72,102,10,2,50.67
18,202,72,103,10,2,53.38
18,202,72,104,10,2,55.84
18,202,72,105,10,2,58.24
18,202,72,106,10,2,61.11
18,202,72,107,10,2,63.38
18,202,72,108,10,2,64.77
18,202,72,109,10,2,60.53
18,202,72,110,10,2,55.62
18,202,72,111,10,2,52.52
18,202,72,112,10,2,58.14
18,202,72,113,10,2,66.96
18,202,72,114,10,2,71.86
18,202,72,115,10,2,72.3781
18,202,72,116,10,2,72.8932
18,202,72,117,10,2,73.3573
18,202,72,118,10,2,73.7489
18,202,72,119,10,2,74.2575
18,202,72,120,10,2,74.7915
18,202,72,121,10,2,75.3017
18,202,72,122,10,2,75.8495
18,202,72,123,10,2,76.3624
18,202,72,124,10,2,76.8808
18,202,72,125,10,2,77.386
18,202,72,126,10,2,77.9411
18,202,72,127,10,2,78.4873
18,202,72,128,10,2,79.0119
18,202,72,129,10,2,79.5864
18,202,72,130,10,2,80.1888
18,204,72,101,10,2,47.56
18,204,72,102,10,2,50.67
18,204,72,103,10,2,53.38
18,204,72,104,10,2,55.84
18,204,72,105,10,2,58.24
18,204,72,106,10,2,61.11
18,204,72,107,10,2,63.38
18,204,72,108,10,2,64.77
18,204,72,109,10,2,60.53
18,204,72,110,10,2,55.62
18,204,72,111,10,2,52.52
18,204,72,112,10,2,58.14
18,204,72,113,10,2,66.96
18,204,72,114,10,2,71.86
18,204,72,115,10,2,71.3495
18,204,72,116,10,2,71.4268
18,204,72,117,10,2,71.489
18,204,72,118,10,2,71.7681
18,204,72,119,10,2,71.9578
18,204,72,120,10,2,72.2169
18,204,72,121,10,2,72.3264
18,204,72,122,10,2,72.5645
18,204,72,123,10,2,73.0066
18,204,72,124,10,2,73.2779
18,204,72,125,10,2,73.4823
18,204,72,126,10,2,73.8516
18,204,72,127,10,2,74.2087
18,204,72,128,10,2,74.4226
18,204,72,129,10,2,74.7522
18,204,72,130,10,2,75.0623
18,203,72,101,10,2,47.56
18,203,72,102,10,2,50.67
18,203,72,103,10,2,53.38
18,203,72,104,10,2,55.84
18,203,72,105,10,2,58.24
18,203,72,106,10,2,61.11
18,203,72,107,10,2,63.38
18,203,72,108,10,2,64.77
18,203,72,109,10,2,60.53
18,203,72,110,10,2,55.62
18,203,72,111,10,2,52.52
18,203,72,112,10,2,58.14
18,203,72,113,10,2,66.96
18,203,72,114,10,2,71.86
18,203,72,115,10,2,73.4181
18,203,72,116,10,2,74.3384
18,203,72,117,10,2,75.1527
18,203,72,118,10,2,75.989
18,203,72,119,10,2,76.8393
18,203,72,120,10,2,77.6856
18,203,72,121,10,2,78.2084
18,203,72,122,10,2,78.9467
18,203,72,123,10,2,79.7127
18,203,72,124,10,2,80.4682
18,203,72,125,10,2,81.0152
18,203,72,126,10,2,81.735
18,203,72,127,10,2,82.3591
18,203,72,128,10,2,82.9764
18,203,72,129,10,2,83.5151
18,203,72,130,10,2,84.1297
18,207,72,101,10,2,47.56
18,207,72,102,10,2,50.67
18,207,72,103,10,2,53.38
18,207,72,104,10,2,55.84
18,207,72,105,10,2,58.24
18,207,72,106,10,2,61.11
18,207,72,107,10,2,63.38
18,207,72,108,10,2,64.77
18,207,72,109,10,2,60.53
18,207,72,110,10,2,55.62
18,207,72,111,10,2,52.52
18,207,72,112,10,2,58.14
18,207,72,113,10,2,66.96
18,207,72,114,10,2,71.86
18,207,72,115,10,2,70.869
18,207,72,116,10,2,70.6242
18,207,72,117,10,2,70.6408
18,207,72,118,10,2,70.5636
18,207,72,119,10,2,70.722
18,207,72,120,10,2,70.8255
18,207,72,121,10,2,70.8826
18,207,72,122,10,2,71.0274
18,207,72,123,10,2,71.2714
18,207,72,124,10,2,71.418
18,207,72,125,10,2,71.7196
18,207,72,126,10,2,71.5576
18,207,72,127,10,2,72.0194
18,207,72,128,10,2,72.1685
18,207,72,129,10,2,72.1977
18,207,72,130,10,2,72.6483
18,206,72,101,10,2,47.56
18,206,72,102,10,2,50.67
18,206,72,103,10,2,53.38
18,206,72,104,10,2,55.84
18,206,72,105,10,2,58.24
18,206,72,106,10,2,61.11
18,206,72,107,10,2,63.38
18,206,72,108,10,2,64.77
18,206,72,109,10,2,60.53
18,206,72,110,10,2,55.62
18,206,72,111,10,2,52.52
18,206,72,112,10,2,58.14
18,206,72,113,10,2,66.96
18,206,72,114,10,2,71.86
18,206,72,115,10,2,73.8989
18,206,72,116,10,2,75.1104
18,206,72,117,10,2,76.2747
18,206,72,118,10,2,77.0778
18,206,72,119,10,2,77.9823
18,206,72,120,10,2,78.9554
18,206,72,121,10,2,79.719
18,206,72,122,10,2,80.4728
18,206,72,123,10,2,81.1065
18,206,72,124,10,2,81.6917
18,206,72,125,10,2,82.5037
18,206,72,126,10,2,83.2322
18,206,72,127,10,2,83.9527
18,206,72,128,10,2,84.6688
18,206,72,129,10,2,85.1633
18,206,72,130,10,2,86.1641
18,8,72,101,10,2,47.56
18,8,72,102,10,2,50.67
18,8,72,103,10,2,53.38
18,8,72,104,10,2,55.84
18,8,72,105,10,2,58.24
18,8,72,106,10,2,61.11
18,8,72,107,10,2,63.38
18,8,72,108,10,2,64.77
18,8,72,109,10,2,60.53
18,8,72,110,10,2,55.62
18,8,72,111,10,2,52.52
18,8,72,112,10,2,58.14
18,8,72,113,10,2,66.96
18,8,72,114,10,2,71.86
18,8,72,115,10,2,71.86
18,8,72,116,10,2,71.86
18,8,72,117,10,2,71.86
18,8,72,118,10,2,71.86
18,8,72,119,10,2,71.86
18,8,72,120,10,2,71.86
18,8,72,121,10,2,71.86
18,8,72,122,10,2,71.86
18,8,72,123,10,2,71.86
18,8,72,124,10,2,71.86
18,8,72,125,10,2,71.86
18,8,72,126,10,2,71.86
18,8,72,127,10,2,71.86
18,8,72,128,10,2,71.86
18,8,72,129,10,2,71.86
18,8,72,130,10,2,71.86
18,202,748,101,10,2,42.58
18,202,748,102,10,2,44.75
18,202,748,103,10,2,46.61
18,202,748,104,10,2,48.62
18,202,748,105,10,2,51.8
18,202,748,106,10,2,55.42
18,202,748,107,10,2,59.42
18,202,748,108,10,2,62.98
18,202,748,109,10,2,62.96
18,202,748,110,10,2,56.33
18,202,748,111,10,2,46.04
18,202,748,112,10,2,45.95
18,202,748,113,10,2,53.98
18,202,748,114,10,2,63.88
18,202,748,115,10,2,65.3719
18,202,748,116,10,2,66.6062
18,202,748,117,10,2,67.5734
18,202,748,118,10,2,68.3458
18,202,748,119,10,2,69.0849
18,202,748,120,10,2,69.9175
18,202,748,121,10,2,70.5514
18,202,748,122,10,2,71.2565
18,202,748,123,10,2,71.845
18,202,748,124,10,2,72.3619
18,202,748,125,10,2,73.0401
18,202,748,126,10,2,73.598
18,202,748,127,10,2,74.1558
18,202,748,128,10,2,74.8246
18,202,748,129,10,2,75.2653
18,202,748,130,10,2,75.891
18,204,748,101,10,2,42.58
18,204,748,102,10,2,44.75
18,204,748,103,10,2,46.61
18,204,748,104,10,2,48.62
18,204,748,105,10,2,51.8
18,204,748,106,10,2,55.42
18,204,748,107,10,2,59.42
18,204,748,108,10,2,62.98
18,204,748,109,10,2,62.96
18,204,748,110,10,2,56.33
18,204,748,111,10,2,46.04
18,204,748,112,10,2,45.95
18,204,748,113,10,2,53.98
18,204,748,114,10,2,63.88
18,204,748,115,10,2,63.8218
18,204,748,116,10,2,64.4355
18,204,748,117,10,2,64.7878
18,204,748,118,10,2,65.2345
18,204,748,119,10,2,65.6219
18,204,748,120,10,2,65.9305
18,204,748,121,10,2,66.1681
18,204,748,122,10,2,66.4742
18,204,748,123,10,2,66.8004
18,204,748,124,10,2,67.1526
18,204,748,125,10,2,67.6259
18,204,748,126,10,2,67.9427
18,204,748,127,10,2,68.346
18,204,748,128,10,2,68.8432
18,204,748,129,10,2,69.2228
18,204,748,130,10,2,69.6334
18,203,748,101,10,2,42.58
18,203,748,102,10,2,44.75
18,203,748,103,10,2,46.61
18,203,748,104,10,2,48.62
18,203,748,105,10,2,51.8
18,203,748,106,10,2,55.42
18,203,748,107,10,2,59.42
18,203,748,108,10,2,62.98
18,203,748,109,10,2,62.96
18,203,748,110,10,2,56.33
18,203,748,111,10,2,46.04
18,203,748,112,10,2,45.95
18,203,748,113,10,2,53.98
18,203,748,114,10,2,63.88
18,203,748,115,10,2,67.0772
18,203,748,116,10,2,69.1135
18,203,748,117,10,2,70.7426
18,203,748,118,10,2,72.187
18,203,748,119,10,2,73.6294
18,203,748,120,10,2,74.5528
18,203,748,121,10,2,75.4031
18,203,748,122,10,2,76.4046
18,203,748,123,10,2,77.4912
18,203,748,124,10,2,78.2977
18,203,748,125,10,2,78.9908
18,203,748,126,10,2,79.7049
18,203,748,127,10,2,80.42
18,203,748,128,10,2,81.089
18,203,748,129,10,2,81.8292
18,203,748,130,10,2,82.4325
18,207,748,101,10,2,42.58
18,207,748,102,10,2,44.75
18,207,748,103,10,2,46.61
18,207,748,104,10,2,48.62
18,207,748,105,10,2,51.8
18,207,748,106,10,2,55.42
18,207,748,107,10,2,59.42
18,207,748,108,10,2,62.98
18,207,748,109,10,2,62.96
18,207,748,110,10,2,56.33
18,207,748,111,10,2,46.04
18,207,748,112,10,2,45.95
18,207,748,113,10,2,53.98
18,207,748,114,10,2,63.88
18,207,748,115,10,2,62.9562
18,207,748,116,10,2,63.2305
18,207,748,117,10,2,63.3559
18,207,748,118,10,2,63.8116
18,207,748,119,10,2,64.119
18,207,748,120,10,2,64.108
18,207,748,121,10,2,64.1251
18,207,748,122,10,2,64.3908
18,207,748,123,10,2,64.3591
18,207,748,124,10,2,65.0408
18,207,748,125,10,2,65.0316
18,207,748,126,10,2,65.5982
18,207,748,127,10,2,65.8029
18,207,748,128,10,2,66.0992
18,207,748,129,10,2,66.4778
18,207,748,130,10,2,66.2808
18,206,748,101,10,2,42.58
18,206,748,102,10,2,44.75
18,206,748,103,10,2,46.61
18,206,748,104,10,2,48.62
18,206,748,105,10,2,51.8
18,206,748,106,10,2,55.42
18,206,748,107,10,2,59.42
18,206,748,108,10,2,62.98
18,206,748,109,10,2,62.96
18,206,748,110,10,2,56.33
18,206,748,111,10,2,46.04
18,206,748,112,10,2,45.95
18,206,748,113,10,2,53.98
18,206,748,114,10,2,63.88
18,206,748,115,10,2,67.8466
18,206,748,116,10,2,70.2352
18,206,748,117,10,2,72.7714
18,206,748,118,10,2,74.7451
18,206,748,119,10,2,76.2264
18,206,748,120,10,2,77.3471
18,206,748,121,10,2,78.4287
18,206,748,122,10,2,79.6997
18,206,748,123,10,2,80.7932
18,206,748,124,10,2,81.8036
18,206,748,125,10,2,82.7656
18,206,748,126,10,2,83.5241
18,206,748,127,10,2,84.3381
18,206,748,128,10,2,85.0696
18,206,748,129,10,2,85.8007
18,206,748,130,10,2,86.5108
18,8,748,101,10,2,42.58
18,8,748,102,10,2,44.75
18,8,748,103,10,2,46.61
18,8,748,104,10,2,48.62
18,8,748,105,10,2,51.8
18,8,748,106,10,2,55.42
18,8,748,107,10,2,59.42
18,8,748,108,10,2,62.98
18,8,748,109,10,2,62.96
18,8,748,110,10,2,56.33
18,8,748,111,10,2,46.04
18,8,748,112,10,2,45.95
18,8,748,113,10,2,53.98
18,8,748,114,10,2,63.88
18,8,748,115,10,2,63.88
18,8,748,116,10,2,63.88
18,8,748,117,10,2,63.88
18,8,748,118,10,2,63.88
18,8,748,119,10,2,63.88
18,8,748,120,10,2,63.88
18,8,748,121,10,2,63.88
18,8,748,122,10,2,63.88
18,8,748,123,10,2,63.88
18,8,748,124,10,2,63.88
18,8,748,125,10,2,63.88
18,8,748,126,10,2,63.88
18,8,748,127,10,2,63.88
18,8,748,128,10,2,63.88
18,8,748,129,10,2,63.88
18,8,748,130,10,2,63.88
18,202,426,101,10,2,49.3
18,202,426,102,10,2,51.46
18,202,426,103,10,2,52.7
18,202,426,104,10,2,53.71
18,202,426,105,10,2,55.78
18,202,426,106,10,2,58.9
18,202,426,107,10,2,62.02
18,202,426,108,10,2,63.81
18,202,426,109,10,2,62.73
18,202,426,110,10,2,56.02
18,202,426,111,10,2,46.63
18,202,426,112,10,2,45.83
18,202,426,113,10,2,51.31
18,202,426,114,10,2,56.75
18,202,426,115,10,2,58.8712
18,202,426,116,10,2,60.7341
18,202,426,117,10,2,62.4559
18,202,426,118,10,2,63.8405
18,202,426,119,10,2,65.0486
18,202,426,120,10,2,66.0389
18,202,426,121,10,2,66.9996
18,202,426,122,10,2,67.7899
18,202,426,123,10,2,68.6045
18,202,426,124,10,2,69.4719
18,202,426,125,10,2,70.0842
18,202,426,126,10,2,70.8431
18,202,426,127,10,2,71.5088
18,202,426,128,10,2,72.0326
18,202,426,129,10,2,72.7517
18,202,426,130,10,2,73.3883
18,204,426,101,10,2,49.3
18,204,426,102,10,2,51.46
18,204,426,103,10,2,52.7
18,204,426,104,10,2,53.71
18,204,426,105,10,2,55.78
18,204,426,106,10,2,58.9
18,204,426,107,10,2,62.02
18,204,426,108,10,2,63.81
18,204,426,109,10,2,62.73
18,204,426,110,10,2,56.02
18,204,426,111,10,2,46.63
18,204,426,112,10,2,45.83
18,204,426,113,10,2,51.31
18,204,426,114,10,2,56.75
18,204,426,115,10,2,57.3455
18,204,426,116,10,2,58.6167
18,204,426,117,10,2,59.999
18,204,426,118,10,2,60.9958
18,204,426,119,10,2,61.9599
18,204,426,120,10,2,62.7902
18,204,426,121,10,2,63.6882
18,204,426,122,10,2,64.3164
18,204,426,123,10,2,64.7275
18,204,426,124,10,2,65.5784
18,204,426,125,10,2,66.1289
18,204,426,126,10,2,66.6293
18,204,426,127,10,2,67.2618
18,204,426,128,10,2,67.616
18,204,426,129,10,2,68.1979
18,204,426,130,10,2,68.7084
18,203,426,101,10,2,49.3
18,203,426,102,10,2,51.46
18,203,426,103,10,2,52.7
18,203,426,104,10,2,53.71
18,203,426,105,10,2,55.78
18,203,426,106,10,2,58.9
18,203,426,107,10,2,62.02
18,203,426,108,10,2,63.81
18,203,426,109,10,2,62.73
18,203,426,110,10,2,56.02
18,203,426,111,10,2,46.63
18,203,426,112,10,2,45.83
18,203,426,113,10,2,51.31
18,203,426,114,10,2,56.75
18,203,426,115,10,2,60.3503
18,203,426,116,10,2,62.7364
18,203,426,117,10,2,64.7968
18,203,426,118,10,2,66.5084
18,203,426,119,10,2,67.8951
18,203,426,120,10,2,69.222
18,203,426,121,10,2,70.532
18,203,426,122,10,2,71.579
18,203,426,123,10,2,72.6837
18,203,426,124,10,2,73.6674
18,203,426,125,10,2,74.5364
18,203,426,126,10,2,75.5586
18,203,426,127,10,2,76.4256
18,203,426,128,10,2,77.1341
18,203,426,129,10,2,77.8654
18,203,426,130,10,2,78.5608
18,207,426,101,10,2,49.3
18,207,426,102,10,2,51.46
18,207,426,103,10,2,52.7
18,207,426,104,10,2,53.71
18,207,426,105,10,2,55.78
18,207,426,106,10,2,58.9
18,207,426,107,10,2,62.02
18,207,426,108,10,2,63.81
18,207,426,109,10,2,62.73
18,207,426,110,10,2,56.02
18,207,426,111,10,2,46.63
18,207,426,112,10,2,45.83
18,207,426,113,10,2,51.31
18,207,426,114,10,2,56.75
18,207,426,115,10,2,56.5362
18,207,426,116,10,2,57.4261
18,207,426,117,10,2,58.7278
18,207,426,118,10,2,59.5445
18,207,426,119,10,2,60.2752
18,207,426,120,10,2,61.0008
18,207,426,121,10,2,61.6677
18,207,426,122,10,2,62.2193
18,207,426,123,10,2,62.9088
18,207,426,124,10,2,63.3931
18,207,426,125,10,2,63.5832
18,207,426,126,10,2,64.1916
18,207,426,127,10,2,64.6869
18,207,426,128,10,2,65.6221
18,207,426,129,10,2,65.9485
18,207,426,130,10,2,66.5307
18,206,426,101,10,2,49.3
18,206,426,102,10,2,51.46
18,206,426,103,10,2,52.7
18,206,426,104,10,2,53.71
18,206,426,105,10,2,55.78
18,206,426,106,10,2,58.9
18,206,426,107,10,2,62.02
18,206,426,108,10,2,63.81
18,206,426,109,10,2,62.73
18,206,426,110,10,2,56.02
18,206,426,111,10,2,46.63
18,206,426,112,10,2,45.83
18,206,426,113,10,2,51.31
18,206,426,114,10,2,56.75
18,206,426,115,10,2,61.1596
18,206,426,116,10,2,63.8221
18,206,426,117,10,2,66.0661
18,206,426,118,10,2,67.8924
18,206,426,119,10,2,69.6685
18,206,426,120,10,2,71.1846
18,206,426,121,10,2,72.7366
18,206,426,122,10,2,74.1522
18,206,426,123,10,2,75.1721
18,206,426,124,10,2,76.4399
18,206,426,125,10,2,77.5001
18,206,426,126,10,2,78.4368
18,206,426,127,10,2,79.3264
18,206,426,128,10,2,80.1299
18,206,426,129,10,2,80.7972
18,206,426,130,10,2,81.7094
18,8,426,101,10,2,49.3
18,8,426,102,10,2,51.46
18,8,426,103,10,2,52.7
18,8,426,104,10,2,53.71
18,8,426,105,10,2,55.78
18,8,426,106,10,2,58.9
18,8,426,107,10,2,62.02
18,8,426,108,10,2,63.81
18,8,426,109,10,2,62.73
18,8,426,110,10,2,56.02
18,8,426,111,10,2,46.63
18,8,426,112,10,2,45.83
18,8,426,113,10,2,51.31
18,8,426,114,10,2,56.75
18,8,426,115,10,2,56.75
18,8,426,116,10,2,56.75
18,8,426,117,10,2,56.75
18,8,426,118,10,2,56.75
18,8,426,119,10,2,56.75
18,8,426,120,10,2,56.75
18,8,426,121,10,2,56.75
18,8,426,122,10,2,56.75
18,8,426,123,10,2,56.75
18,8,426,124,10,2,56.75
18,8,426,125,10,2,56.75
18,8,426,126,10,2,56.75
18,8,426,127,10,2,56.75
18,8,426,128,10,2,56.75
18,8,426,129,10,2,56.75
18,8,426,130,10,2,56.75
18,202,516,101,10,2,43.3
18,202,516,102,10,2,46.93
18,202,516,103,10,2,50.6
18,202,516,104,10,2,53.54
18,202,516,105,10,2,56.41
18,202,516,106,10,2,59.59
18,202,516,107,10,2,61.17
18,202,516,108,10,2,63.58
18,202,516,109,10,2,64.06
18,202,516,110,10,2,57.58
18,202,516,111,10,2,52.46
18,202,516,112,10,2,54.42
18,202,516,113,10,2,62.95
18,202,516,114,10,2,65.8
18,202,516,115,10,2,67.2608
18,202,516,116,10,2,68.6023
18,202,516,117,10,2,69.6009
18,202,516,118,10,2,70.6817
18,202,516,119,10,2,71.4544
18,202,516,120,10,2,72.3351
18,202,516,121,10,2,73.1283
18,202,516,122,10,2,73.8558
18,202,516,123,10,2,74.4832
18,202,516,124,10,2,75.197
18,202,516,125,10,2,75.7616
18,202,516,126,10,2,76.4902
18,202,516,127,10,2,77.0879
18,202,516,128,10,2,77.8211
18,202,516,129,10,2,78.3422
18,202,516,130,10,2,78.9049
18,204,516,101,10,2,43.3
18,204,516,102,10,2,46.93
18,204,516,103,10,2,50.6
18,204,516,104,10,2,53.54
18,204,516,105,10,2,56.41
18,204,516,106,10,2,59.59
18,204,516,107,10,2,61.17
18,204,516,108,10,2,63.58
18,204,516,109,10,2,64.06
18,204,516,110,10,2,57.58
18,204,516,111,10,2,52.46
18,204,516,112,10,2,54.42
18,204,516,113,10,2,62.95
18,204,516,114,10,2,65.8
18,204,516,115,10,2,65.9463
18,204,516,116,10,2,66.5581
18,204,516,117,10,2,67.1736
18,204,516,118,10,2,67.8968
18,204,516,119,10,2,68.5446
18,204,516,120,10,2,69.1051
18,204,516,121,10,2,69.7373
18,204,516,122,10,2,70.178
18,204,516,123,10,2,70.7948
18,204,516,124,10,2,71.1507
18,204,516,125,10,2,71.4904
18,204,516,126,10,2,71.9307
18,204,516,127,10,2,72.607
18,204,516,128,10,2,73.0351
18,204,516,129,10,2,73.4199
18,204,516,130,10,2,73.8161
18,203,516,101,10,2,43.3
18,203,516,102,10,2,46.93
18,203,516,103,10,2,50.6
18,203,516,104,10,2,53.54
18,203,516,105,10,2,56.41
18,203,516,106,10,2,59.59
18,203,516,107,10,2,61.17
18,203,516,108,10,2,63.58
18,203,516,109,10,2,64.06
18,203,516,110,10,2,57.58
18,203,516,111,10,2,52.46
18,203,516,112,10,2,54.42
18,203,516,113,10,2,62.95
18,203,516,114,10,2,65.8
18,203,516,115,10,2,68.6321
18,203,516,116,10,2,70.4421
18,203,516,117,10,2,72.068
18,203,516,118,10,2,73.3941
18,203,516,119,10,2,74.7254
18,203,516,120,10,2,75.7806
18,203,516,121,10,2,76.9594
18,203,516,122,10,2,77.8083
18,203,516,123,10,2,78.7064
18,203,516,124,10,2,79.509
18,203,516,125,10,2,80.3157
18,203,516,126,10,2,81.1208
18,203,516,127,10,2,81.692
18,203,516,128,10,2,82.3215
18,203,516,129,10,2,83.1578
18,203,516,130,10,2,83.8442
18,207,516,101,10,2,43.3
18,207,516,102,10,2,46.93
18,207,516,103,10,2,50.6
18,207,516,104,10,2,53.54
18,207,516,105,10,2,56.41
18,207,516,106,10,2,59.59
18,207,516,107,10,2,61.17
18,207,516,108,10,2,63.58
18,207,516,109,10,2,64.06
18,207,516,110,10,2,57.58
18,207,516,111,10,2,52.46
18,207,516,112,10,2,54.42
18,207,516,113,10,2,62.95
18,207,516,114,10,2,65.8
18,207,516,115,10,2,65.3608
18,207,516,116,10,2,65.5952
18,207,516,117,10,2,66.0633
18,207,516,118,10,2,66.4729
18,207,516,119,10,2,66.8701
18,207,516,120,10,2,67.3103
18,207,516,121,10,2,67.6528
18,207,516,122,10,2,68.0955
18,207,516,123,10,2,68.3933
18,207,516,124,10,2,68.8421
18,207,516,125,10,2,68.9985
18,207,516,126,10,2,69.3158
18,207,516,127,10,2,69.5823
18,207,516,128,10,2,69.8292
18,207,516,129,10,2,70.4306
18,207,516,130,10,2,70.9484
18,206,516,101,10,2,43.3
18,206,516,102,10,2,46.93
18,206,516,103,10,2,50.6
18,206,516,104,10,2,53.54
18,206,516,105,10,2,56.41
18,206,516,106,10,2,59.59
18,206,516,107,10,2,61.17
18,206,516,108,10,2,63.58
18,206,516,109,10,2,64.06
18,206,516,110,10,2,57.58
18,206,516,111,10,2,52.46
18,206,516,112,10,2,54.42
18,206,516,113,10,2,62.95
18,206,516,114,10,2,65.8
18,206,516,115,10,2,69.2603
18,206,516,116,10,2,71.5701
18,206,516,117,10,2,73.4654
18,206,516,118,10,2,74.7995
18,206,516,119,10,2,76.3354
18,206,516,120,10,2,77.6243
18,206,516,121,10,2,78.5972
18,206,516,122,10,2,79.6108
18,206,516,123,10,2,80.8398
18,206,516,124,10,2,81.5965
18,206,516,125,10,2,82.3493
18,206,516,126,10,2,83.2366
18,206,516,127,10,2,84.2717
18,206,516,128,10,2,84.727
18,206,516,129,10,2,85.4639
18,206,516,130,10,2,86.3452
18,8,516,101,10,2,43.3
18,8,516,102,10,2,46.93
18,8,516,103,10,2,50.6
18,8,516,104,10,2,53.54
18,8,516,105,10,2,56.41
18,8,516,106,10,2,59.59
18,8,516,107,10,2,61.17
18,8,516,108,10,2,63.58
18,8,516,109,10,2,64.06
18,8,516,110,10,2,57.58
18,8,516,111,10,2,52.46
18,8,516,112,10,2,54.42
18,8,516,113,10,2,62.95
18,8,516,114,10,2,65.8
18,8,516,115,10,2,65.8
18,8,516,116,10,2,65.8
18,8,516,117,10,2,65.8
18,8,516,118,10,2,65.8
18,8,516,119,10,2,65.8
18,8,516,120,10,2,65.8
18,8,516,121,10,2,65.8
18,8,516,122,10,2,65.8
18,8,516,123,10,2,65.8
18,8,516,124,10,2,65.8
18,8,516,125,10,2,65.8
18,8,516,126,10,2,65.8
18,8,516,127,10,2,65.8
18,8,516,128,10,2,65.8
18,8,516,129,10,2,65.8
18,8,516,130,10,2,65.8
18,202,710,101,10,2,47.67
18,202,710,102,10,2,50.21
18,202,710,103,10,2,52.02
18,202,710,104,10,2,53.97
18,202,710,105,10,2,56.5
18,202,710,106,10,2,59.28
18,202,710,107,10,2,61.72
18,202,710,108,10,2,64.82
18,202,710,109,10,2,66.74
18,202,710,110,10,2,62.57
18,202,710,111,10,2,56.55
18,202,710,112,10,2,57.26
18,202,710,113,10,2,64.24
18,202,710,114,10,2,67.14
18,202,710,115,10,2,68.0228
18,202,710,116,10,2,68.7992
18,202,710,117,10,2,69.5316
18,202,710,118,10,2,70.2561
18,202,710,119,10,2,70.8474
18,202,710,120,10,2,71.4506
18,202,710,121,10,2,71.98
18,202,710,122,10,2,72.5692
18,202,710,123,10,2,73.1411
18,202,710,124,10,2,73.7206
18,202,710,125,10,2,74.2685
18,202,710,126,10,2,74.685
18,202,710,127,10,2,75.2214
18,202,710,128,10,2,75.7804
18,202,710,129,10,2,76.1902
18,202,710,130,10,2,76.7073
18,204,710,101,10,2,47.67
18,204,710,102,10,2,50.21
18,204,710,103,10,2,52.02
18,204,710,104,10,2,53.97
18,204,710,105,10,2,56.5
18,204,710,106,10,2,59.28
18,204,710,107,10,2,61.72
18,204,710,108,10,2,64.82
18,204,710,109,10,2,66.74
18,204,710,110,10,2,62.57
18,204,710,111,10,2,56.55
18,204,710,112,10,2,57.26
18,204,710,113,10,2,64.24
18,204,710,114,10,2,67.14
18,204,710,115,10,2,66.6883
18,204,710,116,10,2,67.0498
18,204,710,117,10,2,67.3801
18,204,710,118,10,2,67.8208
18,204,710,119,10,2,68.1203
18,204,710,120,10,2,68.4656
18,204,710,121,10,2,68.7185
18,204,710,122,10,2,69.1905
18,204,710,123,10,2,69.2887
18,204,710,124,10,2,69.7067
18,204,710,125,10,2,69.8016
18,204,710,126,10,2,70.0742
18,204,710,127,10,2,70.5201
18,204,710,128,10,2,70.7364
18,204,710,129,10,2,71.1031
18,204,710,130,10,2,71.3829
18,203,710,101,10,2,47.67
18,203,710,102,10,2,50.21
18,203,710,103,10,2,52.02
18,203,710,104,10,2,53.97
18,203,710,105,10,2,56.5
18,203,710,106,10,2,59.28
18,203,710,107,10,2,61.72
18,203,710,108,10,2,64.82
18,203,710,109,10,2,66.74
18,203,710,110,10,2,62.57
18,203,710,111,10,2,56.55
18,203,710,112,10,2,57.26
18,203,710,113,10,2,64.24
18,203,710,114,10,2,67.14
18,203,710,115,10,2,69.1627
18,203,710,116,10,2,70.6188
18,203,710,117,10,2,71.779
18,203,710,118,10,2,72.7447
18,203,710,119,10,2,73.5634
18,203,710,120,10,2,74.5641
18,203,710,121,10,2,75.2581
18,203,710,122,10,2,76.125
18,203,710,123,10,2,76.8056
18,203,710,124,10,2,77.6232
18,203,710,125,10,2,78.2277
18,203,710,126,10,2,78.8294
18,203,710,127,10,2,79.4292
18,203,710,128,10,2,80.1506
18,203,710,129,10,2,80.8802
18,203,710,130,10,2,81.5875
18,207,710,101,10,2,47.67
18,207,710,102,10,2,50.21
18,207,710,103,10,2,52.02
18,207,710,104,10,2,53.97
18,207,710,105,10,2,56.5
18,207,710,106,10,2,59.28
18,207,710,107,10,2,61.72
18,207,710,108,10,2,64.82
18,207,710,109,10,2,66.74
18,207,710,110,10,2,62.57
18,207,710,111,10,2,56.55
18,207,710,112,10,2,57.26
18,207,710,113,10,2,64.24
18,207,710,114,10,2,67.14
18,207,710,115,10,2,66.1534
18,207,710,116,10,2,66.1562
18,207,710,117,10,2,66.2876
18,207,710,118,10,2,66.3605
18,207,710,119,10,2,66.855
18,207,710,120,10,2,67.2666
18,207,710,121,10,2,67.3347
18,207,710,122,10,2,67.179
18,207,710,123,10,2,67.4483
18,207,710,124,10,2,67.7209
18,207,710,125,10,2,67.8459
18,207,710,126,10,2,68.1045
18,207,710,127,10,2,67.8994
18,207,710,128,10,2,68.3194
18,207,710,129,10,2,68.1533
18,207,710,130,10,2,68.6772
18,206,710,101,10,2,47.67
18,206,710,102,10,2,50.21
18,206,710,103,10,2,52.02
18,206,710,104,10,2,53.97
18,206,710,105,10,2,56.5
18,206,710,106,10,2,59.28
18,206,710,107,10,2,61.72
18,206,710,108,10,2,64.82
18,206,710,109,10,2,66.74
18,206,710,110,10,2,62.57
18,206,710,111,10,2,56.55
18,206,710,112,10,2,57.26
18,206,710,113,10,2,64.24
18,206,710,114,10,2,67.14
18,206,710,115,10,2,70.0328
18,206,710,116,10,2,71.6126
18,206,710,117,10,2,72.8625
18,206,710,118,10,2,74.3623
18,206,710,119,10,2,75.2231
18,206,710,120,10,2,76.1996
18,206,710,121,10,2,76.9906
18,206,710,122,10,2,78.2029
18,206,710,123,10,2,79.0023
18,206,710,124,10,2,79.6583
18,206,710,125,10,2,80.2506
18,206,710,126,10,2,80.8344
18,206,710,127,10,2,81.5656
18,206,710,128,10,2,82.1619
18,206,710,129,10,2,83.2317
18,206,710,130,10,2,83.7996
18,8,710,101,10,2,47.67
18,8,710,102,10,2,50.21
18,8,710,103,10,2,52.02
18,8,710,104,10,2,53.97
18,8,710,105,10,2,56.5
18,8,710,106,10,2,59.28
18,8,710,107,10,2,61.72
18,8,710,108,10,2,64.82
18,8,710,109,10,2,66.74
18,8,710,110,10,2,62.57
18,8,710,111,10,2,56.55
18,8,710,112,10,2,57.26
18,8,710,113,10,2,64.24
18,8,710,114,10,2,67.14
18,8,710,115,10,2,67.14
18,8,710,116,10,2,67.14
18,8,710,117,10,2,67.14
18,8,710,118,10,2,67.14
18,8,710,119,10,2,67.14
18,8,710,120,10,2,67.14
18,8,710,121,10,2,67.14
18,8,710,122,10,2,67.14
18,8,710,123,10,2,67.14
18,8,710,124,10,2,67.14
18,8,710,125,10,2,67.14
18,8,710,126,10,2,67.14
18,8,710,127,10,2,67.14
18,8,710,128,10,2,67.14
18,8,710,129,10,2,67.14
18,8,710,130,10,2,67.14
18,202,384,101,10,2,30.12
18,202,384,102,10,2,34.11
18,202,384,103,10,2,39.05
18,202,384,104,10,2,43.14
18,202,384,105,10,2,48.09
18,202,384,106,10,2,51.59
18,202,384,107,10,2,54.04
18,202,384,108,10,2,55.34
18,202,384,109,10,2,54.65
18,202,384,110,10,2,52.36
18,202,384,111,10,2,51.22
18,202,384,112,10,2,53.04
18,202,384,113,10,2,55.92
18,202,384,114,10,2,58.57
18,202,384,115,10,2,59.1807
18,202,384,116,10,2,59.8496
18,202,384,117,10,2,60.3858
18,202,384,118,10,2,60.9881
18,202,384,119,10,2,61.435
18,202,384,120,10,2,61.9293
18,202,384,121,10,2,62.6805
18,202,384,122,10,2,63.2444
18,202,384,123,10,2,63.6974
18,202,384,124,10,2,64.2569
18,202,384,125,10,2,64.6891
18,202,384,126,10,2,65.1363
18,202,384,127,10,2,65.803
18,202,384,128,10,2,66.3343
18,202,384,129,10,2,66.9303
18,202,384,130,10,2,67.4373
18,204,384,101,10,2,30.12
18,204,384,102,10,2,34.11
18,204,384,103,10,2,39.05
18,204,384,104,10,2,43.14
18,204,384,105,10,2,48.09
18,204,384,106,10,2,51.59
18,204,384,107,10,2,54.04
18,204,384,108,10,2,55.34
18,204,384,109,10,2,54.65
18,204,384,110,10,2,52.36
18,204,384,111,10,2,51.22
18,204,384,112,10,2,53.04
18,204,384,113,10,2,55.92
18,204,384,114,10,2,58.57
18,204,384,115,10,2,57.9051
18,204,384,116,10,2,57.9763
18,204,384,117,10,2,58.2492
18,204,384,118,10,2,58.3205
18,204,384,119,10,2,58.5961
18,204,384,120,10,2,58.9636
18,204,384,121,10,2,59.1474
18,204,384,122,10,2,59.4559
18,204,384,123,10,2,59.7578
18,204,384,124,10,2,60.1399
18,204,384,125,10,2,60.5357
18,204,384,126,10,2,60.9014
18,204,384,127,10,2,61.2214
18,204,384,128,10,2,61.5167
18,204,384,129,10,2,61.7915
18,204,384,130,10,2,62.3102
18,203,384,101,10,2,30.12
18,203,384,102,10,2,34.11
18,203,384,103,10,2,39.05
18,203,384,104,10,2,43.14
18,203,384,105,10,2,48.09
18,203,384,106,10,2,51.59
18,203,384,107,10,2,54.04
18,203,384,108,10,2,55.34
18,203,384,109,10,2,54.65
18,203,384,110,10,2,52.36
18,203,384,111,10,2,51.22
18,203,384,112,10,2,53.04
18,203,384,113,10,2,55.92
18,203,384,114,10,2,58.57
18,203,384,115,10,2,60.5798
18,203,384,116,10,2,61.6509
18,203,384,117,10,2,62.6628
18,203,384,118,10,2,63.7138
18,203,384,119,10,2,64.5387
18,203,384,120,10,2,65.312
18,203,384,121,10,2,66.2989
18,203,384,122,10,2,66.912
18,203,384,123,10,2,67.7117
18,203,384,124,10,2,68.2123
18,203,384,125,10,2,68.9491
18,203,384,126,10,2,69.7202
18,203,384,127,10,2,70.5311
18,203,384,128,10,2,71.1895
18,203,384,129,10,2,71.7193
18,203,384,130,10,2,72.4808
18,207,384,101,10,2,30.12
18,207,384,102,10,2,34.11
18,207,384,103,10,2,39.05
18,207,384,104,10,2,43.14
18,207,384,105,10,2,48.09
18,207,384,106,10,2,51.59
18,207,384,107,10,2,54.04
18,207,384,108,10,2,55.34
18,207,384,109,10,2,54.65
18,207,384,110,10,2,52.36
18,207,384,111,10,2,51.22
18,207,384,112,10,2,53.04
18,207,384,113,10,2,55.92
18,207,384,114,10,2,58.57
18,207,384,115,10,2,57.2335
18,207,384,116,10,2,57.0413
18,207,384,117,10,2,56.8651
18,207,384,118,10,2,56.9784
18,207,384,119,10,2,57.1019
18,207,384,120,10,2,57.3096
18,207,384,121,10,2,57.7137
18,207,384,122,10,2,57.7439
18,207,384,123,10,2,58.0719
18,207,384,124,10,2,58.433
18,207,384,125,10,2,58.7321
18,207,384,126,10,2,58.9239
18,207,384,127,10,2,58.9895
18,207,384,128,10,2,59.0797
18,207,384,129,10,2,59.4732
18,207,384,130,10,2,59.7966
18,206,384,101,10,2,30.12
18,206,384,102,10,2,34.11
18,206,384,103,10,2,39.05
18,206,384,104,10,2,43.14
18,206,384,105,10,2,48.09
18,206,384,106,10,2,51.59
18,206,384,107,10,2,54.04
18,206,384,108,10,2,55.34
18,206,384,109,10,2,54.65
18,206,384,110,10,2,52.36
18,206,384,111,10,2,51.22
18,206,384,112,10,2,53.04
18,206,384,113,10,2,55.92
18,206,384,114,10,2,58.57
18,206,384,115,10,2,61.0375
18,206,384,116,10,2,62.4827
18,206,384,117,10,2,63.9865
18,206,384,118,10,2,65.0583
18,206,384,119,10,2,66.3201
18,206,384,120,10,2,67.135
18,206,384,121,10,2,68.2149
18,206,384,122,10,2,68.562
18,206,384,123,10,2,69.6055
18,206,384,124,10,2,70.4556
18,206,384,125,10,2,71.5207
18,206,384,126,10,2,71.9875
18,206,384,127,10,2,72.3681
18,206,384,128,10,2,73.3002
18,206,384,129,10,2,74.218
18,206,384,130,10,2,74.8343
18,8,384,101,10,2,30.12
18,8,384,102,10,2,34.11
18,8,384,103,10,2,39.05
18,8,384,104,10,2,43.14
18,8,384,105,10,2,48.09
18,8,384,106,10,2,51.59
18,8,384,107,10,2,54.04
18,8,384,108,10,2,55.34
18,8,384,109,10,2,54.65
18,8,384,110,10,2,52.36
18,8,384,111,10,2,51.22
18,8,384,112,10,2,53.04
18,8,384,113,10,2,55.92
18,8,384,114,10,2,58.57
18,8,384,115,10,2,58.57
18,8,384,116,10,2,58.57
18,8,384,117,10,2,58.57
18,8,384,118,10,2,58.57
18,8,384,119,10,2,58.57
18,8,384,120,10,2,58.57
18,8,384,121,10,2,58.57
18,8,384,122,10,2,58.57
18,8,384,123,10,2,58.57
18,8,384,124,10,2,58.57
18,8,384,125,10,2,58.57
18,8,384,126,10,2,58.57
18,8,384,127,10,2,58.57
18,8,384,128,10,2,58.57
18,8,384,129,10,2,58.57
18,8,384,130,10,2,58.57
18,202,624,101,10,2,37.19
18,202,624,102,10,2,38.66
18,202,624,103,10,2,40.08
18,202,624,104,10,2,41.9
18,202,624,105,10,2,43.44
18,202,624,106,10,2,45.38
18,202,624,107,10,2,47.49
18,202,624,108,10,2,49.09
18,202,624,109,10,2,50.92
18,202,624,110,10,2,52.45
18,202,624,111,10,2,53.79
18,202,624,112,10,2,55.58
18,202,624,113,10,2,58.19
18,202,624,114,10,2,59.71
18,202,624,115,10,2,61.5077
18,202,624,116,10,2,63.1735
18,202,624,117,10,2,64.6074
18,202,624,118,10,2,65.9601
18,202,624,119,10,2,67.3641
18,202,624,120,10,2,68.4067
18,202,624,121,10,2,69.6532
18,202,624,122,10,2,70.4951
18,202,624,123,10,2,71.5535
18,202,624,124,10,2,72.5034
18,202,624,125,10,2,73.2033
18,202,624,126,10,2,74.0088
18,202,624,127,10,2,74.738
18,202,624,128,10,2,75.5188
18,202,624,129,10,2,76.1516
18,202,624,130,10,2,76.8613
18,204,624,101,10,2,37.19
18,204,624,102,10,2,38.66
18,204,624,103,10,2,40.08
18,204,624,104,10,2,41.9
18,204,624,105,10,2,43.44
18,204,624,106,10,2,45.38
18,204,624,107,10,2,47.49
18,204,624,108,10,2,49.09
18,204,624,109,10,2,50.92
18,204,624,110,10,2,52.45
18,204,624,111,10,2,53.79
18,204,624,112,10,2,55.58
18,204,624,113,10,2,58.19
18,204,624,114,10,2,59.71
18,204,624,115,10,2,60.0752
18,204,624,116,10,2,61.0097
18,204,624,117,10,2,61.9716
18,204,624,118,10,2,62.8555
18,204,624,119,10,2,63.6401
18,204,624,120,10,2,64.5082
18,204,624,121,10,2,65.239
18,204,624,122,10,2,65.7461
18,204,624,123,10,2,66.4753
18,204,624,124,10,2,67.024
18,204,624,125,10,2,67.6812
18,204,624,126,10,2,68.4945
18,204,624,127,10,2,68.8639
18,204,624,128,10,2,69.2264
18,204,624,129,10,2,69.7132
18,204,624,130,10,2,70.2869
18,203,624,101,10,2,37.19
18,203,624,102,10,2,38.66
18,203,624,103,10,2,40.08
18,203,624,104,10,2,41.9
18,203,624,105,10,2,43.44
18,203,624,106,10,2,45.38
18,203,624,107,10,2,47.49
18,203,624,108,10,2,49.09
18,203,624,109,10,2,50.92
18,203,624,110,10,2,52.45
18,203,624,111,10,2,53.79
18,203,624,112,10,2,55.58
18,203,624,113,10,2,58.19
18,203,624,114,10,2,59.71
18,203,624,115,10,2,62.8782
18,203,624,116,10,2,65.3019
18,203,624,117,10,2,67.5657
18,203,624,118,10,2,69.5755
18,203,624,119,10,2,71.5121
18,203,624,120,10,2,73.1529
18,203,624,121,10,2,74.6824
18,203,624,122,10,2,75.9686
18,203,624,123,10,2,77.2
18,203,624,124,10,2,78.291
18,203,624,125,10,2,79.1869
18,203,624,126,10,2,80.1621
18,203,624,127,10,2,80.9918
18,203,624,128,10,2,81.9314
18,203,624,129,10,2,82.5462
18,203,624,130,10,2,83.3657
18,207,624,101,10,2,37.19
18,207,624,102,10,2,38.66
18,207,624,103,10,2,40.08
18,207,624,104,10,2,41.9
18,207,624,105,10,2,43.44
18,207,624,106,10,2,45.38
18,207,624,107,10,2,47.49
18,207,624,108,10,2,49.09
18,207,624,109,10,2,50.92
18,207,624,110,10,2,52.45
18,207,624,111,10,2,53.79
18,207,624,112,10,2,55.58
18,207,624,113,10,2,58.19
18,207,624,114,10,2,59.71
18,207,624,115,10,2,59.2783
18,207,624,116,10,2,59.7815
18,207,624,117,10,2,60.4468
18,207,624,118,10,2,61.0435
18,207,624,119,10,2,61.8247
18,207,624,120,10,2,62.2638
18,207,624,121,10,2,62.7265
18,207,624,122,10,2,62.9369
18,207,624,123,10,2,63.8221
18,207,624,124,10,2,64.2032
18,207,624,125,10,2,64.5388
18,207,624,126,10,2,65.0621
18,207,624,127,10,2,65.8214
18,207,624,128,10,2,66.1723
18,207,624,129,10,2,66.6883
18,207,624,130,10,2,67.1471
18,206,624,101,10,2,37.19
18,206,624,102,10,2,38.66
18,206,624,103,10,2,40.08
18,206,624,104,10,2,41.9
18,206,624,105,10,2,43.44
18,206,624,106,10,2,45.38
18,206,624,107,10,2,47.49
18,206,624,108,10,2,49.09
18,206,624,109,10,2,50.92
18,206,624,110,10,2,52.45
18,206,624,111,10,2,53.79
18,206,624,112,10,2,55.58
18,206,624,113,10,2,58.19
18,206,624,114,10,2,59.71
18,206,624,115,10,2,63.6669
18,206,624,116,10,2,66.6256
18,206,624,117,10,2,68.8291
18,206,624,118,10,2,71.2721
18,206,624,119,10,2,73.6933
18,206,624,120,10,2,75.4168
18,206,624,121,10,2,77.1958
18,206,624,122,10,2,78.4538
18,206,624,123,10,2,79.6315
18,206,624,124,10,2,81.0561
18,206,624,125,10,2,82.3221
18,206,624,126,10,2,83.1253
18,206,624,127,10,2,83.9252
18,206,624,128,10,2,84.9704
18,206,624,129,10,2,85.5061
18,206,624,130,10,2,86.213
18,8,624,101,10,2,37.19
18,8,624,102,10,2,38.66
18,8,624,103,10,2,40.08
18,8,624,104,10,2,41.9
18,8,624,105,10,2,43.44
18,8,624,106,10,2,45.38
18,8,624,107,10,2,47.49
18,8,624,108,10,2,49.09
18,8,624,109,10,2,50.92
18,8,624,110,10,2,52.45
18,8,624,111,10,2,53.79
18,8,624,112,10,2,55.58
18,8,624,113,10,2,58.19
18,8,624,114,10,2,59.71
18,8,624,115,10,2,59.71
18,8,624,116,10,2,59.71
18,8,624,117,10,2,59.71
18,8,624,118,10,2,59.71
18,8,624,119,10,2,59.71
18,8,624,120,10,2,59.71
18,8,624,121,10,2,59.71
18,8,624,122,10,2,59.71
18,8,624,123,10,2,59.71
18,8,624,124,10,2,59.71
18,8,624,125,10,2,59.71
18,8,624,126,10,2,59.71
18,8,624,127,10,2,59.71
18,8,624,128,10,2,59.71
18,8,624,129,10,2,59.71
18,8,624,130,10,2,59.71
18,202,768,101,10,2,36.12
18,202,768,102,10,2,39.52
18,202,768,103,10,2,42.92
18,202,768,104,10,2,46.25
18,202,768,105,10,2,49.58
18,202,768,106,10,2,52.62
18,202,768,107,10,2,55.42
18,202,768,108,10,2,57.06
18,202,768,109,10,2,56.63
18,202,768,110,10,2,54.48
18,202,768,111,10,2,54.7
18,202,768,112,10,2,56.45
18,202,768,113,10,2,59.8
18,202,768,114,10,2,61.37
18,202,768,115,10,2,62.0612
18,202,768,116,10,2,62.7609
18,202,768,117,10,2,63.338
18,202,768,118,10,2,64.0059
18,202,768,119,10,2,64.7206
18,202,768,120,10,2,65.2025
18,202,768,121,10,2,65.9125
18,202,768,122,10,2,66.4206
18,202,768,123,10,2,66.903
18,202,768,124,10,2,67.4421
18,202,768,125,10,2,68.0765
18,202,768,126,10,2,68.6147
18,202,768,127,10,2,69.0357
18,202,768,128,10,2,69.6267
18,202,768,129,10,2,70.2171
18,202,768,130,10,2,70.7105
18,204,768,101,10,2,36.12
18,204,768,102,10,2,39.52
18,204,768,103,10,2,42.92
18,204,768,104,10,2,46.25
18,204,768,105,10,2,49.58
18,204,768,106,10,2,52.62
18,204,768,107,10,2,55.42
18,204,768,108,10,2,57.06
18,204,768,109,10,2,56.63
18,204,768,110,10,2,54.48
18,204,768,111,10,2,54.7
18,204,768,112,10,2,56.45
18,204,768,113,10,2,59.8
18,204,768,114,10,2,61.37
18,204,768,115,10,2,60.8917
18,204,768,116,10,2,60.9161
18,204,768,117,10,2,61.1216
18,204,768,118,10,2,61.5268
18,204,768,119,10,2,61.741
18,204,768,120,10,2,62.0721
18,204,768,121,10,2,62.3688
18,204,768,122,10,2,62.8994
18,204,768,123,10,2,63.1835
18,204,768,124,10,2,63.7679
18,204,768,125,10,2,63.9476
18,204,768,126,10,2,64.1907
18,204,768,127,10,2,64.5343
18,204,768,128,10,2,65.086
18,204,768,129,10,2,65.4672
18,204,768,130,10,2,65.7616
18,203,768,101,10,2,36.12
18,203,768,102,10,2,39.52
18,203,768,103,10,2,42.92
18,203,768,104,10,2,46.25
18,203,768,105,10,2,49.58
18,203,768,106,10,2,52.62
18,203,768,107,10,2,55.42
18,203,768,108,10,2,57.06
18,203,768,109,10,2,56.63
18,203,768,110,10,2,54.48
18,203,768,111,10,2,54.7
18,203,768,112,10,2,56.45
18,203,768,113,10,2,59.8
18,203,768,114,10,2,61.37
18,203,768,115,10,2,63.3319
18,203,768,116,10,2,64.4931
18,203,768,117,10,2,65.4822
18,203,768,118,10,2,66.3771
18,203,768,119,10,2,67.3542
18,203,768,120,10,2,68.1958
18,203,768,121,10,2,69.0166
18,203,768,122,10,2,69.8563
18,203,768,123,10,2,70.6741
18,203,768,124,10,2,71.5273
18,203,768,125,10,2,72.2864
18,203,768,126,10,2,72.8223
18,203,768,127,10,2,73.7474
18,203,768,128,10,2,74.3672
18,203,768,129,10,2,75.1622
18,203,768,130,10,2,75.6737
18,207,768,101,10,2,36.12
18,207,768,102,10,2,39.52
18,207,768,103,10,2,42.92
18,207,768,104,10,2,46.25
18,207,768,105,10,2,49.58
18,207,768,106,10,2,52.62
18,207,768,107,10,2,55.42
18,207,768,108,10,2,57.06
18,207,768,109,10,2,56.63
18,207,768,110,10,2,54.48
18,207,768,111,10,2,54.7
18,207,768,112,10,2,56.45
18,207,768,113,10,2,59.8
18,207,768,114,10,2,61.37
18,207,768,115,10,2,60.1328
18,207,768,116,10,2,60.0676
18,207,768,117,10,2,60.0181
18,207,768,118,10,2,60.108
18,207,768,119,10,2,60.1343
18,207,768,120,10,2,60.4087
18,207,768,121,10,2,60.4824
18,207,768,122,10,2,60.7236
18,207,768,123,10,2,61.0168
18,207,768,124,10,2,61.3102
18,207,768,125,10,2,61.8488
18,207,768,126,10,2,61.8338
18,207,768,127,10,2,62.1533
18,207,768,128,10,2,62.4565
18,207,768,129,10,2,63.0177
18,207,768,130,10,2,62.9819
18,206,768,101,10,2,36.12
18,206,768,102,10,2,39.52
18,206,768,103,10,2,42.92
18,206,768,104,10,2,46.25
18,206,768,105,10,2,49.58
18,206,768,106,10,2,52.62
18,206,768,107,10,2,55.42
18,206,768,108,10,2,57.06
18,206,768,109,10,2,56.63
18,206,768,110,10,2,54.48
18,206,768,111,10,2,54.7
18,206,768,112,10,2,56.45
18,206,768,113,10,2,59.8
18,206,768,114,10,2,61.37
18,206,768,115,10,2,64.0373
18,206,768,116,10,2,65.3475
18,206,768,117,10,2,66.6335
18,206,768,118,10,2,67.8516
18,206,768,119,10,2,68.7546
18,206,768,120,10,2,69.8603
18,206,768,121,10,2,70.8697
18,206,768,122,10,2,71.9242
18,206,768,123,10,2,72.6153
18,206,768,124,10,2,73.7034
18,206,768,125,10,2,74.4754
18,206,768,126,10,2,75.0881
18,206,768,127,10,2,76.093
18,206,768,128,10,2,76.8165
18,206,768,129,10,2,77.5919
18,206,768,130,10,2,78.1479
18,8,768,101,10,2,36.12
18,8,768,102,10,2,39.52
18,8,768,103,10,2,42.92
18,8,768,104,10,2,46.25
18,8,768,105,10,2,49.58
18,8,768,106,10,2,52.62
18,8,768,107,10,2,55.42
18,8,768,108,10,2,57.06
18,8,768,109,10,2,56.63
18,8,768,110,10,2,54.48
18,8,768,111,10,2,54.7
18,8,768,112,10,2,56.45
18,8,768,113,10,2,59.8
18,8,768,114,10,2,61.37
18,8,768,115,10,2,61.37
18,8,768,116,10,2,61.37
18,8,768,117,10,2,61.37
18,8,768,118,10,2,61.37
18,8,768,119,10,2,61.37
18,8,768,120,10,2,61.37
18,8,768,121,10,2,61.37
18,8,768,122,10,2,61.37
18,8,768,123,10,2,61.37
18,8,768,124,10,2,61.37
18,8,768,125,10,2,61.37
18,8,768,126,10,2,61.37
18,8,768,127,10,2,61.37
18,8,768,128,10,2,61.37
18,8,768,129,10,2,61.37
18,8,768,130,10,2,61.37
